5 0.644743 0.607000 0.253011 0.276981
5 0.795249 0.609819 0.258883 0.286854
5 0.766820 0.056107 0.062559 0.109966
4 0.791147 0.532626 0.165349 0.125892
4 0.587561 0.513493 0.131784 0.089623
5 0.844243 0.050302 0.056236 0.100251
5 0.104706 0.399013 0.209413 0.141437
5 0.451655 0.628560 0.074875 0.155756
7 0.017400 0.605068 0.034800 0.096504
7 0.448851 0.592086 0.041505 0.053501
4 0.761674 0.020182 0.032082 0.039243
0 0.017600 0.532867 0.027676 0.032115
5 0.033135 0.664024 0.065935 0.306602
4 0.839631 0.041145 0.027809 0.062553
0 0.421516 0.561636 0.017149 0.019783
5 0.052718 0.632341 0.104115 0.237933
5 0.506134 0.698888 0.023977 0.222905
0 0.165385 0.442148 0.086912 0.052462
