5 0.710014 0.240265 0.575506 0.479453
4 0.248318 0.421946 0.160945 0.117730
0 0.074193 0.224759 0.148387 0.145452
5 0.139943 0.313573 0.278258 0.328843
5 0.248163 0.357927 0.223146 0.240937
4 0.383106 0.402384 0.072205 0.152146
5 0.939530 0.820329 0.120579 0.357199
0 0.248080 0.282127 0.115064 0.074778
5 0.303117 0.548466 0.068648 0.135796
5 0.365452 0.343356 0.110599 0.271579
5 0.712196 0.629815 0.438866 0.300799
4 0.106133 0.424381 0.209144 0.106979
7 0.519143 0.246691 0.198364 0.476112
0 0.852994 0.230574 0.293177 0.461149
3 0.262578 0.345759 0.059965 0.042400
3 0.086842 0.338851 0.100160 0.068957
0 0.400371 0.250108 0.037109 0.074803
4 0.303721 0.512209 0.055638 0.063583
5 0.068494 0.087855 0.136627 0.175629
3 0.408884 0.315885 0.021381 0.043935
4 0.061337 0.085530 0.122505 0.169088
7 0.303143 0.511876 0.055833 0.063396
0 0.065128 0.019072 0.130256 0.038143
