5 0.809915 0.864070 0.379401 0.270497
8 0.809009 0.315821 0.381766 0.630662
8 0.235356 0.863964 0.469677 0.270069
5 0.105776 0.319577 0.211337 0.494008
4 0.077809 0.297956 0.155611 0.192142
8 0.936189 0.111761 0.127489 0.223078
0 0.795448 0.864661 0.350101 0.270212
4 0.456679 0.324767 0.179664 0.168453
5 0.237789 0.318940 0.329185 0.503369
4 0.283148 0.277693 0.143648 0.179979
0 0.469040 0.164933 0.132315 0.086723
0 0.112325 0.125684 0.123366 0.089366
0 0.283942 0.115957 0.108587 0.077026
3 0.268099 0.177001 0.051551 0.038107
5 0.440894 0.333655 0.274955 0.458068
4 0.559324 0.399861 0.119404 0.287216
3 0.449673 0.229938 0.065229 0.047617
5 0.493997 0.371096 0.248967 0.675751
3 0.118554 0.194365 0.064067 0.035871
3 0.606762 0.255157 0.028298 0.042514
3 0.606529 0.212327 0.025153 0.039076
0 0.598257 0.111250 0.040645 0.167978
