5 0.692986 0.190087 0.428203 0.378356
8 0.166582 0.610631 0.332621 0.444145
5 0.288701 0.238234 0.386484 0.282675
4 0.298729 0.277482 0.356694 0.205198
5 0.568003 0.786084 0.181587 0.407674
5 0.759947 0.533366 0.450463 0.307494
2 0.401406 0.052091 0.145555 0.103295
4 0.646105 0.108942 0.334615 0.217692
4 0.423625 0.211046 0.115269 0.209588
5 0.152473 0.132000 0.220665 0.263400
5 0.399418 0.189481 0.164398 0.376056
4 0.167786 0.054127 0.149103 0.107842
2 0.309908 0.150275 0.121624 0.067383
3 0.404301 0.149823 0.065780 0.044590
5 0.011874 0.643410 0.021716 0.048402
4 0.660612 0.404861 0.216639 0.052281
4 0.683357 0.394562 0.173319 0.031682
5 0.848316 0.185008 0.302375 0.370016
4 0.658509 0.278441 0.339789 0.202623
