5 0.700523 0.813924 0.302431 0.369541
8 0.872896 0.078457 0.100781 0.132217
4 0.341058 0.075170 0.118459 0.150266
8 0.380785 0.803072 0.192427 0.193277
8 0.877802 0.525745 0.239004 0.208058
5 0.334041 0.430947 0.241381 0.393832
8 0.931542 0.487720 0.136337 0.278702
5 0.478915 0.145881 0.140184 0.291709
5 0.068154 0.276224 0.135417 0.346878
4 0.157087 0.520413 0.307429 0.218064
5 0.343816 0.153783 0.165238 0.307566
8 0.375938 0.696828 0.153588 0.137889
5 0.179296 0.099972 0.108216 0.198271
4 0.486594 0.057750 0.120319 0.114799
5 0.209519 0.477402 0.419038 0.303327
2 0.187829 0.370619 0.117481 0.060362
2 0.512992 0.181569 0.073590 0.123564
4 0.324019 0.439983 0.122522 0.193411
4 0.062406 0.239156 0.123732 0.136658
4 0.190117 0.025855 0.075133 0.051160
2 0.286467 0.291200 0.117296 0.074502
5 0.484812 0.387399 0.130136 0.481761
3 0.282997 0.385287 0.051314 0.035177
5 0.409720 0.698409 0.013453 0.016770
3 0.289883 0.379324 0.066486 0.039028
8 0.390472 0.745324 0.165644 0.092605
2 0.522668 0.329347 0.054335 0.141456
2 0.518809 0.571157 0.062533 0.112778
