5 0.214484 0.698960 0.428641 0.596953
5 0.715038 0.744508 0.569426 0.510482
5 0.282664 0.253684 0.290460 0.291091
4 0.321630 0.291168 0.133317 0.173958
5 0.713933 0.519755 0.571310 0.239094
3 0.876147 0.812138 0.247082 0.211212
9 0.645872 0.200318 0.434386 0.400263
0 0.310286 0.160191 0.075326 0.063704
4 0.215402 0.846783 0.426594 0.305609
2 0.843339 0.603880 0.267929 0.158485
4 0.745407 0.501630 0.492569 0.199468
1 0.113671 0.708079 0.227168 0.577478
3 0.711969 0.432734 0.221239 0.065944
6 0.902431 0.026202 0.056829 0.051771
3 0.314592 0.201452 0.038518 0.030535
4 0.783837 0.942575 0.429929 0.114724
