2 0.826571 0.659776 0.068907 0.097107
5 0.829138 0.298204 0.309939 0.303509
4 0.734539 0.651436 0.083575 0.152711
8 0.697461 0.725630 0.580750 0.548694
0 0.771848 0.201767 0.127118 0.095667
4 0.798433 0.376421 0.204777 0.147212
5 0.480641 0.243750 0.153202 0.414716
0 0.473053 0.085080 0.112059 0.083286
4 0.821240 0.869227 0.104454 0.227989
4 0.109674 0.035020 0.120934 0.069553
5 0.810791 0.805624 0.149960 0.386431
4 0.469735 0.295274 0.117747 0.246530
5 0.102102 0.150808 0.203830 0.301551
3 0.783434 0.280644 0.071644 0.052875
3 0.469906 0.164184 0.066999 0.051729
3 0.725379 0.594918 0.029364 0.040721
5 0.735000 0.717225 0.108898 0.423338
2 0.727824 0.523796 0.040713 0.047190
3 0.800864 0.729897 0.019003 0.039670
5 0.053567 0.138173 0.107134 0.276347
