8 0.719703 0.200862 0.557888 0.399870
8 0.217942 0.701250 0.435810 0.597380
4 0.876191 0.683320 0.120782 0.204152
5 0.564050 0.865392 0.215431 0.269217
5 0.877625 0.714359 0.161286 0.440090
5 0.712970 0.708751 0.111581 0.276404
4 0.716698 0.654952 0.075528 0.071499
0 0.492179 0.773778 0.073150 0.074714
4 0.590790 0.882987 0.145740 0.135360
5 0.868909 0.929827 0.249363 0.139850
2 0.827740 0.921088 0.122456 0.082493
5 0.128972 0.095297 0.239690 0.190403
2 0.871576 0.517986 0.062696 0.039604
7 0.655437 0.355238 0.023498 0.048359
2 0.705029 0.586294 0.037657 0.023437
3 0.864686 0.572039 0.034903 0.035006
5 0.647810 0.348230 0.054983 0.104290
3 0.499463 0.829939 0.029770 0.034228
4 0.977427 0.651932 0.044981 0.163688
5 0.970716 0.717993 0.058335 0.389448
2 0.906827 0.972407 0.063277 0.054553
3 0.703224 0.613233 0.022171 0.018169
3 0.827434 0.991738 0.066303 0.016524
2 0.722233 0.988170 0.120271 0.023647
