5 0.300236 0.789059 0.598700 0.421881
9 0.799392 0.790922 0.400163 0.417233
5 0.207670 0.289210 0.297164 0.578421
0 0.262095 0.043724 0.214262 0.086662
4 0.196681 0.376398 0.266365 0.401980
5 0.078567 0.288556 0.156136 0.576268
1 0.352237 0.811073 0.484736 0.250186
3 0.283074 0.161038 0.102701 0.062319
8 0.791883 0.349480 0.378591 0.458362
4 0.074001 0.326516 0.148003 0.486001
6 0.929774 0.676293 0.032411 0.069082
4 0.300649 0.946498 0.600259 0.106696
3 0.055116 0.015327 0.110232 0.030647
2 0.358045 0.605071 0.475727 0.052547
