8 0.763989 0.265240 0.470757 0.528999
5 0.765481 0.770741 0.468737 0.457898
5 0.411826 0.309698 0.235158 0.439163
0 0.394432 0.174792 0.210466 0.147729
4 0.435778 0.419160 0.187561 0.220618
1 0.741502 0.914555 0.414147 0.170591
4 0.348238 0.613593 0.088043 0.161610
2 0.701805 0.720344 0.343283 0.288385
5 0.250628 0.693380 0.164506 0.324607
5 0.382531 0.707659 0.204219 0.356728
4 0.269941 0.639583 0.063471 0.096248
0 0.241135 0.560403 0.048341 0.058315
5 0.193244 0.645164 0.118679 0.231515
3 0.385507 0.310246 0.104879 0.069850
4 0.186388 0.568865 0.053715 0.076889
8 0.022451 0.673678 0.044881 0.282948
