8 0.775386 0.705237 0.448399 0.589526
0 0.236002 0.537352 0.221295 0.116255
7 0.287363 0.150536 0.272819 0.281623
5 0.198945 0.737677 0.287142 0.523083
4 0.199194 0.855053 0.244055 0.289894
5 0.283005 0.205107 0.337817 0.408645
7 0.436889 0.136458 0.137931 0.244833
5 0.395606 0.206010 0.288106 0.411109
3 0.265992 0.675313 0.106035 0.066229
5 0.059742 0.705401 0.119052 0.588874
4 0.066434 0.801954 0.132867 0.395598
5 0.653858 0.627375 0.066253 0.144139
5 0.852256 0.345860 0.069138 0.126056
0 0.345162 0.025784 0.148699 0.051518
8 0.748441 0.515755 0.391970 0.207425
7 0.572479 0.610177 0.023358 0.049254
0 0.203970 0.026705 0.142849 0.053404
3 0.039384 0.496793 0.078571 0.130890
4 0.854628 0.319966 0.037432 0.059466
2 0.831347 0.350433 0.018461 0.020005
5 0.623993 0.317920 0.015705 0.041504
5 0.606644 0.318401 0.016515 0.051665
5 0.612860 0.317416 0.017468 0.049174
4 0.836821 0.382638 0.028115 0.040479
5 0.478555 0.021863 0.137508 0.043611
0 0.570627 0.574210 0.013431 0.018098
3 0.044209 0.453223 0.088309 0.085912
4 0.031410 0.806128 0.062821 0.387743
4 0.853934 0.330578 0.030750 0.043827
5 0.572903 0.612901 0.031335 0.098159
5 0.626166 0.321180 0.014278 0.029504
8 0.908481 0.525096 0.182497 0.228683
