8 0.809126 0.215082 0.381447 0.429919
5 0.402666 0.214183 0.316888 0.427692
7 0.396266 0.139374 0.251929 0.269932
7 0.416393 0.922598 0.101262 0.154798
5 0.295709 0.214825 0.261099 0.429650
7 0.244785 0.130168 0.126448 0.249232
8 0.848711 0.710781 0.301845 0.563894
5 0.409448 0.875095 0.127994 0.249227
0 0.597419 0.774612 0.046975 0.056186
0 0.420127 0.779142 0.055578 0.050901
5 0.580673 0.870910 0.086439 0.258146
7 0.587049 0.922890 0.071195 0.152339
5 0.734959 0.109382 0.059872 0.209823
7 0.744855 0.066635 0.029820 0.063210
3 0.602438 0.834181 0.032636 0.032053
3 0.419455 0.833748 0.035665 0.029252
0 0.322708 0.021454 0.116193 0.042884
5 0.050549 0.882243 0.101039 0.235454
4 0.026294 0.921042 0.051942 0.157460
3 0.031647 0.857798 0.023994 0.029846
0 0.475577 0.022397 0.119057 0.044794
0 0.022544 0.809582 0.045072 0.055637
2 0.020294 0.809088 0.040292 0.058046
8 0.853691 0.579317 0.291985 0.299134
5 0.940725 0.568169 0.024002 0.041894
3 0.034566 0.864995 0.024597 0.030627
