9 0.299744 0.758798 0.598842 0.482178
5 0.324017 0.259220 0.423787 0.518025
5 0.415188 0.177488 0.311380 0.354871
7 0.290724 0.078815 0.297273 0.156322
8 0.800526 0.250389 0.394532 0.435013
6 0.885642 0.790630 0.036933 0.071857
9 0.856167 0.881921 0.287481 0.235326
7 0.441834 0.050270 0.126320 0.100257
6 0.648121 0.922395 0.046658 0.084409
6 0.582105 0.785647 0.036444 0.110894
6 0.363302 0.678404 0.027947 0.060725
6 0.544141 0.642004 0.019257 0.041303
6 0.022409 0.787707 0.044818 0.088568
6 0.211682 0.664149 0.019570 0.045069
6 0.114096 0.669175 0.015237 0.038208
6 0.507944 0.609678 0.012333 0.029546
6 0.046305 0.662879 0.012734 0.032050
6 0.267036 0.618209 0.012195 0.030848
6 0.422785 0.622062 0.014147 0.039394
6 0.206371 0.619416 0.009864 0.026377
6 0.337634 0.619944 0.012876 0.032392
6 0.068408 0.677991 0.012980 0.038880
6 0.111948 0.667319 0.013720 0.033477
6 0.159163 0.626862 0.010361 0.019014
6 0.426304 0.625398 0.015183 0.043001
6 0.423551 0.635538 0.015629 0.049809
6 0.044697 0.655852 0.014312 0.032945
6 0.107905 0.630034 0.009224 0.020729
