5 0.763840 0.804472 0.470329 0.388841
8 0.264935 0.815100 0.528597 0.369753
5 0.823667 0.302375 0.341884 0.604136
4 0.792652 0.184975 0.159157 0.197760
6 0.621048 0.490334 0.182332 0.239562
4 0.880164 0.285332 0.239500 0.360215
5 0.097340 0.507137 0.194471 0.206421
4 0.070536 0.549423 0.120908 0.116380
1 0.793046 0.821256 0.413432 0.346912
5 0.325221 0.527008 0.362548 0.166620
0 0.107673 0.453234 0.076607 0.059149
0 0.227701 0.537797 0.048449 0.049840
0 0.305275 0.492205 0.093781 0.056947
2 0.955680 0.042372 0.087987 0.084733
4 0.764460 0.930740 0.468665 0.137789
3 0.088284 0.490445 0.032899 0.029248
3 0.229320 0.576313 0.027706 0.022097
2 0.863370 0.034174 0.133184 0.067586
5 0.242231 0.560271 0.139119 0.098798
5 0.942982 0.309252 0.113438 0.599060
5 0.892434 0.044888 0.213999 0.088466
5 0.311001 0.557130 0.263157 0.103933
2 0.882743 0.045676 0.193761 0.090343
4 0.748416 0.960093 0.483593 0.079814
0 0.009478 0.228102 0.018070 0.046641
4 0.237707 0.596700 0.074221 0.027299
