8 0.159456 0.574509 0.318892 0.491798
8 0.498617 0.164558 0.356887 0.328814
5 0.414093 0.603968 0.188000 0.462797
4 0.400399 0.571411 0.158939 0.186905
4 0.561072 0.608531 0.128230 0.190751
5 0.850611 0.844393 0.214501 0.311098
2 0.579646 0.455605 0.068681 0.041934
4 0.825616 0.830892 0.146511 0.139236
5 0.562686 0.642451 0.180088 0.422375
0 0.920848 0.731829 0.078873 0.070810
5 0.517970 0.884943 0.293620 0.230114
5 0.724307 0.657687 0.114979 0.283876
2 0.425735 0.413657 0.082219 0.061500
4 0.720645 0.601062 0.078340 0.069446
3 0.420458 0.474119 0.046029 0.034269
2 0.597869 0.848625 0.114706 0.077515
0 0.275102 0.272771 0.089495 0.110453
2 0.370152 0.711265 0.098917 0.122735
4 0.557235 0.950277 0.145964 0.099392
5 0.389221 0.818635 0.142011 0.360922
2 0.688294 0.931675 0.116461 0.058652
2 0.735221 0.534137 0.035832 0.025996
3 0.584101 0.509445 0.034481 0.034569
5 0.636095 0.946745 0.510455 0.105435
3 0.592720 0.938673 0.051940 0.038253
3 0.918627 0.779313 0.034601 0.034287
3 0.736754 0.559457 0.022100 0.016451
5 0.243614 0.270257 0.153382 0.118331
3 0.334934 0.789270 0.029151 0.033912
5 0.698316 0.948538 0.235992 0.102448
5 0.232334 0.374056 0.022385 0.039244
5 0.395279 0.736712 0.150043 0.190404
4 0.363600 0.882957 0.091477 0.229175
4 0.364188 0.835489 0.089112 0.123266
2 0.363984 0.841584 0.086009 0.118940
