8 0.230804 0.643950 0.359635 0.466606
5 0.327660 0.487296 0.085563 0.109314
5 0.683312 0.702396 0.346478 0.587624
7 0.900236 0.296360 0.078199 0.129042
5 0.923679 0.706423 0.152552 0.586482
7 0.652002 0.275517 0.072426 0.134849
7 0.968569 0.281719 0.062103 0.122917
7 0.807270 0.298152 0.068479 0.125719
7 0.721349 0.302399 0.072794 0.139052
7 0.511012 0.311636 0.081034 0.161169
4 0.692126 0.724552 0.258189 0.540319
0 0.944145 0.169384 0.032377 0.031161
3 0.729562 0.433580 0.079849 0.050313
5 0.654456 0.278841 0.090139 0.263843
6 0.344927 0.835905 0.082776 0.189379
6 0.077360 0.851886 0.112029 0.244296
0 0.822687 0.141936 0.029173 0.030692
5 0.962363 0.287861 0.074992 0.246506
5 0.902285 0.289441 0.099505 0.242358
5 0.856988 0.284922 0.069007 0.254098
0 0.856162 0.175249 0.031247 0.032270
0 0.981133 0.186656 0.034009 0.036484
0 0.895103 0.189147 0.036469 0.036336
0 0.652094 0.160920 0.035230 0.036071
0 0.589448 0.199875 0.038135 0.042541
0 0.811917 0.192964 0.035046 0.034905
3 0.965439 0.498554 0.067446 0.117469
7 0.560034 0.232649 0.050791 0.090234
7 0.324591 0.504419 0.057828 0.075474
5 0.511680 0.279613 0.099596 0.261872
7 0.589041 0.322000 0.067721 0.152650
5 0.588291 0.295408 0.086635 0.227264
0 0.775033 0.164063 0.029280 0.032570
7 0.857412 0.268729 0.059370 0.104146
0 0.911887 0.151852 0.025341 0.029268
0 0.511841 0.170166 0.045163 0.037885
3 0.513064 0.209732 0.026410 0.021346
0 0.567807 0.136504 0.036545 0.034899
7 0.013144 0.601746 0.026287 0.126655
0 0.744378 0.153797 0.027312 0.027788
7 0.766385 0.267264 0.055586 0.120169
5 0.810940 0.288716 0.086626 0.241362
4 0.945972 0.776177 0.107978 0.444141
2 0.324666 0.443132 0.026112 0.022413
5 0.689650 0.282799 0.055849 0.258571
0 0.688187 0.173196 0.031037 0.031470
3 0.855412 0.205455 0.019144 0.017319
3 0.323669 0.466908 0.017895 0.016480
5 0.718873 0.287636 0.085827 0.244558
0 0.724607 0.186756 0.033121 0.034289
3 0.944478 0.202335 0.019129 0.015835
5 0.765910 0.278536 0.068403 0.251840
3 0.652775 0.202069 0.022940 0.019148
5 0.937955 0.280801 0.075483 0.260722
3 0.896026 0.229299 0.021080 0.016921
3 0.811728 0.228369 0.022135 0.018046
5 0.563489 0.276131 0.065244 0.265755
3 0.978146 0.223995 0.023834 0.018329
3 0.725026 0.227576 0.021910 0.020047
3 0.567404 0.176963 0.023331 0.020977
7 0.764220 0.284308 0.031388 0.119970
7 0.939370 0.232202 0.058264 0.046665
3 0.595319 0.238385 0.017804 0.016442
5 0.821308 0.175431 0.050840 0.109076
3 0.774623 0.199762 0.020152 0.017500
7 0.817436 0.209543 0.060608 0.058767
5 0.017806 0.663507 0.035611 0.376420
3 0.688073 0.211446 0.021367 0.018440
3 0.822439 0.174145 0.015893 0.014832
3 0.914534 0.180453 0.014435 0.016505
7 0.923389 0.217452 0.033450 0.026287
5 0.748722 0.291862 0.075510 0.235119
3 0.974595 0.219974 0.022387 0.021835
7 0.688389 0.278803 0.048402 0.130203
3 0.689776 0.215259 0.020434 0.015579
0 0.709631 0.181828 0.012765 0.023144
7 0.795617 0.218548 0.028688 0.050858
0 0.725439 0.205063 0.037468 0.063560
5 0.913340 0.182916 0.044380 0.097643
5 0.829369 0.194794 0.039204 0.130094
