8 0.819014 0.250648 0.360805 0.499027
5 0.447845 0.296806 0.324726 0.385443
0 0.408421 0.173064 0.132980 0.113062
8 0.819557 0.098942 0.358529 0.197473
7 0.452779 0.361838 0.255005 0.212817
7 0.305980 0.762826 0.061644 0.167838
9 0.098643 0.858080 0.195260 0.166255
0 0.217646 0.608817 0.068672 0.100541
7 0.259276 0.824048 0.133921 0.292715
8 0.817613 0.831436 0.359483 0.334641
5 0.769969 0.213449 0.069796 0.126347
5 0.286135 0.755479 0.141944 0.486829
3 0.410541 0.280400 0.068125 0.049361
0 0.299206 0.636080 0.026604 0.049065
3 0.250712 0.641544 0.024842 0.058051
7 0.700315 0.202704 0.024759 0.046502
5 0.312467 0.827305 0.110508 0.343531
5 0.295985 0.723921 0.103538 0.357419
0 0.272725 0.632489 0.043402 0.069226
