5 0.855165 0.776219 0.288164 0.375015
5 0.457169 0.295293 0.266010 0.589934
1 0.381038 0.919868 0.126030 0.137763
2 0.333998 0.733872 0.141914 0.152271
5 0.395237 0.807460 0.393382 0.382451
4 0.495413 0.175902 0.188739 0.332605
2 0.166403 0.780949 0.207066 0.163368
5 0.224508 0.819804 0.449016 0.359298
5 0.274240 0.675361 0.122972 0.173573
5 0.509456 0.795145 0.158447 0.409280
2 0.277763 0.623926 0.094904 0.068270
5 0.076171 0.794444 0.152282 0.409172
3 0.206895 0.974198 0.092841 0.051603
1 0.035383 0.761579 0.070684 0.193108
3 0.257456 0.714616 0.043603 0.052624
3 0.552475 0.020754 0.069514 0.041509
2 0.032496 0.620236 0.063675 0.061254
4 0.070977 0.852840 0.141954 0.293478
4 0.418186 0.970884 0.292126 0.058232
