5 0.424952 0.857691 0.349907 0.283997
8 0.760339 0.638290 0.115608 0.290578
5 0.206700 0.847596 0.235436 0.304647
4 0.176235 0.843751 0.112709 0.137009
5 0.099944 0.214945 0.199739 0.429890
5 0.899291 0.240840 0.051977 0.147682
0 0.066046 0.529441 0.091398 0.090766
5 0.074531 0.727206 0.148152 0.545107
8 0.653420 0.483571 0.096896 0.106699
7 0.483069 0.909230 0.211876 0.141970
0 0.419351 0.761709 0.105776 0.055264
4 0.366273 0.892194 0.075017 0.073852
0 0.216066 0.735806 0.075460 0.060578
5 0.368486 0.862920 0.112930 0.151723
8 0.953013 0.159501 0.093973 0.157950
4 0.899594 0.216701 0.028653 0.055256
0 0.343201 0.811999 0.042609 0.042139
3 0.040234 0.576930 0.053049 0.044947
4 0.069285 0.047000 0.138571 0.093752
3 0.197239 0.774563 0.032366 0.027271
3 0.348039 0.848997 0.025970 0.023841
5 0.551171 0.193632 0.096112 0.387187
3 0.415132 0.793794 0.049688 0.031215
2 0.905874 0.173645 0.013561 0.013916
3 0.194203 0.767664 0.029774 0.026668
