5 0.751822 0.204858 0.494714 0.408987
5 0.314756 0.205607 0.378977 0.409598
1 0.824699 0.201309 0.348862 0.402428
4 0.369778 0.204228 0.255601 0.405376
8 0.737681 0.695541 0.473328 0.570888
5 0.734819 0.556032 0.091758 0.112596
6 0.900184 0.884292 0.070079 0.161731
7 0.733265 0.570981 0.059193 0.082805
6 0.775323 0.910456 0.098633 0.179073
4 0.059186 0.371285 0.098831 0.076081
2 0.728424 0.509566 0.029551 0.020832
3 0.728944 0.536994 0.019157 0.016782
2 0.074322 0.289846 0.042501 0.032246
5 0.079179 0.329795 0.141184 0.160769
3 0.725828 0.530659 0.021574 0.015188
5 0.953151 0.719507 0.024157 0.059278
2 0.129633 0.319509 0.026987 0.025522
