5 0.209764 0.813888 0.418353 0.371298
6 0.853518 0.315363 0.292691 0.629138
1 0.296572 0.732830 0.211884 0.209372
7 0.361799 0.214187 0.113824 0.178810
0 0.353533 0.084641 0.079260 0.050684
0 0.107902 0.108751 0.090223 0.057157
7 0.103807 0.234936 0.128977 0.169921
6 0.590185 0.286311 0.343520 0.571873
4 0.253311 0.933134 0.335142 0.133639
5 0.096105 0.292085 0.186130 0.430298
5 0.355675 0.289539 0.126374 0.472926
3 0.343580 0.127640 0.035678 0.024364
3 0.111356 0.148479 0.031141 0.025232
5 0.400277 0.099685 0.036694 0.085872
0 0.404243 0.071494 0.027679 0.037021
0 0.399144 0.076991 0.024662 0.028374
5 0.407263 0.104674 0.023870 0.068384
5 0.400487 0.130497 0.036456 0.157708
