5 0.760028 0.802339 0.478660 0.394611
6 0.146677 0.790001 0.292439 0.418621
8 0.763501 0.292292 0.472853 0.580911
6 0.349321 0.788849 0.340607 0.421988
8 0.927293 0.406027 0.145413 0.312317
7 0.460997 0.171261 0.119406 0.192832
5 0.197949 0.198918 0.218858 0.397765
7 0.211194 0.116759 0.143325 0.173653
5 0.441114 0.245222 0.157038 0.481177
2 0.762769 0.785976 0.474461 0.237369
5 0.867524 0.496647 0.056849 0.092658
0 0.487699 0.037336 0.064818 0.053966
1 0.756529 0.935215 0.472371 0.128574
5 0.837994 0.274952 0.029184 0.077487
7 0.841747 0.260078 0.015764 0.029334
3 0.476456 0.074555 0.038034 0.026466
3 0.243008 0.036415 0.033057 0.026271
0 0.250588 0.012110 0.090639 0.024204
4 0.869163 0.493525 0.023603 0.033294
