5 0.139484 0.786160 0.278586 0.426969
7 0.070264 0.279763 0.140397 0.177364
5 0.080091 0.294930 0.160182 0.368085
0 0.088169 0.145288 0.095731 0.058188
8 0.838082 0.117048 0.279367 0.233775
2 0.177804 0.731777 0.202718 0.250304
8 0.530401 0.726083 0.506233 0.499625
3 0.089703 0.186357 0.033402 0.026942
5 0.572817 0.523558 0.052603 0.090482
1 0.171344 0.941355 0.217547 0.117209
7 0.558450 0.507944 0.019638 0.039599
7 0.564576 0.506480 0.020722 0.039036
8 0.905676 0.532666 0.082306 0.101074
7 0.594871 0.502695 0.034418 0.046631
