8 0.809306 0.734479 0.381187 0.528624
4 0.321965 0.172935 0.163287 0.304763
5 0.476440 0.234021 0.286110 0.467820
5 0.123657 0.235063 0.225234 0.469465
5 0.308115 0.234605 0.263702 0.469089
4 0.490830 0.241476 0.195593 0.385903
4 0.124601 0.176421 0.153946 0.349880
3 0.519246 0.040780 0.056813 0.054415
3 0.357399 0.017984 0.054881 0.035969
4 0.039208 0.211326 0.078390 0.422525
5 0.050525 0.234271 0.100828 0.468542
8 0.365102 0.557306 0.498082 0.177905
5 0.561509 0.238047 0.119751 0.460683
8 0.480796 0.550160 0.274169 0.162480
8 0.697047 0.759612 0.153704 0.478241
4 0.592556 0.267791 0.051825 0.396438
