5 0.346954 0.819621 0.402160 0.360654
5 0.428813 0.346912 0.301395 0.587982
0 0.227591 0.365057 0.189353 0.239578
0 0.426659 0.150945 0.158684 0.178683
8 0.901422 0.790747 0.194057 0.296446
4 0.245366 0.721201 0.176633 0.164640
4 0.441775 0.461164 0.250795 0.360074
5 0.219399 0.438286 0.296239 0.398798
8 0.777960 0.705086 0.089327 0.118792
4 0.244737 0.591271 0.221630 0.094653
5 0.621068 0.429763 0.020445 0.048168
5 0.757219 0.369345 0.016329 0.034248
8 0.779376 0.278736 0.038217 0.057865
3 0.196581 0.535470 0.044276 0.056432
9 0.731903 0.270256 0.019902 0.021182
9 0.749963 0.292486 0.022163 0.021713
8 0.703491 0.296989 0.019988 0.035749
8 0.618780 0.516641 0.073359 0.106424
8 0.590983 0.326577 0.024196 0.043992
