8 0.844343 0.684947 0.310896 0.449993
5 0.523730 0.184833 0.337427 0.369666
8 0.889276 0.124822 0.220942 0.248897
0 0.345099 0.075212 0.176100 0.150035
4 0.326816 0.284775 0.204115 0.168499
5 0.313732 0.184922 0.334054 0.369456
4 0.529882 0.185570 0.289708 0.369981
5 0.324146 0.752099 0.054362 0.182193
5 0.441262 0.828947 0.057583 0.209787
8 0.433328 0.692328 0.030618 0.031907
9 0.127834 0.686953 0.035906 0.031220
0 0.458862 0.739656 0.018334 0.027623
3 0.303762 0.191539 0.039108 0.051895
4 0.328620 0.710649 0.027664 0.050678
9 0.406665 0.701417 0.030005 0.030883
5 0.062551 0.236450 0.124730 0.265125
9 0.165517 0.683675 0.032423 0.024681
9 0.195581 0.676434 0.025159 0.021841
0 0.333407 0.673618 0.017999 0.019083
9 0.455107 0.707399 0.025224 0.029494
0 0.014565 0.197480 0.029130 0.155649
