5 0.233925 0.781891 0.467849 0.434644
5 0.752844 0.779390 0.493144 0.440550
5 0.659113 0.278336 0.379725 0.554331
4 0.788693 0.781780 0.408254 0.436272
1 0.250631 0.907924 0.440271 0.184118
4 0.077661 0.060855 0.154895 0.120930
4 0.146689 0.400205 0.292997 0.308529
4 0.576284 0.324311 0.215508 0.462494
5 0.191491 0.323151 0.382515 0.469643
2 0.234628 0.691944 0.469256 0.247826
2 0.122905 0.133086 0.164131 0.069715
9 0.234436 0.254943 0.468872 0.508586
3 0.120377 0.239610 0.126962 0.058422
1 0.519873 0.069741 0.101134 0.139085
5 0.106817 0.073787 0.212998 0.146840
5 0.395935 0.283404 0.147930 0.543475
0 0.432403 0.092959 0.071694 0.145147
3 0.451490 0.196618 0.037500 0.061896
4 0.418799 0.395177 0.099677 0.303596
5 0.107915 0.230741 0.215831 0.459523
1 0.435441 0.086728 0.068340 0.173017
5 0.309607 0.276338 0.319475 0.552675
5 0.086589 0.134087 0.173179 0.268175
