5 0.243343 0.175023 0.483592 0.349985
8 0.715240 0.630705 0.450367 0.558042
5 0.240937 0.466076 0.336621 0.230512
8 0.947816 0.883660 0.104368 0.232680
5 0.556216 0.132612 0.132039 0.265204
4 0.196467 0.144930 0.390948 0.289305
9 0.768456 0.559702 0.035869 0.035144
5 0.070222 0.175558 0.140373 0.349008
8 0.947277 0.803499 0.105369 0.224223
5 0.577538 0.644667 0.035690 0.059427
4 0.550391 0.037658 0.121821 0.075208
5 0.372159 0.175913 0.235487 0.349428
4 0.046452 0.221159 0.092595 0.249719
7 0.550759 0.037477 0.122034 0.074955
