8 0.800167 0.251477 0.399666 0.501085
8 0.445574 0.778765 0.310389 0.440152
4 0.316758 0.101643 0.224633 0.200720
4 0.288792 0.333250 0.237499 0.218905
1 0.826594 0.807824 0.160073 0.241323
8 0.237117 0.880919 0.315063 0.237992
5 0.245645 0.344922 0.356560 0.432489
5 0.298882 0.155486 0.257037 0.310972
0 0.228918 0.180899 0.162684 0.086023
5 0.839204 0.780000 0.319949 0.439060
4 0.462255 0.058862 0.070783 0.074862
9 0.563207 0.873942 0.067217 0.043514
2 0.798934 0.591778 0.166105 0.064410
5 0.188137 0.941849 0.049249 0.080555
5 0.458175 0.056759 0.088863 0.102949
5 0.712102 0.786361 0.224315 0.427278
4 0.870122 0.949166 0.256252 0.101669
3 0.210685 0.240372 0.039337 0.032564
4 0.707105 0.942480 0.209603 0.114742
3 0.217693 0.022505 0.051686 0.040417
5 0.932931 0.780056 0.134116 0.435582
4 0.661679 0.821409 0.124351 0.353643
