4 0.470381 0.368385 0.232282 0.224911
8 0.844164 0.126610 0.311672 0.253011
8 0.297579 0.822327 0.593561 0.354894
5 0.448067 0.392322 0.282987 0.393916
5 0.388973 0.499724 0.395269 0.197991
0 0.375851 0.457917 0.172821 0.102867
0 0.368616 0.259314 0.135558 0.109956
4 0.436087 0.553438 0.257354 0.092361
0 0.812269 0.831961 0.115356 0.088493
5 0.600456 0.308785 0.081495 0.142299
8 0.930432 0.263131 0.139082 0.476928
5 0.883982 0.888073 0.231765 0.223663
4 0.608560 0.321135 0.058545 0.080319
3 0.847958 0.933048 0.072082 0.064320
0 0.767878 0.931855 0.081653 0.069224
0 0.593706 0.256179 0.063899 0.034520
5 0.323402 0.885862 0.057058 0.071324
7 0.319413 0.886213 0.039728 0.054002
0 0.685195 0.957019 0.093907 0.085944
5 0.924725 0.939485 0.042712 0.052986
3 0.365035 0.289620 0.043187 0.035537
3 0.354873 0.528561 0.037696 0.037661
5 0.767927 0.096320 0.030070 0.055844
5 0.836194 0.698772 0.231731 0.195317
5 0.811440 0.942010 0.248378 0.115729
0 0.682596 0.978974 0.094401 0.042052
0 0.941832 0.889097 0.037949 0.082805
5 0.966711 0.888814 0.066417 0.216313
5 0.941128 0.911302 0.045394 0.127082
4 0.905654 0.972924 0.183670 0.054146
0 0.737877 0.977394 0.036772 0.045167
5 0.786806 0.945328 0.131286 0.108277
0 0.922962 0.939381 0.040713 0.047927
4 0.978198 0.945948 0.043599 0.107369
4 0.867238 0.681856 0.138276 0.160158
4 0.974115 0.904751 0.051471 0.190498
5 0.914288 0.939706 0.035387 0.054175
5 0.738973 0.978488 0.032621 0.043011
5 0.942770 0.930649 0.042680 0.066594
0 0.966999 0.839150 0.066003 0.136790
