5 0.268983 0.713165 0.537636 0.567932
8 0.774634 0.225276 0.450108 0.406976
5 0.736312 0.713449 0.368321 0.573102
5 0.864498 0.713962 0.269994 0.572077
5 0.406826 0.313648 0.285245 0.231660
4 0.435382 0.349067 0.223124 0.161259
1 0.883878 0.748402 0.167614 0.251816
1 0.620727 0.756584 0.137414 0.207440
1 0.203003 0.492115 0.236238 0.124077
2 0.616170 0.517902 0.130921 0.176784
4 0.232351 0.777794 0.443262 0.444251
2 0.843486 0.497715 0.179918 0.138289
0 0.341822 0.283707 0.133497 0.121309
5 0.746511 0.349239 0.126706 0.140604
4 0.921291 0.910360 0.157263 0.179280
4 0.728536 0.919157 0.286538 0.160759
3 0.341218 0.314996 0.046282 0.036781
2 0.704673 0.295966 0.030148 0.021358
5 0.523962 0.305017 0.053972 0.123069
0 0.531130 0.266338 0.036981 0.042833
