5 0.872812 0.355849 0.254087 0.306536
4 0.600202 0.365540 0.100574 0.286913
7 0.901126 0.333746 0.172786 0.196163
8 0.219746 0.755321 0.439154 0.488209
7 0.430517 0.367337 0.172254 0.272939
5 0.406005 0.316276 0.310969 0.387292
5 0.568306 0.256454 0.163112 0.510904
0 0.554106 0.127343 0.079612 0.051171
0 0.777921 0.296488 0.075038 0.132281
0 0.435086 0.177713 0.078053 0.097505
3 0.562601 0.208491 0.046222 0.056819
3 0.810556 0.339268 0.028682 0.053827
5 0.017441 0.793856 0.034873 0.086797
3 0.433777 0.193927 0.036169 0.044647
