5 0.271372 0.749755 0.542551 0.499805
5 0.769428 0.249313 0.458295 0.498467
5 0.770789 0.749514 0.457096 0.499809
4 0.272003 0.905181 0.544006 0.189568
7 0.202782 0.379084 0.204413 0.244634
5 0.210998 0.317280 0.370247 0.363630
1 0.200930 0.690465 0.401060 0.377334
1 0.765672 0.304414 0.444906 0.386189
5 0.082974 0.251090 0.165445 0.501610
2 0.771426 0.079005 0.452324 0.157441
3 0.616587 0.683253 0.155544 0.365738
4 0.042556 0.362810 0.085039 0.274226
0 0.204863 0.201731 0.092113 0.110011
0 0.078348 0.138670 0.085159 0.060087
7 0.771409 0.847529 0.455028 0.304942
3 0.064890 0.223263 0.048320 0.060319
4 0.770086 0.417898 0.459231 0.162454
3 0.207185 0.222444 0.041635 0.049362
