5 0.164397 0.305706 0.328793 0.611140
8 0.529297 0.709869 0.377907 0.199609
8 0.467548 0.115609 0.242287 0.231218
8 0.600257 0.284267 0.520765 0.566809
8 0.803361 0.803723 0.282600 0.388968
4 0.096045 0.189636 0.185223 0.375680
8 0.061739 0.857689 0.122843 0.284621
8 0.965160 0.438794 0.069478 0.341516
9 0.464863 0.692523 0.069240 0.040102
5 0.864706 0.729051 0.041965 0.088972
4 0.178799 0.066454 0.094060 0.130485
5 0.042690 0.845074 0.044357 0.094429
2 0.285043 0.034911 0.104873 0.069749
9 0.206849 0.788685 0.024506 0.033806
4 0.049069 0.839158 0.019793 0.037651
4 0.872158 0.724882 0.019162 0.030843
