5 0.824162 0.195139 0.349193 0.388995
8 0.825926 0.659395 0.347642 0.539175
5 0.116716 0.203157 0.233431 0.368637
4 0.320950 0.280173 0.151501 0.218417
7 0.120607 0.263301 0.181387 0.253626
5 0.340628 0.676021 0.105136 0.237828
0 0.168828 0.085535 0.087048 0.107644
5 0.186840 0.673086 0.096680 0.225981
4 0.173162 0.622325 0.031186 0.052732
5 0.320009 0.196518 0.240705 0.385597
0 0.306806 0.060014 0.081615 0.049798
0 0.178762 0.574772 0.023850 0.028544
0 0.353076 0.569982 0.022393 0.024856
3 0.297432 0.146465 0.048729 0.054965
4 0.353073 0.628037 0.039979 0.067464
3 0.164304 0.109705 0.035726 0.044528
3 0.179994 0.593495 0.010780 0.007049
