9 0.744996 0.693818 0.509967 0.607717
5 0.179046 0.194314 0.358091 0.388518
7 0.147993 0.209674 0.295985 0.366642
3 0.126057 0.043705 0.104564 0.087123
5 0.137345 0.724442 0.060481 0.138045
6 0.711303 0.320994 0.046722 0.080880
8 0.243740 0.667607 0.216449 0.152076
5 0.317686 0.207107 0.047711 0.129073
5 0.283811 0.168441 0.036173 0.065163
4 0.141710 0.702355 0.036442 0.055696
6 0.889160 0.300190 0.030529 0.051960
6 0.669758 0.547547 0.030410 0.049919
9 0.758145 0.337767 0.480473 0.104213
6 0.859276 0.601449 0.026812 0.046991
9 0.428614 0.736717 0.125035 0.055869
4 0.259817 0.186879 0.039654 0.103680
4 0.261795 0.174939 0.027698 0.043852
5 0.613670 0.133038 0.021110 0.058319
4 0.284229 0.167739 0.023363 0.041996
4 0.323512 0.188571 0.024457 0.040532
2 0.319457 0.144663 0.015297 0.013279
9 0.391398 0.720307 0.048694 0.043109
2 0.146578 0.658470 0.015896 0.012755
4 0.316463 0.181168 0.025644 0.036356
4 0.310869 0.175732 0.023938 0.035097
