0 0.327869 0.237318 0.394165 0.468083
9 0.318674 0.236270 0.637174 0.470753
5 0.816324 0.264638 0.366550 0.409558
0 0.077214 0.236758 0.154428 0.469657
5 0.868737 0.886138 0.262235 0.227357
4 0.863176 0.390532 0.190829 0.155937
4 0.326801 0.281357 0.261142 0.372705
4 0.926982 0.924168 0.123086 0.150014
8 0.134607 0.903417 0.268954 0.192750
4 0.531582 0.194374 0.152634 0.386278
3 0.822573 0.282709 0.079664 0.066955
8 0.385883 0.929683 0.485146 0.140461
2 0.852307 0.128953 0.149351 0.117565
5 0.510676 0.235036 0.230923 0.469037
2 0.985921 0.812537 0.027809 0.048981
5 0.594155 0.234962 0.072218 0.468692
4 0.450690 0.089110 0.034657 0.128857
4 0.602973 0.175467 0.055310 0.346410
5 0.456421 0.079482 0.071631 0.154250
4 0.040787 0.237289 0.081464 0.474407
0 0.515420 0.235101 0.221421 0.470203
