8 0.835800 0.719493 0.327763 0.557134
0 0.269244 0.150781 0.087089 0.108704
4 0.054669 0.344063 0.109338 0.190676
5 0.104739 0.267032 0.208214 0.341446
4 0.224295 0.342167 0.155580 0.192847
5 0.291753 0.717528 0.256211 0.564034
4 0.321656 0.654611 0.195069 0.425868
4 0.086246 0.615795 0.172356 0.355772
5 0.200166 0.260752 0.318767 0.353230
5 0.710463 0.115767 0.576161 0.230914
0 0.389167 0.201799 0.061251 0.104355
2 0.135296 0.149013 0.085211 0.074555
5 0.108912 0.718949 0.217567 0.559096
5 0.321868 0.290701 0.196629 0.293228
3 0.112571 0.244093 0.044565 0.063775
4 0.358943 0.370127 0.122138 0.136245
3 0.255560 0.236403 0.046060 0.044499
3 0.396491 0.293114 0.044114 0.046729
3 0.595101 0.022166 0.062647 0.044333
4 0.706009 0.028947 0.195272 0.057028
2 0.490582 0.025622 0.137896 0.050696
4 0.901754 0.036954 0.192717 0.072982
