5 0.300331 0.789816 0.599943 0.419342
8 0.309607 0.287726 0.604249 0.573901
5 0.716871 0.741772 0.216010 0.205571
7 0.067168 0.149080 0.132853 0.297731
5 0.757414 0.288672 0.285568 0.576114
5 0.734877 0.893955 0.252516 0.211341
4 0.751945 0.925067 0.201236 0.149556
5 0.918453 0.288956 0.162900 0.576459
4 0.765020 0.354855 0.195559 0.347048
2 0.194564 0.733427 0.388455 0.306755
0 0.724676 0.036810 0.136003 0.073620
3 0.736827 0.138624 0.090652 0.074431
4 0.709943 0.680229 0.200496 0.086211
3 0.976385 0.119054 0.047229 0.087517
4 0.939674 0.387414 0.120569 0.382157
0 0.722735 0.817107 0.102224 0.050434
5 0.140260 0.284134 0.280295 0.567486
1 0.208810 0.961619 0.409572 0.076632
5 0.065430 0.288206 0.130724 0.573345
