5 0.175820 0.662770 0.350366 0.665770
7 0.736309 0.505995 0.156710 0.200848
5 0.198157 0.164819 0.304259 0.329294
4 0.155749 0.853523 0.311202 0.291930
5 0.730488 0.664555 0.220957 0.670889
4 0.242158 0.183161 0.216225 0.295850
0 0.739571 0.349275 0.057460 0.039814
1 0.058947 0.603724 0.117516 0.347998
3 0.112972 0.088864 0.044664 0.054603
5 0.104832 0.164999 0.183679 0.328415
5 0.057700 0.166388 0.115401 0.332775
3 0.735926 0.415198 0.035566 0.048396
4 0.026397 0.199451 0.052766 0.259334
4 0.116147 0.216488 0.083503 0.224093
3 0.182715 0.085313 0.057217 0.069604
0 0.171585 0.030271 0.166088 0.060031
2 0.067010 0.393222 0.133933 0.127723
3 0.213389 0.074303 0.049995 0.073240
0 0.195805 0.029590 0.084297 0.059179
3 0.007631 0.044550 0.015261 0.053095
