8 0.758838 0.260578 0.481833 0.519088
8 0.272874 0.759043 0.489117 0.480504
8 0.758821 0.816488 0.478141 0.367024
7 0.285205 0.318129 0.184230 0.380315
5 0.217044 0.267418 0.404394 0.501278
8 0.260497 0.260473 0.514288 0.517628
5 0.815520 0.916840 0.106408 0.165985
8 0.720843 0.421695 0.403245 0.196128
8 0.074536 0.782680 0.146767 0.431787
0 0.282589 0.080377 0.082395 0.091411
7 0.800063 0.905201 0.064723 0.085858
8 0.604994 0.915588 0.171351 0.168825
5 0.050881 0.860851 0.039980 0.048457
0 0.815550 0.847556 0.033051 0.025600
3 0.819804 0.877061 0.018322 0.017512
0 0.829747 0.850071 0.022749 0.026663
8 0.613726 0.808265 0.186497 0.383470
