5 0.266419 0.844884 0.532833 0.309697
8 0.763467 0.347839 0.467942 0.504358
5 0.733092 0.831317 0.396744 0.336989
4 0.626532 0.836906 0.164260 0.203321
5 0.219964 0.427133 0.438079 0.344053
4 0.178664 0.411105 0.265404 0.202328
5 0.892326 0.696763 0.214558 0.190628
0 0.343675 0.301264 0.128548 0.068386
2 0.168093 0.788514 0.335978 0.175616
0 0.665748 0.694297 0.133393 0.056988
3 0.352378 0.353013 0.042615 0.042724
3 0.712541 0.736315 0.035140 0.030515
1 0.163035 0.957146 0.325690 0.085667
3 0.705046 0.740216 0.044999 0.030679
