5 0.209457 0.876722 0.418360 0.245552
4 0.131904 0.911278 0.261931 0.176976
5 0.852196 0.771877 0.293906 0.238902
5 0.310857 0.494852 0.199814 0.188200
5 0.758215 0.903927 0.336568 0.192146
4 0.299061 0.542137 0.131898 0.092478
4 0.746731 0.929334 0.219934 0.141331
2 0.354768 0.456836 0.067559 0.077999
4 0.845632 0.708540 0.235057 0.105131
0 0.791465 0.842695 0.112225 0.058339
3 0.346602 0.507075 0.033013 0.038708
3 0.968404 0.734586 0.038328 0.039981
0 0.023452 0.810837 0.046905 0.069528
5 0.775401 0.043930 0.340289 0.087637
