5 0.714921 0.764198 0.565942 0.468283
9 0.155027 0.183459 0.170979 0.327171
2 0.241713 0.091248 0.215771 0.182206
4 0.666521 0.778955 0.472790 0.440988
5 0.288994 0.264018 0.278855 0.527553
4 0.301823 0.360282 0.255571 0.337000
5 0.758578 0.373988 0.482648 0.309576
4 0.909259 0.411180 0.181387 0.237577
3 0.302329 0.216439 0.104588 0.113809
1 0.561871 0.615906 0.265749 0.171825
4 0.146558 0.079283 0.089245 0.147902
2 0.369657 0.125490 0.121092 0.250979
4 0.063860 0.398634 0.127418 0.260701
5 0.159909 0.177283 0.175999 0.352273
5 0.082729 0.326315 0.164402 0.403890
4 0.345785 0.046459 0.099940 0.092823
5 0.359229 0.263633 0.141815 0.527267
5 0.372053 0.858409 0.114056 0.281704
5 0.342124 0.066646 0.121643 0.132997
