5 0.734043 0.724951 0.531173 0.549662
8 0.235304 0.724010 0.468385 0.550611
8 0.733715 0.226762 0.529337 0.447967
5 0.145356 0.224805 0.290204 0.449376
4 0.384656 0.252111 0.170807 0.398026
5 0.362277 0.225400 0.216685 0.449387
1 0.668070 0.805452 0.405925 0.351752
9 0.259750 0.117379 0.184333 0.234758
4 0.735640 0.914604 0.528051 0.170369
2 0.671058 0.539408 0.400769 0.176274
4 0.120278 0.300234 0.240366 0.301819
3 0.417063 0.085667 0.101021 0.125041
2 0.362421 0.030790 0.198588 0.060756
5 0.267644 0.118173 0.192987 0.236224
5 0.173598 0.122836 0.338992 0.245148
