5 0.648112 0.749830 0.336715 0.498169
5 0.324662 0.254815 0.308926 0.488755
5 0.329030 0.748767 0.298285 0.499820
2 0.107036 0.071082 0.204720 0.141763
4 0.080414 0.334297 0.160829 0.341003
4 0.350492 0.367850 0.256268 0.266561
5 0.104962 0.250676 0.209925 0.501017
9 0.190699 0.158348 0.167839 0.301725
3 0.051539 0.173108 0.100656 0.105957
5 0.825292 0.101512 0.348766 0.202591
5 0.189975 0.154613 0.179297 0.308817
3 0.439343 0.223418 0.078138 0.069510
2 0.452704 0.107811 0.055315 0.127762
4 0.196266 0.054473 0.079398 0.108666
5 0.030611 0.037266 0.061043 0.073842
5 0.029379 0.129043 0.058758 0.256133
4 0.026145 0.027812 0.052290 0.055466
5 0.038868 0.244168 0.077737 0.487108
5 0.904041 0.097074 0.191295 0.193678
