8 0.343328 0.697770 0.555008 0.338763
5 0.894321 0.352617 0.211090 0.352801
5 0.547856 0.314040 0.164616 0.429505
7 0.899611 0.310052 0.174304 0.176295
7 0.547654 0.294688 0.132015 0.192130
7 0.404043 0.307065 0.108492 0.213886
0 0.543177 0.134881 0.054833 0.065763
2 0.891356 0.564500 0.067862 0.063944
4 0.878329 0.748424 0.118688 0.203521
5 0.870357 0.765059 0.184351 0.468413
5 0.407203 0.321752 0.143756 0.416005
0 0.438771 0.145272 0.058180 0.053505
3 0.436319 0.201677 0.027077 0.030577
3 0.545031 0.194457 0.030823 0.028777
3 0.887833 0.645453 0.036286 0.037008
6 0.540845 0.968457 0.085933 0.062904
0 0.479661 0.168515 0.024584 0.024376
0 0.986916 0.249081 0.025992 0.087303
3 0.985683 0.272393 0.027076 0.047154
3 0.481199 0.194349 0.015159 0.016176
