8 0.684593 0.147802 0.349606 0.295510
5 0.686254 0.763977 0.352082 0.470633
7 0.398543 0.290514 0.107771 0.200737
0 0.088320 0.839871 0.176260 0.249298
5 0.402033 0.313708 0.132369 0.430085
7 0.614693 0.764265 0.208758 0.465310
0 0.415294 0.132790 0.053602 0.054043
8 0.536776 0.209729 0.053619 0.160351
5 0.148299 0.852863 0.296290 0.294274
7 0.487699 0.273252 0.043982 0.169379
3 0.417830 0.187973 0.029264 0.030473
5 0.481561 0.311741 0.052589 0.431535
3 0.088567 0.973478 0.074873 0.052915
0 0.498592 0.110342 0.021172 0.063577
