5 0.860047 0.879793 0.279691 0.238965
5 0.858304 0.399116 0.280545 0.542340
1 0.818892 0.890867 0.197923 0.214644
7 0.529402 0.561793 0.127384 0.206752
2 0.514697 0.877083 0.067342 0.068648
7 0.659627 0.564064 0.117300 0.195956
0 0.806733 0.231455 0.155239 0.175202
5 0.641239 0.515816 0.154263 0.306531
0 0.570004 0.405558 0.060099 0.055521
4 0.780255 0.534253 0.123605 0.270909
0 0.675337 0.400144 0.058583 0.067974
3 0.770580 0.375050 0.082228 0.073404
5 0.493036 0.917485 0.209338 0.164721
5 0.523776 0.519561 0.176987 0.298533
2 0.924711 0.906773 0.150225 0.170328
3 0.674512 0.463615 0.032858 0.032603
3 0.565467 0.464550 0.031490 0.031985
4 0.505491 0.978894 0.117473 0.042078
3 0.508851 0.956672 0.032678 0.035600
0 0.610256 0.431773 0.023064 0.021574
