5 0.234637 0.757924 0.469275 0.478257
5 0.685908 0.759813 0.430415 0.479976
5 0.144823 0.260876 0.289199 0.519930
1 0.291358 0.640001 0.216430 0.243722
8 0.792131 0.166311 0.415737 0.332411
5 0.347494 0.260527 0.243003 0.518383
4 0.367845 0.309006 0.203045 0.404451
4 0.219749 0.824029 0.435515 0.349614
7 0.651419 0.715409 0.372954 0.403873
4 0.130732 0.265878 0.260078 0.495772
3 0.371927 0.077290 0.051093 0.052831
3 0.155271 0.013836 0.068142 0.027491
0 0.371878 0.014934 0.166343 0.029848
5 0.042907 0.259019 0.085814 0.515388
