9 0.220123 0.796871 0.439597 0.405123
5 0.610952 0.254607 0.352125 0.506968
7 0.499560 0.832904 0.121896 0.311905
5 0.151497 0.279452 0.302117 0.463840
0 0.172101 0.129788 0.128844 0.127363
0 0.554953 0.610487 0.076286 0.098216
7 0.110497 0.367579 0.220150 0.285556
7 0.677421 0.868023 0.141605 0.254192
4 0.603117 0.256119 0.194115 0.337276
5 0.524255 0.771779 0.173324 0.452038
5 0.660166 0.814800 0.259381 0.370086
0 0.685567 0.681000 0.076953 0.089658
3 0.144893 0.256428 0.070112 0.072742
2 0.625837 0.044474 0.118676 0.088728
3 0.677161 0.756823 0.033220 0.039374
3 0.607688 0.115975 0.041654 0.050131
3 0.543801 0.689753 0.024888 0.045890
