8 0.719275 0.764033 0.558314 0.470143
5 0.209790 0.264630 0.419503 0.528894
6 0.851454 0.272130 0.295393 0.514046
5 0.205009 0.783434 0.409870 0.433133
3 0.249875 0.077436 0.078886 0.075694
5 0.120404 0.708236 0.240809 0.208288
6 0.638456 0.039189 0.201629 0.078038
5 0.296465 0.845859 0.282770 0.307690
7 0.173033 0.288905 0.342528 0.475401
1 0.378840 0.891513 0.118720 0.109122
2 0.389391 0.784552 0.099932 0.134127
2 0.124337 0.673135 0.248323 0.136051
1 0.070202 0.773845 0.140097 0.087657
5 0.569912 0.555684 0.070723 0.058222
2 0.075600 0.902777 0.142334 0.051036
5 0.049395 0.254077 0.098791 0.504973
2 0.037530 0.695841 0.073129 0.043053
2 0.078721 0.912330 0.132014 0.042048
5 0.035866 0.126624 0.071290 0.251512
5 0.563077 0.548793 0.051991 0.043339
