9 0.811262 0.255483 0.362929 0.425521
5 0.246522 0.734183 0.464545 0.530425
5 0.102992 0.235193 0.205939 0.470386
5 0.815342 0.889339 0.369315 0.221144
2 0.782816 0.945594 0.101390 0.108811
0 0.060481 0.115589 0.119598 0.231158
7 0.260040 0.513212 0.224365 0.088698
6 0.939706 0.716401 0.120413 0.435231
0 0.594865 0.143589 0.067763 0.161235
5 0.495370 0.243117 0.265042 0.451326
3 0.612016 0.271798 0.035478 0.069771
4 0.563009 0.374965 0.132981 0.190220
3 0.026936 0.263653 0.053768 0.111832
4 0.025640 0.390337 0.051083 0.161959
5 0.947641 0.272252 0.104718 0.392280
7 0.972664 0.381145 0.054669 0.176303
5 0.962440 0.327716 0.075119 0.281999
