0 0.337271 0.087252 0.150693 0.149297
7 0.840972 0.638490 0.108911 0.174250
3 0.184984 0.167742 0.093419 0.134429
9 0.927761 0.632973 0.092987 0.089856
9 0.752888 0.642542 0.080013 0.139379
4 0.296160 0.382376 0.236242 0.330844
0 0.160602 0.046054 0.270178 0.091332
3 0.317649 0.211413 0.084842 0.078304
5 0.833329 0.776021 0.160574 0.446835
7 0.624046 0.596847 0.063173 0.094375
5 0.622639 0.757509 0.090674 0.416913
4 0.119925 0.361310 0.221327 0.376986
5 0.275954 0.277230 0.378639 0.545755
5 0.179689 0.385126 0.346265 0.330916
6 0.251716 0.968852 0.033048 0.050751
5 0.274451 0.388831 0.340056 0.324785
5 0.170014 0.292667 0.323811 0.513737
5 0.217361 0.434163 0.243521 0.231365
5 0.969729 0.512335 0.057504 0.072789
5 0.059873 0.336147 0.111940 0.411147
