5 0.270515 0.250406 0.511059 0.474771
0 0.343052 0.180140 0.144036 0.150207
0 0.168369 0.092709 0.276720 0.183280
5 0.841947 0.155482 0.193207 0.310963
3 0.320029 0.299092 0.079746 0.074907
3 0.192228 0.249088 0.097662 0.136660
4 0.856078 0.049234 0.077442 0.098375
7 0.824724 0.526328 0.069290 0.076706
8 0.919154 0.242657 0.161692 0.483803
4 0.289678 0.393020 0.263967 0.192553
4 0.114463 0.357679 0.223364 0.263133
5 0.817683 0.678971 0.097504 0.376956
9 0.952332 0.561292 0.093073 0.140087
5 0.956705 0.743885 0.086448 0.510849
5 0.918265 0.042929 0.098940 0.085757
5 0.290598 0.294096 0.379629 0.390652
7 0.984473 0.557684 0.031054 0.137865
5 0.210219 0.395525 0.340909 0.187789
4 0.051854 0.391315 0.103709 0.197166
5 0.086044 0.362669 0.171987 0.252488
8 0.588936 0.211877 0.103212 0.413488
9 0.980629 0.558703 0.038742 0.146689
9 0.601161 0.264307 0.044024 0.030142
5 0.920853 0.075883 0.120337 0.151765
