8 0.838959 0.214911 0.320900 0.429329
8 0.174416 0.704012 0.348602 0.547162
0 0.306925 0.148908 0.156131 0.158484
0 0.478160 0.066316 0.286588 0.131699
3 0.336331 0.269128 0.089304 0.078719
4 0.563428 0.301666 0.230937 0.255574
5 0.361764 0.239606 0.423393 0.377816
3 0.468982 0.205843 0.099730 0.141432
4 0.384754 0.344340 0.263962 0.169094
5 0.392473 0.216730 0.573883 0.423472
8 0.781169 0.718216 0.203981 0.563567
5 0.475087 0.340443 0.348363 0.178025
3 0.539467 0.203271 0.091114 0.145384
8 0.942910 0.707960 0.114180 0.556462
5 0.536149 0.230746 0.288360 0.396964
8 0.778330 0.955027 0.199087 0.089945
