8 0.293731 0.787024 0.587410 0.416046
5 0.769810 0.789584 0.362305 0.419584
7 0.763221 0.870185 0.193284 0.256382
5 0.304412 0.292894 0.335880 0.570553
1 0.771400 0.705311 0.071688 0.082617
4 0.350178 0.223592 0.166618 0.270709
0 0.779890 0.607944 0.096572 0.057600
7 0.636147 0.090113 0.094701 0.180031
5 0.644527 0.272996 0.110613 0.543001
5 0.052908 0.332521 0.105720 0.492154
3 0.306241 0.088113 0.045507 0.050419
4 0.024816 0.327633 0.049384 0.245353
5 0.088537 0.729972 0.042306 0.043000
3 0.012828 0.186389 0.025416 0.044109
0 0.018370 0.074092 0.036696 0.102810
0 0.325285 0.015772 0.138516 0.031526
5 0.117128 0.355770 0.106962 0.451776
7 0.087421 0.733301 0.037751 0.039188
