7 0.505838 0.251355 0.211119 0.260757
5 0.153354 0.387332 0.306289 0.716907
1 0.150660 0.288305 0.107307 0.121085
5 0.249781 0.393334 0.298791 0.697770
2 0.173858 0.113283 0.125414 0.128854
4 0.306486 0.535619 0.189250 0.400912
0 0.552613 0.121284 0.121705 0.086542
2 0.319278 0.136768 0.156803 0.137384
5 0.522736 0.397219 0.245978 0.683962
5 0.580627 0.339996 0.247324 0.565160
5 0.197162 0.868892 0.393770 0.262145
7 0.626940 0.250410 0.110274 0.226946
4 0.133439 0.537815 0.241242 0.414454
0 0.432781 0.112359 0.066359 0.069244
3 0.315998 0.331316 0.071300 0.075392
4 0.094605 0.823416 0.188065 0.169952
5 0.915036 0.354855 0.169818 0.662780
0 0.558391 0.044618 0.113456 0.081618
2 0.219910 0.016984 0.080282 0.033956
5 0.221349 0.068186 0.101319 0.136372
4 0.951532 0.362222 0.096844 0.438162
5 0.045966 0.360126 0.091782 0.717871
3 0.243221 0.091030 0.036767 0.044217
5 0.515049 0.040306 0.221260 0.079725
4 0.865669 0.234231 0.107049 0.158698
3 0.096942 0.884076 0.104934 0.052774
3 0.093247 0.873773 0.076337 0.044509
0 0.620334 0.027009 0.190409 0.053963
0 0.443144 0.034330 0.082968 0.068660
5 0.655096 0.068854 0.130797 0.137310
5 0.613298 0.051085 0.211437 0.102083
5 0.699884 0.870718 0.600233 0.256165
0 0.476241 0.025299 0.150472 0.050578
5 0.559491 0.043351 0.113156 0.082908
5 0.698970 0.938571 0.601847 0.121306
5 0.030225 0.213844 0.060449 0.427688
