5 0.230274 0.301519 0.458719 0.600745
0 0.312711 0.742008 0.127010 0.169062
1 0.232351 0.397240 0.459778 0.409558
4 0.862608 0.116304 0.162889 0.232252
5 0.833812 0.299708 0.269412 0.596617
5 0.337479 0.820307 0.243267 0.358688
2 0.225458 0.105622 0.450917 0.210242
8 0.561214 0.684604 0.206934 0.168237
7 0.370971 0.868506 0.177660 0.262546
5 0.839594 0.748248 0.069958 0.128869
4 0.847301 0.746602 0.041835 0.057104
6 0.773634 0.718209 0.033176 0.067052
6 0.687228 0.710513 0.031920 0.063735
6 0.887460 0.801869 0.048187 0.111589
2 0.846371 0.698411 0.020004 0.022070
6 0.887083 0.730769 0.028543 0.060894
5 0.576613 0.619820 0.041401 0.038727
5 0.054862 0.304632 0.109724 0.590599
3 0.295929 0.834351 0.039315 0.067891
