8 0.746076 0.689620 0.507849 0.619722
5 0.748525 0.237695 0.502891 0.284035
8 0.601290 0.686756 0.222397 0.612756
5 0.203175 0.189680 0.404450 0.378865
2 0.844353 0.208814 0.255764 0.145105
1 0.256770 0.189316 0.471257 0.378632
3 0.927593 0.043082 0.144813 0.085987
5 0.743345 0.120814 0.511837 0.241500
5 0.852781 0.623046 0.103706 0.174012
4 0.809646 0.094782 0.380708 0.187474
3 0.072351 0.174629 0.143478 0.238086
3 0.809428 0.344348 0.241304 0.069081
4 0.245209 0.311901 0.486504 0.135374
4 0.875218 0.602295 0.032917 0.064409
4 0.866590 0.604376 0.030656 0.060159
4 0.877977 0.604493 0.021889 0.053011
