5 0.265741 0.824195 0.529530 0.349950
5 0.712187 0.324443 0.366631 0.648600
1 0.658800 0.282789 0.218603 0.235886
4 0.654341 0.529758 0.252403 0.241039
4 0.317421 0.826632 0.439092 0.346736
5 0.315092 0.222999 0.281263 0.441812
2 0.652534 0.072106 0.225548 0.143312
7 0.716186 0.759285 0.163215 0.180639
5 0.717676 0.824884 0.199789 0.349270
4 0.284118 0.075954 0.155318 0.144853
4 0.974660 0.705143 0.050031 0.085283
5 0.969764 0.736609 0.060158 0.167316
5 0.820278 0.711996 0.085716 0.124303
7 0.812671 0.668584 0.045285 0.036545
3 0.142851 0.700919 0.085084 0.092178
0 0.077777 0.697965 0.146793 0.097610
5 0.774739 0.710008 0.060241 0.122897
5 0.801431 0.712622 0.065025 0.125644
3 0.698356 0.660697 0.055412 0.019246
