5 0.752486 0.261117 0.485877 0.516992
5 0.365223 0.759104 0.290131 0.481623
5 0.783401 0.815494 0.432533 0.368226
6 0.270579 0.259882 0.372968 0.517960
2 0.750946 0.072764 0.175056 0.144490
4 0.869632 0.860822 0.260094 0.277880
3 0.740228 0.390997 0.133762 0.137541
0 0.659645 0.785396 0.158982 0.260378
4 0.413398 0.907035 0.192883 0.185796
3 0.741405 0.837826 0.072262 0.131651
2 0.461652 0.645227 0.092429 0.251701
4 0.719957 0.482123 0.284284 0.073578
1 0.470691 0.891629 0.077498 0.147161
6 0.923446 0.269691 0.152786 0.505349
6 0.045695 0.287876 0.091023 0.460899
6 0.028821 0.361236 0.057510 0.313828
