9 0.729363 0.434306 0.539787 0.307192
8 0.729234 0.790854 0.541383 0.402378
9 0.152324 0.894205 0.031635 0.039073
6 0.659053 0.255930 0.046328 0.094870
6 0.377318 0.960337 0.023547 0.048092
6 0.245284 0.962794 0.019672 0.036166
6 0.654630 0.134145 0.015263 0.031233
6 0.506170 0.138758 0.015814 0.034934
6 0.880600 0.126723 0.014869 0.031299
5 0.420921 0.349991 0.077280 0.475881
6 0.771904 0.129266 0.014481 0.035024
2 0.436320 0.173105 0.046966 0.095726
6 0.094807 0.965338 0.011172 0.022141
6 0.114773 0.986611 0.015269 0.026195
6 0.831898 0.116947 0.011948 0.027819
6 0.918931 0.105898 0.009631 0.022859
4 0.430142 0.433722 0.059257 0.302714
6 0.957241 0.121439 0.015019 0.034309
6 0.983267 0.121021 0.013565 0.032965
6 0.146466 0.940167 0.009040 0.018951
6 0.629051 0.117736 0.011846 0.035317
6 0.696288 0.105202 0.010703 0.027787
6 0.737279 0.122230 0.014112 0.031444
6 0.578730 0.099953 0.008667 0.019991
6 0.180183 0.924518 0.007737 0.016213
6 0.017152 0.985719 0.012344 0.023576
6 0.807757 0.102974 0.010519 0.024116
