5 0.620036 0.668827 0.213161 0.361820
5 0.849807 0.632161 0.300135 0.285614
5 0.443228 0.638383 0.227682 0.291920
4 0.649666 0.614300 0.106381 0.124862
7 0.734666 0.364164 0.107405 0.236355
5 0.504102 0.277330 0.202584 0.421435
5 0.707356 0.332550 0.176834 0.310648
7 0.496787 0.309341 0.121668 0.266954
7 0.386091 0.652648 0.115249 0.135358
0 0.448909 0.107131 0.073332 0.076060
0 0.620905 0.510646 0.066010 0.041751
0 0.422092 0.514893 0.091143 0.046381
5 0.466329 0.615818 0.106867 0.140867
4 0.461889 0.644081 0.070347 0.071725
0 0.652125 0.236589 0.063265 0.100822
0 0.492035 0.570575 0.043258 0.042498
3 0.447639 0.183572 0.033359 0.048843
3 0.426826 0.546437 0.046869 0.027194
3 0.485393 0.604680 0.022488 0.019363
3 0.665425 0.292198 0.028243 0.060067
3 0.634690 0.544107 0.032493 0.025060
4 0.920465 0.521764 0.159070 0.065918
3 0.413232 0.546884 0.048337 0.028636
