8 0.853378 0.248157 0.291904 0.495740
5 0.307098 0.250288 0.614196 0.498937
5 0.354789 0.750611 0.705370 0.496248
5 0.778431 0.125655 0.138365 0.174917
2 0.108620 0.843710 0.216405 0.310092
3 0.281733 0.090341 0.159409 0.136512
3 0.323571 0.946420 0.181065 0.104680
4 0.273214 0.296456 0.487052 0.408291
7 0.764969 0.143306 0.114604 0.118609
5 0.812073 0.336790 0.133289 0.282269
7 0.758033 0.251066 0.097707 0.376096
5 0.768491 0.255128 0.119991 0.485134
2 0.751888 0.059444 0.055523 0.030487
0 0.721908 0.064664 0.024878 0.031059
0 0.723988 0.011465 0.027055 0.022930
1 0.470223 0.870478 0.466299 0.256986
