5 0.164949 0.139706 0.329766 0.278606
8 0.680530 0.139855 0.636866 0.279236
8 0.128547 0.832168 0.256487 0.326853
5 0.485742 0.640144 0.313712 0.719711
1 0.843507 0.681092 0.113722 0.126979
2 0.839062 0.500272 0.126495 0.134664
5 0.822819 0.703263 0.351358 0.592751
1 0.530832 0.456141 0.153228 0.178357
2 0.809958 0.384330 0.084526 0.063238
5 0.799210 0.437206 0.119860 0.177862
5 0.641557 0.687465 0.484338 0.622932
8 0.248355 0.498833 0.160417 0.439155
4 0.468756 0.712806 0.278534 0.574389
2 0.552751 0.317919 0.153716 0.075064
4 0.598317 0.850869 0.323320 0.298224
4 0.826705 0.862640 0.266356 0.274300
2 0.675918 0.504593 0.177667 0.149953
3 0.672093 0.706289 0.070496 0.071536
3 0.774873 0.470532 0.047833 0.053351
8 0.477946 0.139243 0.292967 0.278486
5 0.944290 0.662536 0.111370 0.671927
5 0.404756 0.702503 0.153199 0.594683
5 0.445354 0.833220 0.229841 0.332517
4 0.972788 0.764688 0.054423 0.470624
