8 0.889185 0.668901 0.220447 0.298386
9 0.318269 0.829978 0.588197 0.339484
5 0.935473 0.269663 0.128479 0.410556
5 0.444031 0.162804 0.535697 0.325369
6 0.513548 0.654725 0.031855 0.061862
7 0.966419 0.206715 0.067161 0.125034
6 0.070117 0.685423 0.040959 0.084070
6 0.579760 0.596180 0.013707 0.030567
6 0.218925 0.534273 0.012069 0.027065
6 0.160968 0.568178 0.018350 0.038348
6 0.683011 0.676227 0.026193 0.046932
6 0.731634 0.660964 0.018360 0.031669
6 0.414681 0.571093 0.016289 0.034330
6 0.367376 0.537135 0.012150 0.026921
6 0.491271 0.557005 0.010609 0.026164
0 0.987209 0.130523 0.024886 0.051402
6 0.421162 0.536553 0.009319 0.022627
6 0.651584 0.607981 0.014336 0.027217
6 0.582376 0.592520 0.015113 0.032903
6 0.466227 0.530163 0.008603 0.019074
0 0.897027 0.093937 0.034721 0.038131
6 0.518374 0.545069 0.006967 0.015288
6 0.487707 0.556422 0.010434 0.026034
3 0.923700 0.131183 0.032072 0.044156
6 0.556895 0.557557 0.009030 0.022510
6 0.260590 0.525473 0.011852 0.017119
6 0.420224 0.543980 0.011184 0.029475
