5 0.335044 0.753663 0.598037 0.491095
5 0.260558 0.255792 0.516933 0.508193
3 0.188528 0.224638 0.150914 0.148078
4 0.163744 0.364896 0.325705 0.290669
5 0.549435 0.753600 0.236884 0.488717
4 0.569755 0.756689 0.198214 0.486623
4 0.329423 0.751597 0.330527 0.491210
2 0.219484 0.080395 0.117369 0.083042
8 0.723383 0.753479 0.106695 0.487074
5 0.031799 0.783791 0.063597 0.399901
4 0.017852 0.782623 0.035555 0.230110
2 0.017388 0.631865 0.033754 0.043548
2 0.012774 0.619100 0.025039 0.052770
2 0.022977 0.627479 0.035900 0.029711
