8 0.784034 0.265156 0.430042 0.527465
8 0.784102 0.752565 0.430389 0.448924
5 0.869633 0.765974 0.260614 0.467044
8 0.327247 0.703428 0.421150 0.348188
5 0.807679 0.603547 0.150426 0.147194
7 0.876019 0.721894 0.247258 0.340780
5 0.730731 0.796045 0.115231 0.250956
7 0.825707 0.614407 0.115410 0.119582
8 0.533308 0.740613 0.066099 0.114388
5 0.323173 0.659110 0.038917 0.086279
8 0.526567 0.133446 0.071083 0.092231
2 0.839582 0.539518 0.052941 0.018858
3 0.942830 0.539103 0.077081 0.018393
2 0.830874 0.535864 0.045034 0.013271
