8 0.794013 0.267722 0.411130 0.462869
2 0.958584 0.813410 0.068312 0.096430
8 0.795617 0.749727 0.408766 0.498266
3 0.481132 0.346303 0.122947 0.128912
4 0.441633 0.436589 0.295243 0.127640
5 0.249758 0.351084 0.465631 0.296908
4 0.865316 0.811044 0.084994 0.160145
2 0.312521 0.265737 0.109385 0.070356
4 0.210119 0.452695 0.257003 0.092787
5 0.933132 0.883154 0.133584 0.233536
3 0.288861 0.381956 0.100299 0.094405
2 0.466825 0.252780 0.103000 0.048254
4 0.952536 0.957066 0.094875 0.085770
3 0.852938 0.749641 0.031043 0.040916
5 0.265463 0.608427 0.045993 0.124291
2 0.852445 0.682631 0.042009 0.055181
5 0.860054 0.825170 0.113701 0.349001
4 0.287970 0.529914 0.045393 0.055074
5 0.284694 0.588927 0.069537 0.164795
4 0.264646 0.590300 0.027182 0.040798
3 0.934199 0.891158 0.021855 0.038938
2 0.263117 0.554933 0.016780 0.016318
2 0.265399 0.540477 0.020185 0.020810
