5 0.229371 0.804909 0.458577 0.389605
8 0.729337 0.302439 0.541326 0.601425
5 0.236106 0.334104 0.446523 0.549322
8 0.507872 0.806705 0.094560 0.116476
3 0.390997 0.314938 0.137133 0.142308
4 0.290991 0.452554 0.334060 0.313717
1 0.242741 0.830629 0.431213 0.274086
8 0.878736 0.718632 0.220695 0.173245
2 0.417326 0.170334 0.089210 0.091507
7 0.774007 0.328859 0.026650 0.052089
5 0.778142 0.356366 0.060681 0.169220
2 0.275101 0.659696 0.366337 0.100453
4 0.229176 0.928498 0.458046 0.142715
8 0.934347 0.808489 0.130933 0.381315
9 0.509556 0.726953 0.034762 0.031353
9 0.744184 0.735666 0.041681 0.047901
9 0.524824 0.731158 0.031661 0.035618
