5 0.251281 0.250655 0.502561 0.498885
5 0.766986 0.250727 0.465095 0.498059
5 0.283801 0.787494 0.432435 0.424099
8 0.753268 0.804806 0.489430 0.389835
4 0.366572 0.327450 0.266997 0.221917
1 0.910158 0.312982 0.179662 0.370781
5 0.079593 0.675434 0.158916 0.352748
0 0.401731 0.642796 0.181426 0.087528
4 0.426496 0.794857 0.147833 0.209189
3 0.372547 0.702487 0.066591 0.040351
3 0.442721 0.401184 0.110925 0.053543
3 0.074632 0.521324 0.055963 0.040681
5 0.841209 0.814263 0.017109 0.027105
3 0.434275 0.392389 0.074405 0.050561
4 0.046059 0.552479 0.092103 0.105614
