9 0.153600 0.730448 0.307200 0.537854
5 0.156577 0.331542 0.308534 0.254592
8 0.814866 0.313470 0.370043 0.292533
3 0.228360 0.350190 0.129563 0.129911
4 0.700662 0.684817 0.086063 0.186238
0 0.704809 0.518205 0.066316 0.070841
5 0.538253 0.661611 0.111194 0.304763
5 0.585712 0.764064 0.158449 0.339833
4 0.541821 0.623854 0.055174 0.105160
0 0.592914 0.631610 0.046956 0.061954
4 0.617145 0.715082 0.058848 0.097393
5 0.732714 0.725914 0.185171 0.499482
2 0.235640 0.250938 0.106067 0.048565
0 0.524925 0.534519 0.037311 0.043783
6 0.093358 0.578038 0.049603 0.064773
3 0.726605 0.582155 0.026143 0.033991
4 0.188346 0.425013 0.225283 0.068775
