8 0.689779 0.295566 0.619993 0.588729
8 0.770540 0.772266 0.124609 0.128740
5 0.199592 0.434012 0.359552 0.306517
7 0.650803 0.282128 0.034640 0.070367
2 0.339360 0.338169 0.081151 0.077241
4 0.248499 0.543390 0.256513 0.091362
5 0.669707 0.325966 0.088352 0.266042
9 0.658473 0.661251 0.109635 0.081955
0 0.640829 0.215614 0.021313 0.032741
3 0.337740 0.470630 0.082541 0.099397
5 0.326724 0.794979 0.105827 0.409778
6 0.818537 0.685810 0.011368 0.020696
9 0.782573 0.683873 0.042600 0.034290
6 0.831088 0.687313 0.011548 0.021071
9 0.655415 0.677553 0.101158 0.046511
5 0.191174 0.795211 0.376252 0.407004
6 0.843781 0.688161 0.009854 0.021100
6 0.856430 0.684800 0.007729 0.019427
