5 0.754142 0.748732 0.489491 0.499072
8 0.754490 0.250459 0.487890 0.499914
5 0.202658 0.750543 0.405159 0.498412
4 0.753739 0.849462 0.487389 0.299470
5 0.299806 0.347258 0.425103 0.303982
1 0.628968 0.667083 0.239138 0.338066
2 0.150790 0.560611 0.156477 0.119816
4 0.447783 0.376224 0.123734 0.237415
4 0.159211 0.948023 0.258848 0.103954
3 0.142188 0.842561 0.128630 0.127696
2 0.819518 0.167469 0.022339 0.021819
5 0.805931 0.243860 0.067277 0.176207
4 0.817075 0.227827 0.029971 0.060174
3 0.818309 0.191497 0.012908 0.013962
