5 0.796939 0.703985 0.405973 0.591371
4 0.173938 0.368669 0.125109 0.081647
0 0.228679 0.442574 0.096993 0.064534
7 0.149238 0.614833 0.068791 0.120778
7 0.187012 0.567556 0.061926 0.084513
5 0.238098 0.291721 0.351750 0.238545
5 0.573422 0.162967 0.270233 0.325802
2 0.144928 0.222917 0.077322 0.073795
7 0.811440 0.705924 0.374300 0.586994
7 0.276215 0.680833 0.245885 0.371519
3 0.157112 0.313283 0.054314 0.050700
5 0.350145 0.704100 0.159554 0.591647
4 0.356431 0.350199 0.143436 0.119976
5 0.161434 0.665784 0.125825 0.340134
5 0.273437 0.703781 0.296109 0.590710
7 0.025248 0.631569 0.050495 0.117184
0 0.144856 0.519874 0.035984 0.037530
3 0.238571 0.512298 0.044742 0.045308
7 0.364002 0.613675 0.131653 0.351360
0 0.013898 0.549236 0.027792 0.040587
5 0.043654 0.680895 0.086958 0.322102
0 0.196693 0.501501 0.034952 0.033250
0 0.285384 0.498503 0.031149 0.036836
5 0.195194 0.637746 0.113245 0.314847
5 0.068973 0.336416 0.137612 0.146852
5 0.497952 0.204719 0.138846 0.407696
3 0.350531 0.460053 0.047753 0.046203
4 0.041362 0.375885 0.082046 0.070112
3 0.149424 0.550043 0.019206 0.018062
0 0.339915 0.426690 0.101974 0.033389
3 0.340186 0.454549 0.033758 0.034746
3 0.016976 0.582438 0.019118 0.020946
5 0.015523 0.691486 0.031047 0.319923
5 0.342619 0.310976 0.171046 0.194414
