8 0.858705 0.764645 0.282590 0.468550
5 0.478522 0.381823 0.482598 0.291658
4 0.330483 0.103993 0.145994 0.206952
5 0.361231 0.220451 0.254804 0.439751
9 0.326228 0.663110 0.099028 0.090741
2 0.658505 0.348696 0.119118 0.233495
7 0.428392 0.662284 0.112534 0.268674
7 0.611692 0.608263 0.068873 0.154772
5 0.437601 0.763689 0.144337 0.472432
5 0.621055 0.760802 0.099439 0.463079
4 0.899417 0.314249 0.118906 0.194369
5 0.764072 0.246144 0.088611 0.483932
5 0.903750 0.274607 0.162763 0.285230
9 0.469539 0.670044 0.204745 0.139691
3 0.585272 0.383697 0.032009 0.092174
4 0.747089 0.331922 0.056641 0.292791
1 0.883689 0.217540 0.042495 0.037333
2 0.869439 0.155236 0.062488 0.035869
7 0.877731 0.503799 0.130781 0.051564
4 0.974274 0.291325 0.051451 0.186977
5 0.904599 0.504066 0.179236 0.051584
5 0.963642 0.262427 0.072717 0.310131
1 0.985364 0.183411 0.028716 0.038730
0 0.792756 0.515825 0.051207 0.030639
4 0.145630 0.245548 0.291259 0.491096
1 0.879056 0.209221 0.046921 0.033276
1 0.982098 0.174214 0.035804 0.065914
