5 0.321867 0.888929 0.641757 0.221725
5 0.321727 0.446522 0.640721 0.659832
5 0.125772 0.900460 0.154583 0.197166
5 0.441049 0.853433 0.078876 0.119171
8 0.824618 0.432913 0.348541 0.704530
4 0.289703 0.314209 0.245481 0.215206
2 0.331918 0.156817 0.124240 0.056213
2 0.312628 0.832452 0.206679 0.104615
2 0.137658 0.820625 0.041043 0.032779
5 0.769767 0.419447 0.053379 0.131676
6 0.954682 0.928114 0.065201 0.143539
7 0.768258 0.420131 0.036489 0.059717
4 0.144351 0.879802 0.064684 0.054879
3 0.297568 0.213453 0.094495 0.039611
3 0.135495 0.855077 0.020588 0.018433
2 0.779678 0.366533 0.021162 0.019610
0 0.779542 0.366109 0.021443 0.020379
