4 0.277798 0.119955 0.137579 0.216047
4 0.125914 0.158295 0.114563 0.195081
5 0.132564 0.241569 0.262426 0.482187
4 0.544235 0.094973 0.090718 0.188958
7 0.698661 0.412474 0.123266 0.210624
5 0.459459 0.172922 0.259509 0.345081
5 0.296564 0.226539 0.214332 0.453078
5 0.698651 0.398782 0.175744 0.359275
0 0.655766 0.253380 0.062107 0.055963
5 0.794680 0.792156 0.410199 0.415050
3 0.115653 0.045636 0.049011 0.044426
3 0.660131 0.309186 0.028436 0.029613
5 0.617598 0.408177 0.055684 0.343963
7 0.606510 0.390979 0.033585 0.153096
0 0.619497 0.279708 0.027342 0.025849
3 0.301621 0.008141 0.060362 0.015976
7 0.610919 0.419509 0.042190 0.202891
5 0.023054 0.371521 0.046106 0.423951
3 0.495755 0.034973 0.099915 0.069311
