5 0.235423 0.254518 0.470627 0.508764
5 0.141706 0.754123 0.283186 0.490013
8 0.733389 0.839605 0.530947 0.318269
5 0.274142 0.753336 0.388088 0.492217
3 0.342419 0.414102 0.252666 0.191831
5 0.592320 0.393955 0.199865 0.231109
0 0.627376 0.324452 0.074501 0.076383
4 0.582780 0.446639 0.091877 0.125962
4 0.325346 0.803077 0.288200 0.392463
4 0.115986 0.780027 0.231474 0.436251
1 0.135032 0.546040 0.133498 0.071605
0 0.493956 0.398703 0.042520 0.061893
5 0.819948 0.814111 0.031731 0.047831
4 0.495316 0.471168 0.050697 0.075260
4 0.239807 0.404162 0.462805 0.212322
3 0.626526 0.386332 0.024947 0.033029
8 0.845445 0.937264 0.308256 0.125462
2 0.363953 0.168323 0.211389 0.334311
5 0.502247 0.437405 0.064432 0.145282
7 0.819470 0.815674 0.030209 0.044337
1 0.030960 0.543241 0.061253 0.068483
1 0.447084 0.555565 0.042690 0.090191
