5 0.295164 0.323656 0.589487 0.637810
8 0.292469 0.826548 0.584228 0.346463
4 0.302158 0.514661 0.575997 0.270079
3 0.303937 0.514433 0.549824 0.268989
5 0.804970 0.766948 0.086890 0.236414
2 0.289643 0.141409 0.579287 0.276706
7 0.713869 0.681201 0.070321 0.064365
7 0.805726 0.677219 0.078742 0.054815
5 0.712661 0.769721 0.074859 0.241180
5 0.891834 0.761763 0.083023 0.226659
7 0.619381 0.686090 0.059603 0.071508
5 0.258072 0.688754 0.020964 0.035122
7 0.977538 0.676614 0.040537 0.053345
5 0.939552 0.747788 0.059667 0.194290
5 0.627045 0.769615 0.062217 0.241742
5 0.652728 0.757159 0.058461 0.214562
5 0.975474 0.758629 0.047794 0.217502
7 0.895631 0.665485 0.067384 0.031057
5 0.848858 0.747775 0.055421 0.193176
5 0.760086 0.750400 0.039583 0.199868
7 0.666407 0.669732 0.026890 0.038303
5 0.866425 0.752942 0.050723 0.193132
5 0.964074 0.743924 0.053185 0.183925
5 0.677674 0.750187 0.044911 0.185106
5 0.631332 0.743669 0.047134 0.179617
5 0.897402 0.752825 0.055722 0.193236
7 0.639666 0.682415 0.071975 0.064069
5 0.990304 0.764820 0.019391 0.223855
5 0.881363 0.751733 0.045454 0.186810
7 0.661201 0.680084 0.034225 0.058811
