9 0.139617 0.158849 0.279108 0.316461
5 0.139465 0.657698 0.278131 0.680170
4 0.139877 0.874789 0.279696 0.249386
2 0.128036 0.417943 0.255385 0.203200
1 0.137039 0.696745 0.273935 0.350813
6 0.600568 0.660476 0.346724 0.672105
6 0.814284 0.808126 0.290320 0.382078
9 0.550989 0.201614 0.025161 0.026472
8 0.580654 0.185638 0.043098 0.063642
9 0.527815 0.185757 0.022549 0.022192
5 0.913938 0.273462 0.014229 0.037097
5 0.847212 0.298010 0.014399 0.034223
5 0.629527 0.249369 0.013808 0.036881
8 0.502562 0.212331 0.020012 0.040389
5 0.808099 0.091523 0.016100 0.040190
6 0.529493 0.266153 0.008587 0.018355
9 0.343260 0.251081 0.121334 0.090738
5 0.908980 0.260624 0.011204 0.022995
5 0.566021 0.278216 0.012606 0.023702
8 0.343781 0.248103 0.123134 0.090640
5 0.629911 0.243138 0.011443 0.022085
