5 0.285134 0.717813 0.570269 0.559299
8 0.839678 0.718176 0.319933 0.562215
5 0.285998 0.221620 0.571579 0.434961
4 0.330459 0.217710 0.210503 0.280797
1 0.337051 0.677908 0.232110 0.315666
2 0.512908 0.189621 0.114569 0.291660
4 0.415824 0.827798 0.310955 0.344040
3 0.440991 0.269318 0.061970 0.116807
0 0.175660 0.578853 0.182183 0.284411
8 0.951933 0.804726 0.096135 0.384219
8 0.660456 0.536846 0.038220 0.054545
9 0.859388 0.594528 0.060700 0.084027
9 0.716905 0.516924 0.021119 0.022957
9 0.833900 0.593560 0.035410 0.071606
8 0.691283 0.497023 0.025885 0.037287
9 0.713952 0.493502 0.016412 0.018265
