7 0.292112 0.566110 0.037417 0.087488
5 0.633610 0.895798 0.238842 0.208315
4 0.665638 0.913489 0.118187 0.169918
5 0.802082 0.838459 0.303650 0.322897
4 0.842236 0.912454 0.103980 0.172248
4 0.515041 0.910616 0.102003 0.173536
2 0.846485 0.716441 0.069665 0.065912
0 0.020857 0.461808 0.027639 0.035503
5 0.292099 0.614418 0.054319 0.279634
5 0.503332 0.874134 0.165767 0.251626
0 0.300092 0.494063 0.028192 0.040884
4 0.369015 0.293315 0.079606 0.240043
4 0.966909 0.901294 0.065349 0.179081
3 0.846613 0.807051 0.045183 0.041706
7 0.018928 0.543107 0.035379 0.103319
5 0.025633 0.583407 0.050696 0.285670
5 0.956425 0.871501 0.086985 0.256998
1 0.393588 0.183801 0.028538 0.051491
5 0.454014 0.869760 0.087386 0.260292
5 0.373111 0.216214 0.070699 0.409763
4 0.445358 0.937915 0.072167 0.118714
2 0.391619 0.038367 0.033072 0.065069
3 0.021484 0.492104 0.014010 0.014400
2 0.388909 0.050116 0.035562 0.066851
3 0.294666 0.525895 0.015706 0.014420
