5 0.125829 0.724394 0.249055 0.549454
8 0.808941 0.224553 0.381846 0.447938
8 0.535632 0.263242 0.561157 0.375795
0 0.591498 0.654947 0.067479 0.070773
4 0.767898 0.722255 0.051524 0.098690
5 0.606744 0.807128 0.160989 0.385744
4 0.627441 0.812164 0.080897 0.190187
0 0.717714 0.737165 0.044222 0.059109
4 0.711597 0.819982 0.053717 0.095947
5 0.780817 0.766442 0.118264 0.313944
4 0.132192 0.891397 0.236602 0.215715
0 0.767104 0.634420 0.035383 0.042271
5 0.743648 0.853411 0.152674 0.291114
3 0.588288 0.713191 0.020662 0.030836
3 0.767976 0.672631 0.019204 0.019766
1 0.197115 0.666179 0.107999 0.304167
5 0.370929 0.292971 0.066207 0.085733
