5 0.724990 0.734334 0.548743 0.531059
5 0.225713 0.734184 0.449222 0.529830
5 0.250328 0.236229 0.400452 0.464361
1 0.063798 0.580690 0.127339 0.226145
4 0.181942 0.798371 0.361193 0.402476
1 0.837648 0.816546 0.324124 0.366908
2 0.404381 0.101637 0.091665 0.105079
8 0.678812 0.300556 0.457222 0.337882
2 0.818080 0.538685 0.363517 0.140287
5 0.641286 0.389484 0.050964 0.069023
7 0.642113 0.391350 0.044260 0.054048
4 0.403334 0.398514 0.095046 0.139072
3 0.429231 0.267601 0.042043 0.079987
4 0.771530 0.956114 0.454646 0.087525
4 0.809192 0.971066 0.381615 0.056867
