8 0.644930 0.226550 0.432066 0.452331
5 0.812003 0.728662 0.374227 0.541893
8 0.215711 0.719980 0.431422 0.521459
5 0.228385 0.230167 0.400584 0.459286
5 0.609130 0.729101 0.361536 0.541382
6 0.172944 0.231842 0.345471 0.458615
3 0.533087 0.624266 0.202440 0.177447
2 0.159432 0.077608 0.201030 0.154815
3 0.205405 0.381793 0.119383 0.151959
3 0.774454 0.507157 0.105552 0.093690
7 0.050887 0.823937 0.081778 0.141160
7 0.306604 0.775244 0.069817 0.119926
5 0.314497 0.822343 0.122901 0.306438
4 0.562974 0.847710 0.267527 0.304513
5 0.059373 0.848919 0.117496 0.298844
4 0.828269 0.789545 0.309159 0.414655
0 0.015945 0.727225 0.031889 0.049235
0 0.285921 0.679734 0.034138 0.035381
5 0.931852 0.729128 0.136020 0.538915
7 0.012546 0.817383 0.025092 0.112023
5 0.023984 0.851461 0.047967 0.295414
4 0.973087 0.737408 0.053630 0.441813
3 0.009601 0.770329 0.017123 0.021838
5 0.012973 0.864025 0.025946 0.271950
3 0.291597 0.719178 0.017402 0.017907
4 0.978306 0.660970 0.043257 0.309470
4 0.954738 0.727144 0.090272 0.479085
