9 0.238295 0.280787 0.474873 0.556725
8 0.245821 0.779206 0.469134 0.440725
5 0.869403 0.280044 0.260357 0.558462
4 0.881230 0.106395 0.236748 0.211475
8 0.357273 0.672304 0.111494 0.228614
2 0.078708 0.191642 0.130395 0.112228
5 0.086194 0.319582 0.170795 0.363253
3 0.102457 0.330783 0.062266 0.073226
9 0.452088 0.259193 0.055247 0.220225
9 0.857550 0.804680 0.026338 0.024943
0 0.897313 0.896935 0.022445 0.035196
9 0.818986 0.809868 0.030987 0.026273
5 0.897556 0.874543 0.052317 0.154952
5 0.891836 0.939402 0.059734 0.120674
8 0.976288 0.831924 0.032410 0.039946
4 0.898939 0.852220 0.030792 0.057708
0 0.912228 0.811404 0.018148 0.024950
6 0.458105 0.461880 0.041581 0.190784
9 0.890024 0.793212 0.029662 0.023248
4 0.889969 0.955705 0.031878 0.076723
5 0.268379 0.686217 0.016970 0.043092
4 0.893033 0.939924 0.022524 0.045406
