8 0.479461 0.663120 0.256747 0.269181
8 0.255144 0.656416 0.190751 0.256128
5 0.800997 0.676762 0.074878 0.117628
6 0.409501 0.904881 0.099756 0.187104
5 0.915150 0.339380 0.078339 0.173889
6 0.732139 0.667297 0.029018 0.061520
6 0.651404 0.675428 0.028621 0.062003
6 0.855994 0.719560 0.043180 0.104157
5 0.939730 0.366001 0.050599 0.115449
4 0.804304 0.673732 0.041335 0.052578
4 0.911030 0.290756 0.040076 0.059336
5 0.504294 0.289481 0.047475 0.075049
4 0.937013 0.342404 0.030713 0.038162
2 0.796342 0.629811 0.021154 0.018797
2 0.392451 0.276306 0.025172 0.017632
9 0.378528 0.665115 0.050030 0.055995
6 0.371926 0.897359 0.048774 0.180700
5 0.401556 0.305279 0.064297 0.078543
4 0.505313 0.299073 0.030626 0.045899
2 0.934456 0.308618 0.021514 0.023593
3 0.395997 0.298526 0.018831 0.015258
4 0.395484 0.322195 0.030172 0.036525
6 0.989222 0.640270 0.021394 0.070215
6 0.986349 0.647020 0.027244 0.093828
6 0.842909 0.667631 0.018042 0.028601
6 0.884131 0.706738 0.037702 0.122400
3 0.395526 0.302817 0.019828 0.016132
9 0.369841 0.660881 0.033524 0.043506
