8 0.240498 0.774557 0.479432 0.450033
5 0.179108 0.310143 0.352726 0.473940
1 0.743533 0.644398 0.074213 0.080491
5 0.653711 0.775326 0.332062 0.448986
5 0.669102 0.274506 0.374080 0.548160
5 0.845427 0.773750 0.309145 0.451607
4 0.188722 0.459655 0.197843 0.175750
3 0.212663 0.329539 0.081747 0.084353
2 0.251589 0.165984 0.109886 0.103814
2 0.877299 0.889272 0.097468 0.082114
6 0.086307 0.182382 0.171437 0.364764
5 0.767505 0.883153 0.270638 0.233536
1 0.851491 0.975308 0.083975 0.049294
2 0.941981 0.580461 0.111905 0.062174
1 0.803431 0.908530 0.054631 0.061471
2 0.836501 0.811704 0.069671 0.065547
2 0.740724 0.567857 0.111114 0.037146
4 0.897152 0.804896 0.204827 0.317563
5 0.756084 0.637414 0.281841 0.174755
4 0.664112 0.828613 0.195008 0.337561
4 0.766899 0.961443 0.113173 0.076968
5 0.554450 0.732684 0.152364 0.366120
3 0.940993 0.653886 0.069939 0.057823
5 0.817451 0.917477 0.231697 0.165046
5 0.586637 0.644157 0.191019 0.189365
5 0.576902 0.969259 0.189965 0.061477
5 0.879609 0.966401 0.168600 0.067199
2 0.927806 0.972967 0.064334 0.052157
5 0.927028 0.274591 0.144934 0.549085
1 0.815310 0.869011 0.055701 0.042730
5 0.526411 0.772163 0.095972 0.409229
2 0.532613 0.975015 0.088529 0.049704
2 0.865346 0.563824 0.060743 0.028998
5 0.975650 0.724896 0.048700 0.352409
