8 0.742739 0.754328 0.484800 0.490018
5 0.341558 0.754474 0.314946 0.490439
8 0.867716 0.254936 0.264316 0.503750
7 0.957429 0.852492 0.079307 0.132964
4 0.338871 0.627911 0.285330 0.239044
5 0.415395 0.307630 0.168343 0.404916
8 0.777937 0.187813 0.310655 0.375626
7 0.859555 0.896992 0.079791 0.154253
2 0.437240 0.169745 0.095903 0.088521
4 0.449307 0.438823 0.101746 0.140536
5 0.952615 0.861329 0.094749 0.277342
7 0.909043 0.869193 0.057088 0.118312
0 0.937388 0.747249 0.045533 0.045406
7 0.599772 0.935665 0.061878 0.112362
0 0.867620 0.794370 0.044698 0.046757
3 0.464963 0.323018 0.069343 0.080265
5 0.611926 0.909884 0.112286 0.178501
5 0.921149 0.877773 0.106010 0.244454
0 0.904608 0.780012 0.032341 0.033946
0 0.589372 0.840436 0.034010 0.031260
5 0.875528 0.882899 0.132442 0.234158
5 0.748413 0.182952 0.035747 0.076904
3 0.879440 0.835247 0.017235 0.021386
3 0.905940 0.813881 0.016779 0.017304
1 0.593880 0.873528 0.018649 0.016837
