8 0.274430 0.727328 0.548861 0.542120
8 0.736470 0.729211 0.367213 0.540856
5 0.389130 0.229572 0.318952 0.459113
8 0.916853 0.576474 0.166083 0.185537
5 0.332206 0.560481 0.139869 0.202908
8 0.640459 0.771319 0.139830 0.254630
4 0.335196 0.508641 0.089149 0.096477
8 0.843688 0.123031 0.311882 0.246026
4 0.515339 0.365269 0.072580 0.188960
6 0.320364 0.042651 0.203779 0.085302
2 0.527856 0.063691 0.043526 0.110954
8 0.122332 0.728850 0.244535 0.540028
8 0.957446 0.566998 0.084090 0.209749
8 0.175883 0.588229 0.140442 0.257839
