5 0.228539 0.784757 0.455883 0.429732
8 0.728647 0.785137 0.542707 0.429726
5 0.138618 0.320307 0.276589 0.495912
8 0.920212 0.832926 0.159577 0.155617
4 0.797981 0.077950 0.132563 0.155699
6 0.224636 0.109840 0.227098 0.218629
5 0.760121 0.243363 0.284929 0.484258
4 0.584537 0.100936 0.135167 0.201285
5 0.589461 0.283486 0.302575 0.566688
7 0.145315 0.738897 0.290104 0.340124
5 0.718159 0.863319 0.050623 0.101919
8 0.540561 0.803086 0.139023 0.110449
5 0.945287 0.254501 0.109208 0.460024
4 0.719220 0.873838 0.024873 0.050362
5 0.678566 0.261649 0.148980 0.522718
4 0.975275 0.103773 0.048947 0.206869
4 0.017357 0.491238 0.034714 0.155991
2 0.733944 0.822608 0.021123 0.021632
