5 0.774237 0.300674 0.450324 0.599723
6 0.078815 0.336049 0.157630 0.234763
4 0.775028 0.429996 0.449387 0.342288
2 0.487667 0.758897 0.067109 0.059247
5 0.211766 0.798492 0.174437 0.401197
1 0.746766 0.142840 0.392832 0.272006
4 0.228543 0.793046 0.122668 0.238946
5 0.410333 0.859189 0.215944 0.280121
6 0.204852 0.253094 0.150121 0.151418
6 0.271842 0.209610 0.117286 0.111769
6 0.787295 0.751921 0.024302 0.080048
2 0.216995 0.614117 0.053012 0.029802
6 0.845842 0.697480 0.015846 0.054397
5 0.038007 0.066590 0.036939 0.075366
6 0.355450 0.175160 0.067550 0.082726
6 0.526126 0.134549 0.036669 0.042633
6 0.315575 0.179331 0.069901 0.091645
3 0.212518 0.656219 0.038009 0.032311
6 0.429361 0.159129 0.046103 0.063599
6 0.712836 0.694313 0.014938 0.048741
6 0.561770 0.736286 0.019384 0.063019
6 0.484777 0.145539 0.043638 0.050119
4 0.038729 0.059179 0.020238 0.028619
6 0.778289 0.632010 0.008098 0.025748
6 0.589429 0.660023 0.011164 0.028448
6 0.586853 0.659706 0.008408 0.027186
6 0.905382 0.643298 0.011284 0.031709
6 0.670380 0.648677 0.010131 0.033518
6 0.839849 0.612988 0.009410 0.019383
6 0.854954 0.622324 0.008156 0.022857
6 0.644699 0.663529 0.011099 0.028193
6 0.645392 0.676728 0.013720 0.042604
6 0.668202 0.640271 0.009063 0.027469
6 0.940102 0.611195 0.009328 0.021439
6 0.934239 0.615948 0.008354 0.025478
6 0.936633 0.612152 0.007501 0.021968
6 0.672071 0.652549 0.010227 0.035140
6 0.740815 0.630287 0.007495 0.023833
6 0.736152 0.632695 0.010141 0.025421
6 0.510654 0.139918 0.036835 0.045294
6 0.440420 0.159608 0.030452 0.058366
