8 0.813433 0.774754 0.372765 0.449741
6 0.250370 0.127538 0.197083 0.224663
0 0.267437 0.617079 0.156887 0.136047
6 0.085297 0.358094 0.170017 0.384627
5 0.113331 0.774457 0.226214 0.450172
3 0.279181 0.790426 0.081657 0.087095
5 0.284568 0.774824 0.375414 0.449049
7 0.081819 0.757238 0.163638 0.416011
6 0.807247 0.265365 0.380364 0.529012
8 0.719360 0.696889 0.261599 0.295454
6 0.378464 0.052051 0.175028 0.103209
7 0.302659 0.911190 0.288313 0.177217
5 0.446837 0.774244 0.286302 0.449909
7 0.477788 0.772941 0.223329 0.448391
6 0.452483 0.015460 0.126803 0.030823
6 0.277360 0.020990 0.050617 0.036431
6 0.293758 0.022111 0.078711 0.042721
6 0.310167 0.010640 0.035111 0.021280
6 0.653585 0.370226 0.128100 0.281845
6 0.955806 0.268835 0.088388 0.530776
5 0.516476 0.775175 0.146093 0.446360
