6 0.426290 0.146963 0.358284 0.293927
5 0.735991 0.254665 0.252233 0.508228
5 0.371989 0.851717 0.222121 0.294961
5 0.192737 0.856043 0.173544 0.286654
0 0.940939 0.232545 0.118122 0.170959
7 0.724301 0.288778 0.225195 0.430294
4 0.552580 0.904176 0.112048 0.191097
5 0.539119 0.816774 0.139696 0.365914
2 0.359345 0.738216 0.079900 0.058359
4 0.191307 0.928422 0.126205 0.142579
5 0.895622 0.326420 0.208752 0.364252
2 0.195485 0.742367 0.055013 0.047417
2 0.533011 0.679331 0.085492 0.079873
3 0.957585 0.423163 0.075354 0.077262
4 0.367820 0.927508 0.155695 0.144304
3 0.697728 0.039212 0.076510 0.073261
3 0.359964 0.834145 0.049943 0.047351
3 0.195196 0.827539 0.047835 0.046321
5 0.030897 0.833883 0.061794 0.331522
3 0.512468 0.792732 0.030182 0.058437
4 0.027158 0.914923 0.053692 0.168683
3 0.027272 0.803570 0.045160 0.049476
5 0.923203 0.753740 0.153498 0.491907
2 0.016427 0.706769 0.032818 0.069157
5 0.957321 0.755257 0.084527 0.489486
0 0.790366 0.973339 0.058278 0.052685
