5 0.468009 0.193683 0.299873 0.369951
5 0.656916 0.192320 0.662136 0.373637
8 0.152713 0.579050 0.240226 0.249066
4 0.446453 0.296769 0.252717 0.165311
9 0.601826 0.746095 0.564158 0.504842
3 0.712989 0.183150 0.140180 0.141882
8 0.193546 0.777046 0.252827 0.444543
4 0.664088 0.288732 0.378632 0.181796
3 0.508260 0.204453 0.112048 0.102437
2 0.543479 0.081255 0.123547 0.082580
2 0.711001 0.087932 0.111209 0.060609
6 0.438399 0.464566 0.036864 0.071746
6 0.713637 0.468383 0.026056 0.053278
6 0.847038 0.484175 0.023071 0.040022
6 0.968100 0.539674 0.020122 0.044156
8 0.017948 0.466414 0.035838 0.147082
6 0.984865 0.852751 0.029961 0.274232
