8 0.764436 0.205344 0.471128 0.410465
8 0.263712 0.612648 0.527026 0.405435
9 0.763794 0.888602 0.471048 0.222795
6 0.805088 0.829326 0.057332 0.094150
6 0.719044 0.689686 0.018002 0.037650
6 0.831296 0.718889 0.019693 0.035411
6 0.969212 0.748527 0.020179 0.042086
6 0.754403 0.686726 0.014668 0.033950
6 0.617364 0.667298 0.016333 0.031606
6 0.795321 0.680980 0.013388 0.026784
6 0.669500 0.663802 0.014251 0.030528
6 0.858432 0.706129 0.015566 0.038289
6 0.693063 0.661908 0.012016 0.027679
6 0.908618 0.701916 0.012198 0.025250
6 0.992007 0.853953 0.015986 0.076202
6 0.548585 0.644200 0.016653 0.032845
6 0.543720 0.640838 0.015021 0.032846
