5 0.577220 0.698000 0.396866 0.600131
5 0.770789 0.189555 0.456579 0.378447
0 0.566047 0.514627 0.198082 0.209029
7 0.569958 0.843264 0.370593 0.312929
7 0.809346 0.191200 0.372956 0.380699
3 0.550944 0.688742 0.113205 0.104099
5 0.787683 0.856774 0.044879 0.131361
5 0.739835 0.815933 0.032764 0.079526
4 0.714584 0.837738 0.039581 0.109434
4 0.788145 0.833955 0.025904 0.038279
5 0.752256 0.813934 0.026195 0.072939
4 0.741143 0.811621 0.020105 0.032208
2 0.779752 0.781225 0.018198 0.017091
4 0.713582 0.828339 0.027227 0.045684
8 0.022557 0.502283 0.045115 0.234857
2 0.790846 0.798297 0.013315 0.016720
4 0.736029 0.812754 0.018930 0.031928
8 0.845162 0.691202 0.309677 0.617597
4 0.709717 0.820491 0.022182 0.040910
