8 0.725815 0.803799 0.546134 0.388652
7 0.299771 0.797126 0.086664 0.166980
7 0.373478 0.780047 0.078511 0.124834
7 0.145275 0.783202 0.077192 0.132097
5 0.319532 0.818755 0.161106 0.362131
7 0.263729 0.753200 0.045730 0.094583
5 0.228961 0.813816 0.142136 0.336429
7 0.177066 0.746172 0.047283 0.096746
7 0.218721 0.766673 0.072598 0.121037
7 0.330410 0.709244 0.049406 0.090621
5 0.378705 0.797411 0.110687 0.295132
0 0.133134 0.681493 0.044648 0.037996
0 0.200271 0.671579 0.034441 0.031984
5 0.080818 0.809107 0.161591 0.381594
8 0.836116 0.855077 0.325373 0.289649
5 0.172678 0.815848 0.116462 0.323912
7 0.420696 0.772082 0.040034 0.172409
7 0.394782 0.726859 0.034690 0.071007
0 0.284209 0.659274 0.046348 0.045864
0 0.429851 0.640061 0.021235 0.039510
5 0.397848 0.766761 0.067020 0.223925
0 0.378159 0.669762 0.021228 0.025426
3 0.203208 0.703516 0.021715 0.019979
5 0.342002 0.762135 0.096706 0.286046
0 0.354829 0.665795 0.036212 0.040153
7 0.037747 0.899167 0.075341 0.200748
5 0.269785 0.780234 0.082227 0.249279
0 0.321251 0.634155 0.026401 0.025172
3 0.140655 0.714015 0.023595 0.022857
5 0.412417 0.788211 0.056205 0.324916
0 0.367070 0.668207 0.026661 0.031727
3 0.293691 0.700213 0.018274 0.017844
3 0.319780 0.659667 0.017407 0.015625
3 0.431831 0.676337 0.017693 0.017720
3 0.319912 0.664804 0.017112 0.015865
0 0.272145 0.667107 0.031550 0.036754
0 0.261905 0.665469 0.018403 0.029374
7 0.420561 0.732922 0.041697 0.089577
0 0.267093 0.667907 0.021092 0.035061
3 0.368292 0.700351 0.019016 0.018537
