5 0.303915 0.635238 0.399995 0.490666
4 0.292599 0.489067 0.202239 0.201499
5 0.840825 0.651619 0.192395 0.524106
7 0.828354 0.552200 0.090790 0.160539
6 0.360758 0.099042 0.033589 0.077817
7 0.967349 0.543230 0.065113 0.268477
6 0.151389 0.135104 0.028831 0.060409
6 0.604480 0.124866 0.045299 0.119679
0 0.820449 0.417204 0.042308 0.050227
6 0.278947 0.064349 0.017993 0.045929
9 0.933599 0.581735 0.132652 0.179810
5 0.920851 0.688077 0.155990 0.600718
6 0.104898 0.093302 0.017936 0.039491
6 0.157354 0.060706 0.011887 0.030485
6 0.554546 0.006444 0.011124 0.012889
3 0.819935 0.462750 0.030146 0.036949
6 0.087593 0.122699 0.018550 0.043128
6 0.401412 0.032998 0.017870 0.050927
6 0.208813 0.049425 0.011410 0.025518
6 0.217592 0.068962 0.014923 0.037177
6 0.232586 0.036221 0.010156 0.028830
6 0.211263 0.064649 0.013930 0.039612
6 0.291471 0.006637 0.007722 0.013274
6 0.279176 0.013631 0.008935 0.023193
6 0.085730 0.114466 0.015955 0.031683
8 0.718995 0.194477 0.180443 0.388954
