8 0.799357 0.168513 0.400499 0.335797
5 0.712450 0.789289 0.206497 0.419319
5 0.048925 0.760274 0.097851 0.342749
5 0.236869 0.791783 0.152538 0.408571
5 0.466216 0.781960 0.133048 0.382433
4 0.238524 0.659324 0.102275 0.144968
4 0.377098 0.657588 0.092855 0.144713
5 0.136731 0.794822 0.159707 0.410356
4 0.717552 0.683967 0.131994 0.211346
5 0.553741 0.793984 0.099024 0.412032
6 0.239099 0.272225 0.062230 0.162393
4 0.140913 0.675374 0.109276 0.173862
6 0.573390 0.206145 0.038996 0.104808
5 0.372709 0.793279 0.137239 0.409349
5 0.875374 0.791052 0.234681 0.416550
4 0.024364 0.651254 0.048724 0.126482
4 0.565501 0.691076 0.066647 0.194302
6 0.448440 0.047865 0.015433 0.036881
4 0.466413 0.659169 0.072867 0.138796
4 0.870436 0.738455 0.148755 0.304426
6 0.247744 0.012426 0.014319 0.024852
6 0.336387 0.025830 0.015087 0.034805
6 0.592419 0.065178 0.012875 0.040731
6 0.493635 0.025927 0.008619 0.018766
5 0.633314 0.779126 0.065365 0.387495
6 0.194031 0.005367 0.012974 0.010734
4 0.921777 0.742140 0.121832 0.309149
6 0.544692 0.033229 0.008823 0.020730
6 0.392084 0.019512 0.009629 0.026592
6 0.515612 0.039115 0.010298 0.026498
5 0.527274 0.760446 0.084674 0.347027
4 0.495279 0.661051 0.053581 0.142954
6 0.304714 0.007296 0.011981 0.014591
5 0.091203 0.729130 0.098145 0.285433
5 0.187905 0.780092 0.096614 0.381112
