4 0.835493 0.114940 0.185692 0.229880
7 0.893538 0.462105 0.193990 0.215303
7 0.695645 0.410317 0.211285 0.321181
5 0.691042 0.411007 0.239606 0.317199
5 0.831430 0.122308 0.272971 0.243910
4 0.627159 0.107663 0.115216 0.209380
5 0.883108 0.385231 0.233149 0.368764
5 0.643220 0.116207 0.150031 0.231529
6 0.097778 0.286495 0.065549 0.175396
0 0.909385 0.259594 0.084482 0.096769
0 0.761206 0.297574 0.053808 0.067821
6 0.415258 0.137885 0.037796 0.106152
6 0.134487 0.016889 0.014410 0.033274
5 0.782943 0.410426 0.115324 0.301189
6 0.251962 0.014530 0.014828 0.028735
1 0.754754 0.351428 0.025377 0.046282
6 0.042215 0.016251 0.013425 0.031725
6 0.402077 0.007250 0.012866 0.014500
6 0.191528 0.006102 0.010093 0.012203
6 0.094696 0.007790 0.010162 0.015580
6 0.561819 0.073037 0.018176 0.080844
5 0.952919 0.107141 0.094162 0.214069
