6 0.648422 0.224182 0.360158 0.370845
6 0.144278 0.951350 0.040687 0.095888
6 0.067991 0.369414 0.054570 0.083140
6 0.271234 0.781721 0.015323 0.039205
6 0.392879 0.747487 0.015717 0.038050
6 0.021148 0.819458 0.016919 0.040249
6 0.331747 0.742165 0.011848 0.029182
6 0.114381 0.804990 0.014355 0.042598
6 0.357621 0.733754 0.009400 0.022243
6 0.199167 0.775745 0.012572 0.030894
6 0.432032 0.721658 0.011144 0.028481
6 0.116068 0.789968 0.014045 0.032227
6 0.220162 0.758594 0.008324 0.023379
6 0.042303 0.793769 0.010787 0.031376
6 0.030727 0.795290 0.008953 0.026873
6 0.072938 0.061379 0.011033 0.026363
6 0.056781 0.791460 0.011643 0.031354
6 0.083475 0.791697 0.011401 0.030178
6 0.271742 0.760633 0.014353 0.031158
6 0.069495 0.787214 0.012889 0.031636
6 0.442002 0.704187 0.009695 0.020396
6 0.420089 0.717451 0.011676 0.029704
