8 0.774725 0.702982 0.449848 0.591386
8 0.087314 0.498687 0.174298 0.179109
9 0.292076 0.346869 0.515070 0.121063
6 0.492060 0.150006 0.022695 0.054030
6 0.201500 0.149833 0.024404 0.056127
4 0.596662 0.387279 0.039144 0.041994
6 0.030299 0.320506 0.042011 0.101671
6 0.127143 0.114907 0.014264 0.032912
6 0.170634 0.082645 0.008513 0.024829
6 0.084645 0.097020 0.009321 0.025313
6 0.333278 0.070643 0.008857 0.025670
6 0.012091 0.144624 0.016616 0.034262
6 0.214282 0.112547 0.013252 0.031166
6 0.493001 0.143210 0.017300 0.045413
6 0.448864 0.102931 0.014082 0.035057
6 0.056055 0.086132 0.008245 0.019854
4 0.593107 0.377836 0.061557 0.062269
6 0.246411 0.074216 0.008852 0.020755
6 0.411038 0.062330 0.009709 0.022961
6 0.479829 0.056467 0.006242 0.018240
6 0.408517 0.058241 0.008828 0.024343
2 0.592878 0.358592 0.013926 0.015041
6 0.543599 0.075027 0.007848 0.019868
