9 0.783276 0.370078 0.408042 0.458862
5 0.289816 0.829263 0.575325 0.341015
9 0.177988 0.448853 0.353861 0.303083
5 0.829843 0.841062 0.339291 0.317509
4 0.836676 0.899832 0.228414 0.199082
4 0.680315 0.920651 0.107087 0.158150
5 0.676435 0.870965 0.187864 0.257326
0 0.898657 0.756676 0.107259 0.124843
2 0.318826 0.851637 0.512941 0.290034
0 0.699229 0.788041 0.065197 0.072408
6 0.363519 0.487684 0.067180 0.135449
6 0.629699 0.144451 0.046637 0.083885
5 0.614752 0.711147 0.045698 0.113852
6 0.807407 0.123577 0.031160 0.051826
4 0.617697 0.694530 0.019699 0.033220
6 0.234867 0.231792 0.028073 0.056033
6 0.203541 0.178388 0.017104 0.039651
6 0.938899 0.145931 0.023733 0.044789
6 0.104383 0.126422 0.010082 0.025839
0 0.621268 0.667192 0.013145 0.015800
6 0.294440 0.172486 0.010724 0.021996
6 0.281072 0.162205 0.008915 0.025304
6 0.144012 0.115041 0.008622 0.023589
6 0.495320 0.325741 0.016169 0.029456
6 0.161405 0.148224 0.013260 0.029212
6 0.164793 0.145796 0.013470 0.033671
