5 0.691311 0.304634 0.616365 0.367058
9 0.189357 0.365839 0.378642 0.244968
2 0.764519 0.217588 0.468662 0.178192
8 0.136590 0.928357 0.273040 0.143228
6 0.141746 0.210088 0.027670 0.068452
5 0.582667 0.545809 0.076062 0.115195
1 0.775713 0.423682 0.447919 0.129771
6 0.280018 0.242503 0.038487 0.091821
6 0.020257 0.161184 0.015759 0.037785
6 0.040016 0.180544 0.018510 0.042851
6 0.093245 0.183168 0.022980 0.079429
6 0.076158 0.179842 0.022726 0.079202
6 0.218134 0.107434 0.006630 0.020334
6 0.172047 0.113240 0.008571 0.021907
6 0.133288 0.110332 0.009115 0.023270
6 0.098357 0.120204 0.010749 0.020583
6 0.045951 0.122393 0.009125 0.023403
6 0.279697 0.099666 0.007854 0.021588
6 0.262788 0.108301 0.008615 0.021642
6 0.344686 0.100586 0.007501 0.022133
6 0.260150 0.108107 0.009608 0.020035
6 0.136399 0.111115 0.010289 0.024386
6 0.083601 0.189956 0.019758 0.060190
9 0.971134 0.575530 0.037164 0.038125
5 0.119272 0.935342 0.029412 0.040406
