5 0.726980 0.738970 0.545734 0.520463
8 0.114516 0.921939 0.228509 0.155875
9 0.115133 0.328791 0.228550 0.300645
9 0.622318 0.241299 0.755328 0.479581
0 0.742714 0.054040 0.239231 0.107679
6 0.170642 0.199712 0.045778 0.088689
7 0.674042 0.767015 0.393143 0.465970
7 0.806211 0.326241 0.382812 0.307579
3 0.691409 0.545890 0.106486 0.104726
5 0.779034 0.244446 0.441839 0.469992
5 0.467581 0.706595 0.046283 0.132975
3 0.760851 0.238270 0.090042 0.195430
5 0.508113 0.667763 0.034258 0.073463
4 0.533809 0.694073 0.034899 0.123135
6 0.090968 0.113650 0.019492 0.044452
6 0.215788 0.090414 0.014928 0.041120
4 0.466335 0.682426 0.024031 0.035074
6 0.008590 0.219363 0.017181 0.050709
5 0.499136 0.664085 0.032776 0.062991
4 0.506205 0.662244 0.021520 0.033271
4 0.531955 0.678379 0.022000 0.033263
6 0.137725 0.130562 0.015054 0.024812
4 0.531509 0.687726 0.030744 0.064030
4 0.537491 0.679991 0.021267 0.037231
