5 0.914591 0.789707 0.170072 0.420123
9 0.047247 0.285587 0.093900 0.116788
9 0.264505 0.477819 0.528029 0.141994
4 0.925520 0.871076 0.148784 0.257792
2 0.905538 0.663596 0.127271 0.130155
6 0.467370 0.418340 0.044946 0.096153
6 0.373955 0.367912 0.034857 0.066392
6 0.256662 0.338735 0.022140 0.044397
6 0.303409 0.349377 0.026732 0.050750
6 0.190782 0.335354 0.023937 0.045272
6 0.106057 0.341486 0.016845 0.034069
6 0.008802 0.399040 0.017603 0.064619
6 0.025804 0.353780 0.018562 0.032645
6 0.045623 0.375844 0.012812 0.025501
6 0.005018 0.378695 0.010036 0.045639
