7 0.752267 0.667783 0.070925 0.171672
7 0.677720 0.674530 0.062267 0.131555
7 0.596129 0.692865 0.090471 0.191470
5 0.169594 0.746285 0.331073 0.491208
9 0.478006 0.194850 0.031901 0.037904
7 0.907505 0.612808 0.058175 0.135752
7 0.829975 0.614769 0.057356 0.122823
5 0.597840 0.753346 0.095734 0.455520
9 0.236145 0.419531 0.471649 0.161498
5 0.679309 0.689116 0.080813 0.308129
0 0.825560 0.514774 0.034118 0.029911
0 0.574008 0.553880 0.044878 0.049675
5 0.909768 0.675700 0.089174 0.355907
5 0.755248 0.731352 0.090340 0.449779
6 0.090933 0.321574 0.037074 0.073678
7 0.699437 0.590655 0.049944 0.095510
7 0.863116 0.579884 0.041388 0.102067
6 0.250200 0.275316 0.022619 0.047145
5 0.839212 0.669574 0.097510 0.328100
0 0.664878 0.551630 0.037050 0.044826
7 0.638741 0.626575 0.024830 0.077496
0 0.896944 0.509683 0.038766 0.021668
6 0.522027 0.292445 0.016324 0.033053
6 0.386472 0.270973 0.017745 0.037058
4 0.139799 0.625156 0.222242 0.249122
5 0.452119 0.724648 0.204578 0.447380
0 0.736740 0.525048 0.047129 0.045045
0 0.695908 0.511151 0.030728 0.021577
5 0.868279 0.638078 0.055438 0.274231
7 0.780862 0.611688 0.034965 0.093226
5 0.703359 0.628387 0.055819 0.254708
3 0.828719 0.544242 0.019497 0.018869
0 0.642117 0.560972 0.016565 0.024839
3 0.896804 0.540647 0.021417 0.018985
5 0.641285 0.634435 0.035358 0.168817
5 0.776058 0.620008 0.044794 0.199664
3 0.733464 0.569654 0.021224 0.020042
0 0.669121 0.543316 0.027346 0.036362
7 0.559493 0.643334 0.017726 0.082523
0 0.756936 0.533180 0.023191 0.028757
3 0.575796 0.598848 0.018849 0.023470
6 0.453293 0.229239 0.008583 0.017175
6 0.539686 0.267896 0.013312 0.026780
3 0.570479 0.599994 0.017285 0.021679
5 0.573026 0.688820 0.048744 0.318780
5 0.714214 0.658178 0.047553 0.293815
5 0.863251 0.565232 0.056985 0.131734
3 0.696716 0.539682 0.018519 0.016586
0 0.762449 0.537168 0.017043 0.020602
3 0.827356 0.549280 0.018429 0.018556
5 0.558596 0.638970 0.016306 0.108404
