9 0.292603 0.579710 0.584752 0.243784
7 0.790475 0.496444 0.117419 0.290467
9 0.928741 0.507265 0.142517 0.166190
0 0.810674 0.277223 0.064558 0.097013
7 0.739701 0.437552 0.060694 0.171976
5 0.356060 0.849717 0.466158 0.299287
5 0.785755 0.414183 0.149391 0.568363
6 0.338678 0.336203 0.026116 0.058098
6 0.561869 0.513633 0.051387 0.127192
6 0.233838 0.276463 0.016606 0.032905
5 0.741203 0.457306 0.084465 0.487637
6 0.483245 0.234691 0.014709 0.035928
6 0.191239 0.250621 0.011818 0.026994
6 0.045073 0.281116 0.018248 0.046594
0 0.739477 0.301329 0.030466 0.051734
8 0.757827 0.048283 0.338941 0.096338
6 0.164897 0.238732 0.009679 0.023320
3 0.782704 0.311680 0.023074 0.062972
0 0.736245 0.310484 0.023240 0.044042
6 0.019552 0.223929 0.008242 0.021248
6 0.051606 0.252523 0.013586 0.032283
6 0.109212 0.221178 0.009413 0.020705
0 0.736522 0.323750 0.026138 0.034156
