8 0.284292 0.808158 0.566230 0.382443
7 0.618058 0.366841 0.087746 0.181568
9 0.247790 0.461266 0.495579 0.314487
8 0.642319 0.856243 0.147969 0.287279
7 0.697213 0.349789 0.059439 0.123541
7 0.843173 0.297591 0.062837 0.115447
7 0.766966 0.350510 0.073240 0.160940
7 0.916817 0.296741 0.061665 0.127347
5 0.618383 0.411648 0.094454 0.413909
7 0.658788 0.306034 0.029491 0.075099
5 0.846753 0.351848 0.102925 0.329470
5 0.695362 0.371155 0.079915 0.284180
0 0.594808 0.233775 0.043168 0.051570
5 0.768533 0.409127 0.103415 0.421812
5 0.919514 0.350831 0.083045 0.349345
7 0.717331 0.269688 0.043684 0.089030
6 0.011937 0.248988 0.019897 0.039692
6 0.364216 0.281215 0.028603 0.059537
0 0.685148 0.231253 0.034695 0.045291
0 0.902851 0.189477 0.038359 0.032293
7 0.874334 0.265442 0.037196 0.097838
0 0.836592 0.199565 0.032007 0.030195
6 0.530052 0.274837 0.022795 0.048553
0 0.755728 0.214025 0.038657 0.035327
5 0.792262 0.327807 0.045218 0.232693
6 0.415860 0.210935 0.015462 0.030349
3 0.840425 0.229533 0.020450 0.019073
5 0.661826 0.339536 0.042525 0.217186
6 0.060106 0.208533 0.013452 0.028999
6 0.254445 0.208527 0.016814 0.041524
6 0.144318 0.171347 0.009556 0.024557
6 0.201423 0.189185 0.013567 0.026662
6 0.293277 0.164559 0.009343 0.021200
7 0.791693 0.291551 0.035633 0.085163
0 0.660800 0.242091 0.018283 0.024018
5 0.722866 0.331043 0.056604 0.292448
5 0.878806 0.323251 0.048592 0.291568
6 0.097259 0.186482 0.011927 0.025751
0 0.713865 0.195257 0.020938 0.022598
5 0.596115 0.382224 0.054952 0.350998
6 0.485061 0.214178 0.011654 0.025762
7 0.580987 0.316775 0.019254 0.084316
6 0.253863 0.182331 0.011613 0.029383
6 0.323586 0.191840 0.016998 0.034755
0 0.728133 0.206861 0.019876 0.026182
0 0.779472 0.221276 0.013948 0.019822
3 0.744772 0.248983 0.016795 0.018439
6 0.229148 0.166586 0.007060 0.019875
3 0.680786 0.271064 0.016317 0.018171
3 0.714509 0.227258 0.015702 0.013542
3 0.903589 0.226007 0.021686 0.017721
3 0.748244 0.252005 0.018151 0.017316
6 0.254014 0.177114 0.008747 0.023158
5 0.580659 0.345287 0.021818 0.196976
3 0.594561 0.277275 0.019720 0.018277
5 0.177270 0.131052 0.013750 0.038735
0 0.759803 0.223128 0.048563 0.046292
3 0.714482 0.222922 0.017416 0.015023
6 0.323217 0.185190 0.014221 0.027635
