9 0.214804 0.284962 0.429500 0.566896
5 0.214380 0.785280 0.428741 0.428396
8 0.638635 0.822415 0.421055 0.353998
4 0.767104 0.393152 0.108854 0.126574
5 0.735104 0.409583 0.221118 0.313792
5 0.906092 0.288288 0.187081 0.534299
5 0.562466 0.418165 0.266531 0.292055
2 0.282161 0.694895 0.292463 0.214684
7 0.499522 0.454622 0.139979 0.135421
0 0.611816 0.362967 0.042051 0.039309
0 0.733614 0.292692 0.072988 0.058440
0 0.883920 0.098081 0.098565 0.092313
0 0.541501 0.314162 0.092817 0.057625
1 0.315233 0.900609 0.226514 0.198561
4 0.589021 0.439666 0.067407 0.071051
5 0.593417 0.412102 0.099617 0.149267
5 0.529603 0.882251 0.023338 0.049720
3 0.905834 0.147936 0.045808 0.038752
3 0.752448 0.326922 0.030235 0.024228
4 0.971177 0.175152 0.057088 0.257266
3 0.608199 0.399555 0.027407 0.021795
3 0.535851 0.346253 0.041813 0.030636
