8 0.260380 0.725089 0.520648 0.549224
9 0.171084 0.243236 0.341662 0.413515
4 0.622243 0.725483 0.207054 0.354223
5 0.644201 0.725335 0.252825 0.548550
8 0.687781 0.355794 0.339306 0.187125
4 0.730557 0.663048 0.204429 0.313284
5 0.725638 0.724198 0.351434 0.546871
6 0.401665 0.032330 0.023073 0.045198
6 0.226899 0.025380 0.030784 0.050759
2 0.580128 0.488556 0.123147 0.078788
2 0.728354 0.469672 0.120914 0.039145
2 0.879016 0.478837 0.093147 0.054107
4 0.963657 0.756228 0.072685 0.300031
5 0.847815 0.717233 0.210955 0.520464
5 0.935877 0.744422 0.128147 0.510889
6 0.449035 0.016149 0.018616 0.031996
2 0.677124 0.469819 0.229638 0.041102
4 0.845437 0.558607 0.151528 0.069154
6 0.497562 0.408564 0.043320 0.082584
