8 0.785016 0.753278 0.428847 0.493152
8 0.784028 0.254616 0.430016 0.507261
9 0.283835 0.334862 0.564755 0.346842
8 0.110553 0.601125 0.140725 0.127687
8 0.486586 0.559723 0.163917 0.104678
6 0.199662 0.184110 0.052556 0.089111
6 0.392081 0.159395 0.033907 0.061088
7 0.834903 0.817227 0.027473 0.057401
5 0.837182 0.845089 0.056309 0.185016
6 0.534930 0.184467 0.025449 0.046989
9 0.132753 0.523863 0.037374 0.026579
9 0.142051 0.527944 0.027072 0.025225
6 0.195036 0.536165 0.009121 0.019045
9 0.154913 0.522377 0.023923 0.022177
9 0.383260 0.537860 0.041845 0.048073
