5 0.790029 0.770046 0.419254 0.459644
5 0.371593 0.897574 0.359334 0.204697
5 0.180638 0.740597 0.337381 0.400471
5 0.852541 0.233561 0.294698 0.466997
0 0.395120 0.836302 0.150234 0.066087
2 0.270337 0.587066 0.121876 0.067303
7 0.808432 0.769819 0.382508 0.460167
4 0.443566 0.938917 0.208146 0.121853
4 0.192776 0.670538 0.177592 0.124943
0 0.822410 0.125198 0.217357 0.250396
3 0.931187 0.150816 0.112363 0.159776
3 0.245687 0.637889 0.055530 0.033816
0 0.965672 0.106739 0.067945 0.200202
3 0.361638 0.890328 0.031864 0.026833
3 0.333014 0.880177 0.027257 0.024535
3 0.356096 0.886302 0.032025 0.024477
3 0.337760 0.884673 0.028932 0.027079
