5 0.713467 0.630842 0.571778 0.398815
4 0.593541 0.652415 0.329548 0.270505
5 0.699905 0.849322 0.540796 0.301031
0 0.953018 0.260332 0.093965 0.207216
2 0.511911 0.827005 0.164081 0.148734
3 0.529492 0.587816 0.199440 0.147384
4 0.773301 0.317161 0.212214 0.223966
5 0.785296 0.262834 0.365521 0.331759
5 0.593010 0.235677 0.258468 0.290400
4 0.630147 0.270584 0.105834 0.117301
2 0.755060 0.175151 0.100773 0.093794
8 0.163294 0.794596 0.326138 0.409016
0 0.562205 0.173807 0.212718 0.205651
0 0.639412 0.348984 0.172554 0.134598
0 0.668070 0.400990 0.157963 0.058302
0 0.950466 0.385922 0.098964 0.087487
3 0.511636 0.973396 0.161233 0.053209
5 0.947990 0.267009 0.103981 0.222537
5 0.962851 0.095333 0.074298 0.189056
3 0.833161 0.225328 0.045140 0.044541
5 0.706498 0.393991 0.306719 0.070838
5 0.832258 0.030031 0.215468 0.060044
5 0.924154 0.383833 0.150134 0.091182
0 0.973350 0.034255 0.052766 0.068131
4 0.967838 0.074637 0.064242 0.149274
