5 0.255419 0.738699 0.509571 0.522361
9 0.753967 0.239983 0.491203 0.477872
5 0.593240 0.555216 0.073894 0.146401
3 0.260456 0.811345 0.491529 0.275844
2 0.264290 0.573156 0.494145 0.189039
4 0.594033 0.533542 0.037645 0.053864
6 0.712526 0.202099 0.071450 0.127138
5 0.062244 0.217070 0.124262 0.433867
6 0.873180 0.118409 0.069436 0.095062
4 0.027758 0.064649 0.055507 0.128496
4 0.254854 0.957992 0.507723 0.083036
0 0.583854 0.491320 0.014922 0.018929
8 0.703712 0.514322 0.293378 0.071236
9 0.682117 0.513401 0.271260 0.066959
