0 0.937767 0.872868 0.075897 0.108781
5 0.294650 0.220389 0.382495 0.421354
4 0.196874 0.162057 0.149776 0.145920
0 0.195427 0.056287 0.122774 0.056754
8 0.100738 0.793241 0.201288 0.264250
5 0.947798 0.905854 0.103927 0.186932
5 0.464873 0.081632 0.187351 0.163224
7 0.967837 0.965966 0.064039 0.068050
3 0.245750 0.084107 0.033272 0.025542
3 0.944766 0.948833 0.028923 0.040261
5 0.741246 0.725798 0.121862 0.120731
3 0.236935 0.088901 0.042705 0.027566
5 0.993115 0.465425 0.013770 0.048160
5 0.985339 0.441649 0.028809 0.115728
