5 0.348297 0.733596 0.696449 0.529580
8 0.849623 0.735094 0.300087 0.529813
5 0.508719 0.196923 0.382225 0.387731
5 0.293465 0.358476 0.436917 0.214078
4 0.190132 0.405498 0.163115 0.127107
1 0.280870 0.687592 0.560511 0.405097
0 0.166916 0.318647 0.129487 0.066876
4 0.349388 0.850746 0.697990 0.297872
4 0.556854 0.106373 0.255297 0.146703
5 0.907657 0.322882 0.087546 0.250794
2 0.358796 0.056982 0.090533 0.060746
0 0.895400 0.215509 0.026228 0.026655
3 0.219346 0.338598 0.040727 0.031448
3 0.404979 0.086124 0.047164 0.035236
4 0.910288 0.278223 0.027074 0.076199
3 0.894044 0.242619 0.012745 0.014839
3 0.210145 0.349548 0.045766 0.030180
