5 0.709898 0.125010 0.580203 0.250013
8 0.207026 0.623782 0.412475 0.749343
9 0.603649 0.506803 0.054235 0.048017
8 0.545532 0.786359 0.251544 0.248518
9 0.455409 0.519110 0.052526 0.050740
8 0.933859 0.639109 0.111286 0.129310
1 0.621104 0.140532 0.415559 0.219155
9 0.818969 0.472905 0.041715 0.041921
9 0.978338 0.406475 0.043169 0.058845
9 0.698232 0.472522 0.038802 0.032433
9 0.711676 0.499582 0.054393 0.043661
5 0.157773 0.058363 0.306930 0.116052
9 0.692880 0.499627 0.054788 0.040336
9 0.831698 0.369954 0.031828 0.028488
2 0.633427 0.025120 0.436017 0.050129
9 0.870812 0.373756 0.024139 0.022659
9 0.990891 0.416965 0.018046 0.042837
9 0.855002 0.370288 0.024729 0.021739
