8 0.643321 0.864270 0.310750 0.271228
5 0.122059 0.143491 0.244025 0.286222
8 0.833174 0.322522 0.177537 0.258235
8 0.819974 0.585671 0.143594 0.292282
8 0.849683 0.838423 0.299867 0.220058
6 0.407437 0.940918 0.022917 0.051688
5 0.916895 0.800530 0.041234 0.062096
6 0.282583 0.929939 0.015062 0.038485
4 0.089036 0.039297 0.176035 0.076369
6 0.464663 0.907387 0.015297 0.037677
6 0.067440 0.978373 0.034765 0.039786
6 0.233679 0.914370 0.013304 0.038134
6 0.358165 0.879424 0.007639 0.020494
6 0.303524 0.905308 0.009587 0.019157
6 0.183015 0.867004 0.007362 0.017869
6 0.206980 0.993567 0.032303 0.012852
6 0.133897 0.871520 0.008652 0.021640
6 0.055156 0.873935 0.007994 0.018044
6 0.283354 0.893487 0.008700 0.021133
7 0.912216 0.789238 0.023176 0.032209
6 0.010309 0.868468 0.011014 0.025425
6 0.007807 0.862067 0.010533 0.022005
6 0.282382 0.913031 0.011942 0.042197
2 0.159530 0.007664 0.093632 0.015118
3 0.149103 0.023141 0.045003 0.023622
7 0.914976 0.795822 0.032537 0.038006
6 0.244201 0.858182 0.006092 0.015196
3 0.144895 0.013443 0.061350 0.026793
6 0.135644 0.867793 0.009516 0.027146
