9 0.295482 0.779684 0.590113 0.439218
5 0.787138 0.279334 0.397278 0.556375
5 0.229301 0.157860 0.243968 0.315013
5 0.490121 0.367907 0.195138 0.246116
4 0.733939 0.300240 0.290104 0.500673
4 0.504231 0.332864 0.087719 0.100364
4 0.232583 0.071090 0.151564 0.125383
5 0.928981 0.616948 0.141920 0.112442
6 0.387791 0.601363 0.067802 0.084800
2 0.466142 0.264538 0.062936 0.026867
1 0.777692 0.039815 0.203931 0.079038
0 0.492045 0.391400 0.065183 0.046823
5 0.642328 0.779847 0.101999 0.440305
3 0.224490 0.037183 0.058762 0.026347
2 0.222714 0.011133 0.091215 0.020964
3 0.458735 0.284512 0.033572 0.020875
0 0.575369 0.115695 0.025671 0.031722
6 0.247933 0.534102 0.031568 0.048778
