5 0.331929 0.793779 0.658966 0.411800
6 0.155117 0.793036 0.309846 0.409851
3 0.383625 0.675129 0.137931 0.145033
4 0.769770 0.515768 0.219646 0.149208
5 0.512932 0.122339 0.292689 0.244507
5 0.798905 0.402752 0.280134 0.372388
0 0.935723 0.204776 0.128555 0.187560
5 0.895973 0.343452 0.208054 0.491918
3 0.709331 0.421211 0.090548 0.082622
0 0.702559 0.294387 0.086218 0.128022
3 0.957744 0.369364 0.084379 0.091928
4 0.445536 0.849690 0.337363 0.299473
4 0.934987 0.507028 0.129465 0.165485
4 0.560228 0.017954 0.176206 0.035455
