5 0.802062 0.809134 0.344858 0.379705
4 0.203188 0.353948 0.210678 0.216472
5 0.333172 0.809830 0.601299 0.379818
5 0.259143 0.384793 0.379755 0.465762
5 0.413087 0.125543 0.311635 0.250149
2 0.822303 0.651414 0.110118 0.067154
7 0.790049 0.821657 0.144247 0.304680
0 0.383970 0.738469 0.389385 0.237098
0 0.235222 0.193262 0.148403 0.068546
3 0.812061 0.682896 0.066295 0.069351
5 0.917348 0.309906 0.165218 0.619147
7 0.942393 0.102346 0.115178 0.203523
3 0.445141 0.948923 0.148176 0.101191
4 0.401777 0.028219 0.194326 0.055997
