5 0.759799 0.693532 0.479086 0.611786
9 0.758771 0.193983 0.482354 0.386055
7 0.204042 0.701978 0.072852 0.134128
5 0.245970 0.123605 0.356099 0.246942
4 0.759534 0.903994 0.478838 0.191115
8 0.136887 0.651013 0.273456 0.525589
7 0.322865 0.722388 0.077550 0.155186
1 0.846418 0.791421 0.307165 0.384580
0 0.211739 0.592139 0.049663 0.047117
2 0.805390 0.514068 0.388695 0.253495
7 0.086367 0.722371 0.077539 0.145097
0 0.127362 0.621297 0.047019 0.047082
5 0.312015 0.786431 0.134234 0.427137
0 0.314418 0.630552 0.030331 0.031567
0 0.169859 0.616949 0.034822 0.036798
5 0.194384 0.757044 0.121811 0.377705
0 0.382431 0.678834 0.037246 0.031881
7 0.503231 0.760174 0.035966 0.149776
0 0.341625 0.598164 0.035970 0.039052
5 0.085277 0.780991 0.115147 0.381889
5 0.369128 0.800173 0.089912 0.286752
7 0.279957 0.768871 0.036228 0.079713
5 0.485303 0.812021 0.070030 0.371987
5 0.141899 0.774120 0.093285 0.358556
7 0.374252 0.770229 0.048972 0.137677
7 0.151681 0.708506 0.057232 0.120696
5 0.279761 0.794339 0.062480 0.332418
3 0.126170 0.665054 0.022392 0.023427
3 0.342395 0.633607 0.022018 0.020996
4 0.279162 0.020610 0.212025 0.040885
3 0.162641 0.654367 0.021626 0.022706
4 0.262917 0.014703 0.175261 0.029267
3 0.219029 0.629372 0.021203 0.024929
