8 0.686009 0.739149 0.615570 0.520626
5 0.214254 0.102507 0.328225 0.205015
0 0.456604 0.111387 0.156513 0.142411
5 0.311320 0.277462 0.135160 0.406066
5 0.865652 0.399191 0.268316 0.159808
0 0.560549 0.274727 0.176585 0.196336
0 0.928203 0.401743 0.142332 0.152071
4 0.796893 0.297369 0.173019 0.231868
0 0.940186 0.104691 0.119543 0.187397
0 0.928394 0.286690 0.142854 0.131552
5 0.776261 0.558334 0.079506 0.154701
0 0.598642 0.421707 0.194261 0.114125
4 0.426307 0.265524 0.095971 0.167262
5 0.562743 0.274866 0.180803 0.213815
2 0.795904 0.146903 0.103506 0.114243
2 0.433647 0.363272 0.106602 0.125407
4 0.929248 0.201553 0.108843 0.132016
5 0.456743 0.217735 0.156267 0.343835
5 0.916145 0.152783 0.167498 0.266724
4 0.843582 0.443550 0.119430 0.072627
5 0.497685 0.106457 0.229045 0.208030
5 0.770806 0.242209 0.321394 0.343288
5 0.447650 0.388313 0.138319 0.183149
8 0.105824 0.543143 0.201704 0.127855
4 0.553201 0.088097 0.088439 0.151022
0 0.482356 0.046475 0.188729 0.092807
3 0.730020 0.206270 0.044943 0.040991
3 0.916285 0.452559 0.064519 0.041810
5 0.603902 0.027720 0.211788 0.054761
0 0.586132 0.390103 0.127773 0.060095
