6 0.137388 0.739814 0.274162 0.519922
8 0.605201 0.740791 0.640911 0.518328
8 0.145468 0.344388 0.290935 0.270467
8 0.547562 0.758688 0.180255 0.301385
6 0.228852 0.653751 0.116941 0.347113
9 0.550834 0.436894 0.034784 0.032259
8 0.060569 0.289110 0.120327 0.379786
5 0.751018 0.419471 0.056579 0.121845
0 0.887912 0.406540 0.020163 0.033235
8 0.849167 0.366323 0.032067 0.030776
5 0.725282 0.859915 0.055723 0.091321
5 0.666131 0.628581 0.023878 0.076373
4 0.753549 0.410487 0.029369 0.054330
9 0.585126 0.420448 0.032680 0.027249
9 0.827309 0.381342 0.031450 0.030324
5 0.886105 0.433801 0.043904 0.090202
9 0.614137 0.405833 0.030211 0.026779
0 0.748607 0.370198 0.018597 0.021610
7 0.667139 0.613733 0.014169 0.032758
9 0.875224 0.377030 0.026332 0.030452
0 0.667159 0.596691 0.011564 0.012861
9 0.837465 0.376555 0.031151 0.028568
