8 0.173282 0.733921 0.345718 0.530604
8 0.175596 0.333734 0.351191 0.270097
8 0.202854 0.144790 0.293437 0.289177
5 0.650439 0.235122 0.540134 0.467195
5 0.544658 0.734304 0.375170 0.531013
1 0.520695 0.542823 0.118010 0.130430
5 0.859745 0.734606 0.278305 0.528672
5 0.733944 0.734660 0.476981 0.530680
4 0.545696 0.789228 0.293356 0.419103
7 0.655651 0.230026 0.533953 0.458731
4 0.774327 0.766213 0.306269 0.464258
3 0.697965 0.561885 0.079364 0.082069
5 0.189112 0.059975 0.026170 0.044097
4 0.893644 0.727465 0.212552 0.543497
5 0.403370 0.730509 0.113700 0.521842
5 0.096866 0.510815 0.038242 0.071710
