5 0.845088 0.685255 0.309179 0.412204
5 0.850659 0.242769 0.298372 0.471902
8 0.353661 0.345643 0.198960 0.203400
7 0.833283 0.270956 0.196934 0.336661
8 0.346637 0.266139 0.692535 0.428711
4 0.845470 0.572397 0.303123 0.184970
0 0.764368 0.068788 0.084276 0.100293
8 0.069041 0.416090 0.138009 0.125378
4 0.297064 0.356556 0.022184 0.041877
5 0.294293 0.347738 0.040337 0.082335
5 0.739886 0.267862 0.102100 0.423372
3 0.777976 0.130692 0.036736 0.053320
2 0.293474 0.314547 0.016271 0.018457
3 0.765467 0.092872 0.038622 0.038079
