8 0.311902 0.337276 0.620727 0.673919
8 0.097594 0.461549 0.193959 0.430691
2 0.786496 0.043817 0.067628 0.058916
8 0.771976 0.794359 0.293236 0.232011
7 0.701651 0.298819 0.075780 0.144711
4 0.798378 0.173165 0.085234 0.135942
5 0.793234 0.151611 0.168648 0.282458
0 0.692520 0.176853 0.049922 0.056283
5 0.699474 0.327513 0.129742 0.354081
4 0.961251 0.107925 0.070419 0.103445
5 0.907822 0.028294 0.043731 0.056357
5 0.941024 0.107338 0.117924 0.214097
1 0.797225 0.098896 0.037827 0.034186
5 0.532382 0.836834 0.171346 0.315612
1 0.976823 0.045841 0.022345 0.025642
1 0.702014 0.218441 0.024076 0.033309
1 0.716511 0.220211 0.020986 0.042187
4 0.975361 0.276607 0.049247 0.117333
1 0.981307 0.052186 0.028939 0.033969
2 0.977550 0.009868 0.041265 0.019710
5 0.965805 0.273124 0.068128 0.335343
5 0.956317 0.379363 0.087366 0.551241
1 0.697895 0.222768 0.022621 0.026236
1 0.981914 0.035436 0.024861 0.023859
