8 0.245061 0.225410 0.490122 0.449815
8 0.765243 0.753302 0.466047 0.492543
5 0.131451 0.729508 0.261763 0.540503
7 0.119601 0.712707 0.227836 0.365751
7 0.412457 0.577702 0.057574 0.112943
7 0.351275 0.587685 0.064228 0.122147
7 0.210677 0.610054 0.064870 0.126626
0 0.332849 0.499796 0.038488 0.040202
0 0.186533 0.516461 0.040474 0.043231
5 0.410908 0.634208 0.083680 0.292549
0 0.076677 0.471102 0.092959 0.041168
5 0.356060 0.654155 0.099823 0.341836
7 0.156412 0.580855 0.060516 0.088935
5 0.823986 0.896075 0.047755 0.084877
0 0.034123 0.543023 0.028375 0.035040
5 0.211623 0.665463 0.106466 0.349166
0 0.384044 0.508519 0.034207 0.039527
3 0.084706 0.537453 0.045298 0.049125
5 0.033877 0.738745 0.067418 0.486758
0 0.127949 0.518877 0.042792 0.045628
5 0.383433 0.626200 0.061103 0.256742
0 0.360300 0.514759 0.022415 0.034477
7 0.015362 0.650013 0.030328 0.193719
4 0.817493 0.894232 0.023937 0.032829
5 0.182055 0.667806 0.130188 0.362172
3 0.194048 0.545973 0.016620 0.017314
0 0.374388 0.510833 0.035855 0.041126
7 0.021991 0.597936 0.043662 0.070133
7 0.022253 0.708673 0.044506 0.307354
