8 0.270244 0.828465 0.539769 0.341967
8 0.277509 0.473251 0.528039 0.373085
8 0.211368 0.330581 0.422268 0.659872
2 0.742062 0.108912 0.076170 0.105220
5 0.627607 0.199836 0.146917 0.399428
4 0.643260 0.098754 0.087035 0.159044
4 0.719521 0.333966 0.120832 0.249975
7 0.257938 0.710774 0.034155 0.067176
5 0.710585 0.306762 0.197733 0.504916
5 0.271556 0.749518 0.087031 0.182130
3 0.640404 0.032662 0.028857 0.039374
8 0.716668 0.288138 0.356530 0.576109
3 0.709428 0.189358 0.022984 0.035147
0 0.265478 0.665964 0.024374 0.014637
0 0.936728 0.829512 0.119193 0.340976
