5 0.809143 0.290107 0.381403 0.577951
8 0.310102 0.294860 0.612646 0.572613
5 0.815589 0.755388 0.366191 0.350020
8 0.515061 0.386913 0.207032 0.380920
8 0.307434 0.846533 0.610607 0.306705
1 0.782341 0.349917 0.328766 0.389481
7 0.383604 0.964069 0.061125 0.071861
8 0.149947 0.294975 0.191607 0.210980
5 0.216677 0.280241 0.037103 0.094871
5 0.371465 0.950215 0.109688 0.099569
2 0.778435 0.052605 0.322135 0.105028
8 0.544872 0.939589 0.148094 0.120822
0 0.361606 0.914926 0.031263 0.030658
2 0.205269 0.242856 0.014090 0.016237
4 0.208891 0.283798 0.015516 0.039168
