8 0.209371 0.336949 0.416472 0.660124
5 0.589368 0.374340 0.337622 0.589597
5 0.209757 0.902769 0.418610 0.193648
5 0.713023 0.867050 0.573074 0.263817
4 0.558021 0.405180 0.278042 0.491737
0 0.697370 0.187565 0.118963 0.199005
1 0.712069 0.917669 0.480172 0.164312
1 0.172600 0.937779 0.345201 0.124147
2 0.784410 0.817047 0.415488 0.133132
3 0.680418 0.307041 0.036804 0.064416
2 0.110097 0.850890 0.219668 0.059516
5 0.178773 0.224744 0.041442 0.088275
4 0.175538 0.228436 0.018566 0.042493
2 0.171495 0.189501 0.012166 0.016513
2 0.173568 0.185522 0.013955 0.015228
