9 0.169764 0.760179 0.339269 0.479473
8 0.245630 0.307841 0.159169 0.328292
8 0.206253 0.078121 0.178821 0.154454
5 0.736811 0.763126 0.299247 0.463983
7 0.753366 0.666390 0.164710 0.213151
7 0.384397 0.653388 0.090643 0.269967
5 0.406420 0.759039 0.132001 0.481860
8 0.651692 0.166179 0.500768 0.331885
0 0.632086 0.623978 0.074752 0.136500
5 0.248508 0.709731 0.179090 0.364164
8 0.044524 0.406486 0.088951 0.221899
5 0.082745 0.756675 0.163731 0.459135
3 0.047916 0.709934 0.065692 0.052730
5 0.752657 0.059344 0.030260 0.059238
3 0.664379 0.672184 0.025158 0.043013
5 0.187007 0.901753 0.294713 0.196494
5 0.231414 0.628646 0.212334 0.217625
5 0.136224 0.732714 0.135575 0.406155
