5 0.229808 0.769597 0.459616 0.459568
8 0.229578 0.270042 0.459157 0.539493
8 0.821893 0.753783 0.355557 0.427119
8 0.638949 0.725668 0.359360 0.370842
8 0.713015 0.423137 0.129833 0.141327
2 0.236381 0.612486 0.441276 0.148196
1 0.257902 0.846647 0.405727 0.301830
9 0.590786 0.330025 0.111192 0.090828
9 0.567800 0.152742 0.212844 0.068071
9 0.706246 0.335552 0.044854 0.037271
4 0.228855 0.962400 0.457116 0.074578
6 0.757238 0.335580 0.013716 0.020937
8 0.734009 0.733398 0.170734 0.395387
9 0.820649 0.283509 0.086807 0.088744
9 0.975550 0.229388 0.048832 0.111226
9 0.585032 0.131365 0.223274 0.068365
6 0.743261 0.337985 0.014323 0.023591
6 0.729546 0.342342 0.016081 0.027061
