8 0.302687 0.214990 0.604410 0.428700
0 0.901331 0.869532 0.177807 0.180581
5 0.726491 0.848562 0.255910 0.302317
0 0.923073 0.591819 0.153795 0.197259
0 0.046771 0.773614 0.093462 0.148509
5 0.750946 0.543832 0.227063 0.228181
0 0.949207 0.690463 0.101572 0.138456
4 0.754035 0.531237 0.136250 0.159709
4 0.678720 0.903938 0.156787 0.184571
5 0.910611 0.636356 0.178777 0.284847
5 0.145405 0.846401 0.290779 0.307193
2 0.654338 0.767763 0.096170 0.103538
5 0.900779 0.873434 0.189262 0.189834
5 0.968168 0.517531 0.063547 0.178640
0 0.894018 0.975210 0.186863 0.048937
3 0.727370 0.824600 0.041271 0.037878
5 0.935124 0.755878 0.129602 0.270429
4 0.090798 0.925026 0.180920 0.149822
4 0.042159 0.963279 0.084247 0.073141
4 0.974631 0.496428 0.050739 0.121408
4 0.929319 0.784601 0.107526 0.157508
0 0.026943 0.461114 0.053020 0.060820
0 0.089890 0.888208 0.132519 0.076153
4 0.880835 0.689344 0.088540 0.118712
4 0.134249 0.958664 0.165056 0.082115
