7 0.506532 0.718837 0.093870 0.239660
7 0.064700 0.793233 0.129103 0.333614
5 0.123901 0.759087 0.247260 0.479482
5 0.529809 0.744528 0.140006 0.510457
8 0.515159 0.338270 0.112687 0.161633
7 0.688926 0.690988 0.113553 0.213686
8 0.786631 0.336984 0.413585 0.162912
5 0.698857 0.741430 0.154779 0.515424
0 0.668219 0.515191 0.060015 0.052483
0 0.480787 0.522594 0.044707 0.058723
3 0.677018 0.571060 0.036142 0.033018
5 0.061517 0.447687 0.067807 0.050765
3 0.481641 0.587260 0.040962 0.035995
2 0.013368 0.579772 0.026704 0.090450
3 0.012240 0.648003 0.024440 0.066573
