8 0.279695 0.804271 0.558249 0.389293
5 0.776155 0.304302 0.436759 0.604853
8 0.280359 0.331025 0.560706 0.558883
9 0.631957 0.855264 0.148412 0.229167
4 0.743543 0.446527 0.363184 0.325819
1 0.716046 0.173372 0.214870 0.292212
5 0.908080 0.805540 0.070088 0.158798
5 0.269023 0.200390 0.038485 0.079959
4 0.902036 0.789628 0.036232 0.053509
4 0.271095 0.210110 0.025362 0.045281
0 0.896146 0.753247 0.025716 0.030895
2 0.268235 0.168080 0.013877 0.015012
4 0.910711 0.795349 0.033983 0.054657
5 0.963665 0.845118 0.061197 0.140221
