8 0.210772 0.194079 0.420978 0.387887
5 0.293325 0.694878 0.248450 0.608758
8 0.707158 0.609153 0.576450 0.441305
8 0.341089 0.184314 0.158212 0.347681
5 0.626461 0.148054 0.153650 0.293123
2 0.340516 0.465344 0.108475 0.148075
4 0.602613 0.069983 0.073269 0.116672
4 0.322931 0.729825 0.156630 0.336161
8 0.928469 0.583504 0.143026 0.387419
5 0.033558 0.041900 0.039810 0.082335
3 0.347320 0.570470 0.037779 0.053401
8 0.031123 0.069822 0.062029 0.138373
4 0.026452 0.043307 0.019400 0.037871
4 0.380951 0.702131 0.061340 0.283030
5 0.546435 0.014838 0.127510 0.029630
2 0.024934 0.006994 0.014890 0.013582
5 0.030684 0.057565 0.052465 0.112443
