8 0.248179 0.168587 0.495912 0.337175
9 0.250336 0.844569 0.500673 0.310580
5 0.886211 0.121742 0.227577 0.243359
6 0.029893 0.728750 0.053289 0.105236
8 0.884722 0.657981 0.230232 0.634892
6 0.251626 0.666490 0.028815 0.061548
6 0.373420 0.655410 0.022576 0.044966
6 0.005189 0.582976 0.009954 0.026241
6 0.457514 0.646972 0.012801 0.025645
6 0.180514 0.587362 0.011765 0.028049
6 0.227949 0.605074 0.013465 0.033356
6 0.428095 0.649217 0.016204 0.036278
6 0.065786 0.589971 0.013129 0.028600
6 0.128196 0.587530 0.011607 0.025713
6 0.078645 0.579540 0.009316 0.019919
6 0.078580 0.578609 0.011917 0.028386
