8 0.803948 0.785092 0.391504 0.429505
5 0.873059 0.311933 0.253860 0.508252
2 0.401762 0.657014 0.202219 0.176409
4 0.912206 0.215067 0.175587 0.184194
2 0.541149 0.717071 0.137635 0.298544
5 0.120445 0.785759 0.240690 0.427943
8 0.332447 0.299799 0.545013 0.510782
5 0.426348 0.782981 0.345291 0.434038
4 0.102383 0.897743 0.203862 0.204178
5 0.856972 0.061153 0.284828 0.121422
5 0.531070 0.783999 0.154657 0.432001
3 0.423273 0.810917 0.095059 0.098615
4 0.508562 0.635784 0.079360 0.129199
4 0.420849 0.901633 0.276920 0.196574
0 0.908720 0.091726 0.116483 0.053668
3 0.027370 0.771142 0.054702 0.066133
2 0.033009 0.638976 0.065725 0.105179
5 0.302485 0.740139 0.139353 0.342859
4 0.303025 0.642480 0.072941 0.144997
9 0.285099 0.773211 0.149281 0.274938
5 0.507802 0.643004 0.099659 0.153069
8 0.453724 0.072521 0.269219 0.145042
3 0.043677 0.827553 0.086361 0.088140
3 0.580163 0.911821 0.055120 0.044278
