9 0.666248 0.492993 0.130470 0.148925
9 0.897018 0.460738 0.192834 0.185154
9 0.771055 0.468604 0.160347 0.185279
8 0.919192 0.173841 0.161165 0.342728
8 0.528631 0.228520 0.116717 0.185751
8 0.846958 0.336700 0.278395 0.159324
8 0.252530 0.342438 0.394284 0.640072
8 0.269707 0.835498 0.397518 0.328677
9 0.593171 0.457252 0.170886 0.182653
8 0.710124 0.267521 0.285334 0.236673
8 0.762242 0.080274 0.091880 0.160256
9 0.517124 0.541046 0.093817 0.158394
5 0.281079 0.732816 0.058438 0.142355
9 0.817200 0.392570 0.084174 0.043766
8 0.512725 0.475222 0.086192 0.204688
9 0.940586 0.380851 0.082783 0.060574
9 0.966202 0.417470 0.067448 0.166057
5 0.025883 0.414862 0.051207 0.133635
5 0.887291 0.364599 0.023947 0.035008
7 0.632353 0.182942 0.013128 0.024630
9 0.803368 0.391032 0.064921 0.036562
5 0.633174 0.182769 0.014125 0.029319
7 0.630421 0.188290 0.011214 0.021821
8 0.869933 0.833497 0.259097 0.332085
5 0.015234 0.419516 0.030465 0.161278
5 0.884635 0.352862 0.019053 0.023548
9 0.923657 0.381109 0.054270 0.051007
7 0.640304 0.180688 0.012909 0.019642
9 0.624633 0.483816 0.127169 0.156820
7 0.632556 0.174770 0.011067 0.015946
