8 0.794514 0.193876 0.410605 0.387391
8 0.262503 0.765684 0.524533 0.466972
8 0.399378 0.307151 0.341017 0.164327
8 0.153456 0.652431 0.305951 0.527347
8 0.167573 0.321225 0.334995 0.133374
8 0.743730 0.142878 0.308151 0.285757
5 0.702853 0.077434 0.044977 0.085631
5 0.891007 0.957208 0.210387 0.084853
2 0.927290 0.937052 0.045646 0.028002
4 0.892821 0.976592 0.133051 0.046575
4 0.698208 0.072559 0.017391 0.029942
5 0.973393 0.514240 0.052948 0.241101
8 0.953829 0.180502 0.091888 0.361003
7 0.981502 0.522439 0.035137 0.065707
