5 0.688728 0.119546 0.621744 0.238934
8 0.138847 0.111773 0.277448 0.223546
5 0.710990 0.767789 0.212162 0.334481
4 0.711496 0.755905 0.160120 0.208198
4 0.414895 0.545702 0.089540 0.230458
0 0.422273 0.394182 0.085218 0.058403
5 0.428132 0.650702 0.121354 0.577347
0 0.713347 0.629493 0.071753 0.048080
2 0.056688 0.739873 0.113180 0.055785
5 0.053791 0.849902 0.107581 0.288962
1 0.801229 0.166358 0.396018 0.146577
5 0.417111 0.724854 0.091600 0.137495
5 0.034778 0.868515 0.069555 0.262736
2 0.794065 0.016518 0.399661 0.032814
3 0.434345 0.432937 0.027002 0.026704
5 0.418398 0.776602 0.096458 0.322363
1 0.025631 0.798900 0.050878 0.039740
8 0.041856 0.116287 0.083712 0.231368
