5 0.843988 0.769188 0.311700 0.461536
5 0.844900 0.288187 0.310035 0.499601
1 0.778812 0.407345 0.178534 0.264984
8 0.313282 0.311105 0.576917 0.456955
0 0.170248 0.619529 0.117965 0.157475
5 0.395409 0.771942 0.304021 0.454794
7 0.844810 0.837212 0.310379 0.323640
8 0.185315 0.212745 0.321921 0.425490
4 0.390004 0.867684 0.189464 0.263946
3 0.762619 0.683378 0.059478 0.130806
2 0.784460 0.146018 0.189227 0.175370
5 0.138115 0.769381 0.264122 0.459851
0 0.798378 0.577545 0.203672 0.078560
2 0.418681 0.616825 0.121673 0.149191
4 0.128247 0.879673 0.165730 0.237890
3 0.171665 0.745172 0.073156 0.065491
3 0.400797 0.737262 0.056734 0.040866
5 0.038513 0.776875 0.076694 0.444192
3 0.404717 0.758908 0.064761 0.062226
2 0.011198 0.720714 0.022195 0.044103
