8 0.164943 0.249626 0.328461 0.376762
5 0.547316 0.218566 0.339031 0.437132
2 0.177449 0.644232 0.078615 0.081614
6 0.251514 0.618141 0.154887 0.355298
5 0.446672 0.219420 0.232957 0.438840
7 0.540506 0.119187 0.269819 0.238372
7 0.396710 0.108268 0.129928 0.215231
5 0.182395 0.799644 0.293156 0.399445
4 0.210418 0.944833 0.208891 0.110334
8 0.296139 0.147860 0.066048 0.294665
8 0.630370 0.692373 0.583977 0.504793
5 0.724414 0.847934 0.067012 0.152465
7 0.803026 0.831917 0.023872 0.053728
3 0.209997 0.832220 0.069613 0.103823
5 0.371781 0.625369 0.041417 0.060765
7 0.730685 0.845771 0.028049 0.044562
0 0.742416 0.793587 0.025308 0.031349
4 0.987905 0.104644 0.024190 0.112498
4 0.983090 0.022831 0.033820 0.045661
5 0.961106 0.204962 0.077788 0.409923
5 0.976105 0.173728 0.047791 0.345434
8 0.804840 0.722359 0.390321 0.554500
