5 0.769568 0.224913 0.299607 0.449512
8 0.298862 0.228297 0.597724 0.446619
7 0.739773 0.261152 0.242661 0.378543
7 0.892846 0.529986 0.067832 0.159543
7 0.748107 0.571810 0.105106 0.243761
5 0.115398 0.304180 0.044120 0.124838
5 0.768202 0.721545 0.201363 0.547169
8 0.449779 0.352919 0.342281 0.195038
0 0.699564 0.026258 0.155310 0.052426
9 0.643780 0.578257 0.049014 0.085499
3 0.697439 0.117512 0.059411 0.063740
5 0.900483 0.664308 0.087727 0.429214
7 0.115331 0.301437 0.029574 0.052976
5 0.164519 0.870302 0.328873 0.211181
0 0.105307 0.252672 0.020993 0.021082
9 0.695212 0.585296 0.066943 0.132825
9 0.721261 0.587774 0.116412 0.136232
9 0.749057 0.594060 0.149812 0.164971
3 0.107141 0.268417 0.011722 0.011598
