8 0.844287 0.094002 0.311260 0.188003
5 0.298601 0.569360 0.041304 0.080216
2 0.711842 0.460858 0.045708 0.131324
6 0.831477 0.654289 0.237924 0.615808
5 0.821331 0.666995 0.256967 0.651292
4 0.727040 0.866720 0.075071 0.228300
8 0.251928 0.147395 0.374575 0.079741
5 0.913246 0.148785 0.062563 0.078840
8 0.347337 0.136186 0.666485 0.100269
0 0.298828 0.556046 0.020206 0.034940
7 0.919162 0.154693 0.045117 0.059972
5 0.588093 0.169511 0.031175 0.036841
8 0.343048 0.095767 0.685684 0.188953
5 0.832761 0.875582 0.289181 0.248764
5 0.734960 0.878164 0.093269 0.243075
8 0.498779 0.133329 0.374725 0.114255
