9 0.225355 0.822006 0.450556 0.353851
8 0.225698 0.322234 0.450165 0.621705
2 0.169500 0.725971 0.090151 0.092026
5 0.917066 0.353233 0.139582 0.228795
0 0.365203 0.711481 0.172734 0.146863
0 0.059947 0.782216 0.118078 0.175884
4 0.907188 0.301818 0.059928 0.048967
5 0.327204 0.825677 0.232056 0.347766
0 0.277434 0.716676 0.053360 0.083641
3 0.418271 0.848868 0.063498 0.109119
4 0.386969 0.898886 0.124144 0.202070
0 0.217510 0.825760 0.394478 0.348109
3 0.296002 0.791207 0.039334 0.046156
4 0.296448 0.907246 0.185782 0.183309
3 0.185028 0.846092 0.048682 0.070560
0 0.305975 0.688913 0.054063 0.098594
5 0.307911 0.161049 0.019426 0.033553
4 0.324302 0.912657 0.077216 0.167062
2 0.891183 0.252355 0.029051 0.018712
5 0.297601 0.774176 0.093023 0.202866
4 0.201016 0.951352 0.037314 0.095461
5 0.239237 0.882781 0.162315 0.233048
3 0.892785 0.269668 0.019185 0.014104
0 0.070145 0.828389 0.140290 0.336620
5 0.198279 0.877330 0.084749 0.229600
