9 0.140086 0.812292 0.279650 0.373202
4 0.358999 0.934674 0.161999 0.130291
0 0.327407 0.299369 0.092573 0.088033
5 0.483595 0.843916 0.359583 0.291885
0 0.312530 0.791503 0.066864 0.118382
0 0.389274 0.768797 0.104261 0.074010
6 0.201132 0.595348 0.034608 0.062807
6 0.083884 0.533963 0.016893 0.036705
8 0.244659 0.126104 0.070632 0.249766
6 0.153767 0.500395 0.011348 0.026246
6 0.252581 0.516695 0.015171 0.034746
5 0.871408 0.069962 0.043738 0.127053
6 0.120290 0.480080 0.008657 0.020216
3 0.358476 0.811957 0.043798 0.058641
6 0.080961 0.499551 0.009399 0.023880
6 0.179327 0.484265 0.008296 0.021747
6 0.054381 0.485417 0.007002 0.021008
6 0.219820 0.488677 0.009318 0.022289
6 0.025726 0.514236 0.014475 0.027230
4 0.873320 0.055165 0.023329 0.050007
6 0.081986 0.503367 0.012635 0.026665
3 0.421730 0.827358 0.035488 0.035780
