8 0.154442 0.234881 0.308248 0.468908
8 0.284576 0.235665 0.554981 0.467721
5 0.776419 0.733310 0.439825 0.530376
4 0.937378 0.599860 0.125243 0.171224
4 0.637433 0.603833 0.155170 0.273756
4 0.783417 0.676820 0.347646 0.328213
5 0.671330 0.732618 0.224907 0.529891
0 0.271324 0.835760 0.042534 0.059109
5 0.239020 0.901700 0.138392 0.196601
0 0.214828 0.733835 0.034403 0.039965
5 0.074388 0.840701 0.148178 0.318544
4 0.209847 0.825582 0.050469 0.100456
5 0.884754 0.736226 0.230492 0.526385
5 0.200023 0.854746 0.110465 0.289344
0 0.073969 0.731939 0.085344 0.086741
5 0.494249 0.321737 0.095923 0.172477
4 0.042014 0.901605 0.082428 0.193765
4 0.271955 0.921179 0.052617 0.098244
2 0.938474 0.489366 0.110207 0.041652
3 0.082830 0.805334 0.020741 0.030543
3 0.213405 0.773503 0.022245 0.020489
4 0.514660 0.302587 0.024440 0.067182
2 0.811813 0.479833 0.133363 0.035176
4 0.536705 0.295878 0.034760 0.072570
