5 0.463173 0.776219 0.330473 0.447383
2 0.126627 0.670401 0.223654 0.227388
2 0.533605 0.612895 0.139200 0.114871
5 0.174587 0.775587 0.349174 0.448767
9 0.248180 0.754951 0.158042 0.333716
8 0.522226 0.149658 0.212599 0.298932
4 0.499900 0.885549 0.258885 0.228149
6 0.947171 0.100091 0.105658 0.200182
3 0.533491 0.747126 0.094105 0.075313
4 0.157685 0.907602 0.302430 0.183355
3 0.117399 0.837879 0.108579 0.109242
5 0.225930 0.740430 0.172400 0.378602
6 0.851779 0.053997 0.122974 0.107731
4 0.218185 0.652227 0.098437 0.163083
8 0.055030 0.182277 0.110060 0.363287
5 0.074940 0.776443 0.149879 0.446857
6 0.761746 0.023701 0.079626 0.046418
3 0.198797 0.566663 0.041087 0.031836
2 0.036982 0.775743 0.073906 0.311720
4 0.031773 0.675891 0.063545 0.147414
2 0.012340 0.567509 0.024237 0.033838
5 0.044940 0.815005 0.089880 0.368531
5 0.063018 0.616433 0.126035 0.131158
5 0.212763 0.646634 0.138393 0.183030
