5 0.805708 0.260219 0.388008 0.518947
8 0.303202 0.259253 0.606405 0.517713
4 0.804000 0.387099 0.391804 0.264507
7 0.748039 0.831202 0.107594 0.261573
7 0.672385 0.722585 0.070368 0.109688
1 0.738704 0.161394 0.257776 0.321682
7 0.849543 0.703504 0.050412 0.097579
5 0.678194 0.785478 0.099033 0.341531
7 0.815182 0.713419 0.036535 0.085878
7 0.895156 0.700131 0.057485 0.115954
5 0.898604 0.752281 0.075843 0.317163
7 0.773856 0.687821 0.056290 0.131356
0 0.736710 0.626511 0.069541 0.069842
0 0.842034 0.631421 0.027429 0.025965
5 0.850685 0.743004 0.068061 0.263265
0 0.991702 0.620525 0.015953 0.027528
0 0.884149 0.607356 0.029962 0.028912
0 0.742812 0.570048 0.038569 0.042430
5 0.758347 0.783529 0.115048 0.419090
0 0.660753 0.633071 0.031826 0.030555
7 0.959275 0.706752 0.037427 0.110103
0 0.700750 0.602026 0.026908 0.027735
7 0.701564 0.680396 0.042356 0.084085
0 0.947973 0.615723 0.024124 0.027064
5 0.702567 0.676698 0.052872 0.182970
7 0.629335 0.711197 0.036464 0.079329
0 0.624154 0.643584 0.023844 0.021853
5 0.633396 0.735598 0.044855 0.208408
5 0.973412 0.743500 0.050030 0.281092
3 0.664496 0.667258 0.018791 0.017468
7 0.983563 0.706694 0.032861 0.099182
0 0.804124 0.646820 0.017729 0.022045
7 0.639725 0.710968 0.040333 0.078566
5 0.821210 0.741890 0.049233 0.238064
5 0.706824 0.779306 0.064426 0.393165
3 0.806016 0.671512 0.010544 0.013473
3 0.627356 0.668078 0.014343 0.013596
3 0.842652 0.658426 0.014300 0.014392
5 0.808156 0.761723 0.056178 0.278662
3 0.621945 0.668293 0.016861 0.014079
5 0.626732 0.817965 0.034135 0.357025
3 0.883076 0.638538 0.016519 0.014186
5 0.797552 0.804354 0.070033 0.378178
5 0.625806 0.741765 0.027765 0.197301
5 0.765851 0.665703 0.081546 0.240237
5 0.620893 0.803388 0.024931 0.297313
3 0.993868 0.648050 0.011774 0.018018
5 0.984986 0.747438 0.029284 0.281063
7 0.613343 0.772214 0.020362 0.150494
5 0.652286 0.725897 0.060736 0.219368
3 0.702452 0.628119 0.015766 0.016613
3 0.950703 0.642631 0.018837 0.018117
