8 0.223470 0.300779 0.280576 0.374767
5 0.347633 0.744388 0.281889 0.510563
5 0.912178 0.744093 0.173135 0.509959
5 0.694886 0.242984 0.372305 0.485375
4 0.683889 0.828787 0.137494 0.330591
3 0.729946 0.045518 0.115605 0.088065
7 0.391418 0.646168 0.149430 0.239703
4 0.701919 0.293094 0.258045 0.380338
4 0.564334 0.696230 0.132064 0.323816
7 0.913886 0.635525 0.155363 0.291249
8 0.444608 0.239383 0.088594 0.348726
1 0.387218 0.510882 0.071501 0.045129
7 0.728337 0.648198 0.131983 0.309214
2 0.654902 0.561221 0.049675 0.058563
5 0.583446 0.744905 0.185431 0.507982
5 0.707435 0.752114 0.209333 0.493603
5 0.536787 0.750451 0.091450 0.498240
3 0.554897 0.508656 0.037937 0.034798
3 0.710368 0.502540 0.051476 0.028847
7 0.984469 0.609595 0.031020 0.228849
5 0.979160 0.714982 0.041492 0.486520
4 0.507895 0.751542 0.038997 0.322896
1 0.664582 0.662239 0.047369 0.056742
4 0.520979 0.732180 0.065430 0.345239
