8 0.154262 0.084289 0.308338 0.168578
8 0.650982 0.084361 0.694169 0.168664
8 0.881532 0.668880 0.202141 0.335845
9 0.361554 0.322238 0.103032 0.146709
8 0.560202 0.421036 0.081975 0.109591
8 0.675982 0.417481 0.537264 0.497451
8 0.952147 0.083480 0.095633 0.166835
9 0.802436 0.260889 0.111154 0.082720
9 0.885305 0.262520 0.104237 0.080085
9 0.518200 0.331457 0.072419 0.066813
9 0.950103 0.233436 0.099718 0.128381
9 0.557954 0.329757 0.096846 0.083483
5 0.320937 0.417893 0.023028 0.063440
5 0.063064 0.587092 0.126032 0.823964
7 0.320898 0.409505 0.019395 0.039426
7 0.325613 0.408223 0.026408 0.047120
5 0.329913 0.416833 0.035495 0.076824
8 0.567796 0.039686 0.171711 0.079227
5 0.895243 0.646992 0.025913 0.039653
8 0.812091 0.261519 0.115078 0.081154
5 0.036248 0.464733 0.072495 0.591954
8 0.335952 0.051893 0.056960 0.098579
5 0.574498 0.032813 0.084375 0.064752
7 0.336610 0.408840 0.024676 0.044648
