8 0.789414 0.661373 0.420703 0.669954
8 0.286196 0.165112 0.571166 0.328725
5 0.311472 0.661900 0.535075 0.670539
3 0.366924 0.482727 0.191587 0.311262
7 0.287164 0.726391 0.464606 0.544159
7 0.225804 0.269278 0.044941 0.054947
5 0.226776 0.263865 0.056701 0.099820
7 0.474242 0.253382 0.049045 0.049020
0 0.382907 0.369361 0.290493 0.083555
5 0.824401 0.164597 0.351198 0.329124
5 0.474343 0.248018 0.062645 0.063454
1 0.922673 0.060626 0.084361 0.115086
4 0.939339 0.172945 0.121197 0.313019
7 0.481735 0.252031 0.036387 0.036861
