5 0.176657 0.779844 0.352427 0.440289
8 0.737772 0.779219 0.495918 0.441561
8 0.156997 0.421790 0.313926 0.275556
8 0.731553 0.864610 0.407459 0.270581
0 0.082614 0.736482 0.165228 0.355361
5 0.592075 0.364075 0.205668 0.389213
0 0.783966 0.095109 0.114548 0.155665
5 0.769732 0.284967 0.227076 0.543802
2 0.571842 0.253877 0.144329 0.155972
4 0.768774 0.404095 0.167189 0.310734
5 0.942591 0.293880 0.114520 0.529646
3 0.791359 0.219262 0.062677 0.065469
3 0.625230 0.426254 0.056088 0.130121
8 0.051029 0.446136 0.101988 0.227056
4 0.967961 0.372335 0.063509 0.294649
4 0.588686 0.512639 0.195484 0.090912
4 0.976907 0.334187 0.046186 0.247671
