5 0.315405 0.734796 0.628099 0.528952
5 0.814896 0.736974 0.369356 0.525444
8 0.814696 0.234822 0.368643 0.469213
4 0.316202 0.871327 0.631110 0.257345
8 0.313634 0.286657 0.627112 0.364582
2 0.740263 0.578445 0.219210 0.190238
1 0.299086 0.622919 0.554754 0.309965
1 0.732953 0.840386 0.206193 0.307874
8 0.669966 0.137737 0.080484 0.275033
5 0.236514 0.238289 0.030734 0.075217
4 0.235044 0.247299 0.020917 0.041301
5 0.784973 0.023267 0.029017 0.045286
5 0.692597 0.210057 0.046224 0.081091
2 0.233983 0.208041 0.012750 0.013974
4 0.815495 0.952253 0.368869 0.095375
2 0.239138 0.205735 0.012631 0.012123
