8 0.738671 0.805535 0.522137 0.387858
8 0.298742 0.316706 0.358847 0.425145
8 0.165279 0.373538 0.329918 0.310816
5 0.081372 0.763954 0.161712 0.467924
5 0.719582 0.154564 0.043881 0.117493
0 0.075965 0.566445 0.142435 0.071749
7 0.042468 0.658910 0.083263 0.257406
4 0.720347 0.140557 0.025111 0.045947
5 0.298272 0.204217 0.035375 0.058254
8 0.965313 0.106379 0.069133 0.211479
2 0.729951 0.107015 0.012684 0.013338
2 0.376592 0.961280 0.067847 0.066005
2 0.461342 0.981290 0.037104 0.037243
3 0.043362 0.661885 0.086450 0.263507
