8 0.240026 0.228771 0.479388 0.456246
4 0.618934 0.308443 0.203520 0.200279
5 0.635018 0.306175 0.262384 0.319587
5 0.734227 0.614955 0.070638 0.157132
0 0.703784 0.209324 0.123616 0.098388
0 0.705118 0.390634 0.161026 0.088925
9 0.965356 0.659560 0.069174 0.184353
5 0.684390 0.402035 0.368050 0.119759
4 0.737858 0.593907 0.037335 0.057303
0 0.502719 0.211480 0.046249 0.035661
5 0.309632 0.519646 0.337085 0.121055
5 0.507689 0.252419 0.057252 0.122145
3 0.706882 0.235420 0.043010 0.032566
0 0.746801 0.560635 0.027364 0.043118
4 0.498191 0.270243 0.038085 0.053928
3 0.711524 0.448001 0.054038 0.027213
0 0.745220 0.553827 0.027515 0.033880
