8 0.354448 0.196250 0.708881 0.392492
5 0.348226 0.694337 0.695360 0.607895
0 0.803419 0.549742 0.150211 0.146679
5 0.804406 0.731447 0.207126 0.536427
7 0.787241 0.836036 0.171355 0.326416
3 0.332534 0.505026 0.155639 0.094029
9 0.924221 0.833419 0.151543 0.332022
3 0.757779 0.666468 0.060031 0.118262
7 0.331251 0.773561 0.527554 0.451085
8 0.107293 0.118297 0.214586 0.236540
0 0.386594 0.421204 0.242683 0.064727
8 0.488330 0.046436 0.247799 0.092873
5 0.422686 0.020834 0.060764 0.041668
8 0.130216 0.199732 0.259840 0.399465
8 0.460812 0.037557 0.168203 0.075115
