8 0.177839 0.713161 0.355384 0.348827
9 0.798103 0.890463 0.403795 0.218434
9 0.459490 0.466938 0.075500 0.077443
9 0.526203 0.478421 0.047534 0.053837
9 0.837659 0.475044 0.028036 0.036737
6 0.448457 0.953936 0.051808 0.089842
6 0.671557 0.705249 0.018147 0.037159
6 0.797515 0.715346 0.024244 0.047988
6 0.451129 0.773643 0.017372 0.037405
6 0.544254 0.734332 0.015148 0.035022
5 0.979804 0.603330 0.015348 0.064371
8 0.189299 0.270896 0.378018 0.538760
5 0.985604 0.598651 0.025796 0.076166
9 0.704195 0.481865 0.023776 0.027599
