8 0.209535 0.189978 0.418920 0.378899
5 0.525739 0.190297 0.216073 0.379852
8 0.677994 0.588550 0.511325 0.420356
5 0.125565 0.688506 0.250377 0.621993
2 0.115565 0.454998 0.126070 0.151793
5 0.919252 0.644812 0.161402 0.533456
0 0.355371 0.496667 0.122461 0.165280
7 0.510732 0.287563 0.134321 0.183308
5 0.274871 0.701078 0.290554 0.597844
4 0.098491 0.771421 0.196983 0.457158
4 0.310533 0.813986 0.214400 0.368142
5 0.696166 0.238558 0.204732 0.282244
7 0.717840 0.316080 0.092232 0.125406
0 0.733188 0.202226 0.050805 0.069414
0 0.547634 0.124849 0.045155 0.059348
9 0.575471 0.349500 0.088684 0.061443
7 0.956612 0.657470 0.086776 0.289504
3 0.104173 0.584179 0.067036 0.060416
3 0.332542 0.613079 0.076394 0.069095
0 0.983003 0.424943 0.033916 0.085960
3 0.530415 0.187428 0.037134 0.043347
3 0.990108 0.500296 0.019031 0.046558
9 0.445899 0.339586 0.053802 0.076964
5 0.366484 0.011382 0.023675 0.021929
