8 0.271315 0.199140 0.541582 0.397459
5 0.235683 0.699799 0.471346 0.600041
8 0.769590 0.748455 0.459148 0.502652
8 0.768782 0.220739 0.461079 0.355916
3 0.058929 0.566360 0.117702 0.238245
7 0.138270 0.882998 0.275559 0.234004
5 0.816698 0.334790 0.041093 0.094953
9 0.896655 0.106823 0.054226 0.032963
9 0.850117 0.115361 0.038404 0.029686
8 0.560923 0.275542 0.043435 0.118464
9 0.888769 0.180390 0.032318 0.035939
9 0.788823 0.181834 0.024312 0.027305
9 0.665743 0.210835 0.027363 0.020854
9 0.696843 0.211585 0.026739 0.016794
9 0.631490 0.197354 0.022880 0.021868
9 0.858240 0.111567 0.027775 0.024627
9 0.859670 0.180728 0.028278 0.031701
9 0.642875 0.198346 0.023036 0.020192
9 0.678843 0.208828 0.024818 0.017407
9 0.845057 0.171690 0.021604 0.027417
9 0.642792 0.205022 0.024124 0.021539
9 0.794119 0.186525 0.027787 0.036576
9 0.632718 0.206491 0.022943 0.028141
9 0.661354 0.200930 0.023611 0.020202
9 0.702000 0.213463 0.024794 0.016770
9 0.657724 0.200218 0.017116 0.019252
9 0.620325 0.192831 0.015377 0.017844
9 0.840846 0.159894 0.019174 0.026981
9 0.644439 0.212140 0.021378 0.027853
9 0.670362 0.203504 0.035137 0.023327
9 0.870199 0.199587 0.071165 0.072571
9 0.784359 0.178717 0.019853 0.024445
