8 0.282415 0.254018 0.564379 0.449607
5 0.210968 0.738891 0.421048 0.519274
7 0.143171 0.785171 0.229670 0.300697
1 0.170320 0.604802 0.076861 0.082934
5 0.728749 0.124416 0.078070 0.246694
7 0.787124 0.062189 0.065302 0.115858
5 0.931683 0.250352 0.135875 0.494463
7 0.728856 0.056029 0.053543 0.101811
5 0.912077 0.154392 0.100732 0.304960
0 0.183322 0.510882 0.101229 0.063440
7 0.920465 0.085535 0.062318 0.121897
5 0.780894 0.146096 0.092422 0.291447
7 0.947809 0.177393 0.104325 0.329672
7 0.969623 0.052379 0.057521 0.075157
0 0.937893 0.006041 0.028072 0.011630
5 0.245981 0.190150 0.018402 0.043022
5 0.758322 0.107849 0.060474 0.215699
