8 0.340323 0.401807 0.673163 0.801549
5 0.839702 0.508316 0.319407 0.650375
4 0.839657 0.745632 0.320576 0.184940
1 0.805319 0.583494 0.250972 0.274599
7 0.750364 0.896045 0.084648 0.114718
2 0.785514 0.302619 0.212282 0.143024
7 0.795826 0.920932 0.117652 0.157806
1 0.863013 0.886308 0.026949 0.042985
5 0.800663 0.918923 0.188223 0.162015
7 0.700523 0.897452 0.042940 0.113452
5 0.743603 0.918762 0.113981 0.161571
0 0.871489 0.857479 0.056386 0.037867
5 0.714207 0.919116 0.070935 0.161439
7 0.973012 0.860936 0.053712 0.045139
5 0.937654 0.862396 0.090392 0.048350
5 0.964638 0.861490 0.068682 0.046996
8 0.346725 0.926397 0.655043 0.147206
7 0.935347 0.862100 0.077577 0.047941
