8 0.309560 0.205176 0.617880 0.408775
5 0.310841 0.805175 0.618661 0.388812
7 0.782293 0.289746 0.098159 0.239009
9 0.863480 0.332774 0.089303 0.089693
1 0.328867 0.883514 0.341510 0.229152
9 0.702690 0.342281 0.078272 0.129748
5 0.678544 0.880619 0.117328 0.238616
2 0.275122 0.671416 0.293454 0.100447
0 0.777206 0.089155 0.036974 0.053610
5 0.772298 0.205613 0.132628 0.410805
4 0.659432 0.868651 0.079801 0.137553
3 0.784308 0.153960 0.031736 0.040870
5 0.122523 0.385295 0.039558 0.046314
2 0.649683 0.775202 0.039997 0.022288
9 0.650724 0.317439 0.062446 0.186538
5 0.649203 0.357139 0.053382 0.106066
