8 0.204157 0.204622 0.406956 0.407577
5 0.502139 0.269995 0.038716 0.084350
8 0.701688 0.807580 0.589340 0.384583
8 0.720169 0.655602 0.536535 0.346363
5 0.642256 0.077540 0.097502 0.118778
5 0.571258 0.093341 0.063097 0.099663
7 0.660617 0.055402 0.058915 0.076230
7 0.579319 0.073757 0.038200 0.052844
7 0.438049 0.267402 0.040319 0.058743
0 0.669414 0.040206 0.023597 0.034580
5 0.436790 0.280531 0.050925 0.088183
0 0.503137 0.251286 0.022694 0.034105
0 0.580812 0.064876 0.026599 0.039211
0 0.436344 0.257375 0.025084 0.038567
5 0.644459 0.029544 0.065538 0.058307
5 0.646443 0.054567 0.086535 0.098259
