8 0.382504 0.263331 0.372236 0.518628
8 0.462978 0.639565 0.187481 0.190965
5 0.852988 0.777465 0.293648 0.443406
8 0.259221 0.832615 0.202449 0.334685
5 0.630624 0.774908 0.123165 0.447656
4 0.878143 0.889173 0.220982 0.220656
5 0.760612 0.776767 0.167885 0.443003
8 0.268063 0.692573 0.216889 0.244134
8 0.655288 0.512960 0.125267 0.073678
4 0.627622 0.628649 0.113648 0.157101
4 0.754618 0.788839 0.138210 0.301913
0 0.862560 0.593476 0.073445 0.063359
8 0.383790 0.056744 0.359939 0.111637
0 0.956957 0.611797 0.086087 0.096918
3 0.785909 0.604219 0.057895 0.052295
0 0.897050 0.639428 0.035907 0.054070
4 0.624492 0.840209 0.111727 0.304977
3 0.944207 0.734492 0.060565 0.039767
5 0.859874 0.641461 0.080102 0.155980
5 0.719663 0.628843 0.033913 0.046779
5 0.886297 0.685712 0.053303 0.131694
8 0.983053 0.526485 0.031769 0.046703
9 0.313759 0.562302 0.049455 0.027269
0 0.719850 0.628080 0.033576 0.045407
9 0.971691 0.492705 0.024840 0.033864
3 0.853457 0.669003 0.032283 0.030231
5 0.743075 0.613446 0.027306 0.062702
4 0.970385 0.878428 0.058707 0.243144
5 0.693374 0.609410 0.023914 0.110736
3 0.884055 0.694014 0.027666 0.023138
8 0.074350 0.619352 0.147965 0.188539
0 0.959111 0.642934 0.081778 0.049369
9 0.302904 0.560221 0.048660 0.021545
