8 0.665953 0.193740 0.664081 0.387479
8 0.164977 0.163329 0.329305 0.325400
8 0.597245 0.800886 0.181178 0.313457
8 0.563727 0.690547 0.473418 0.609312
8 0.117726 0.624582 0.234672 0.472634
8 0.241740 0.508053 0.174799 0.241073
8 0.819463 0.583404 0.075746 0.095079
5 0.502974 0.894497 0.050990 0.083309
5 0.027983 0.488951 0.047160 0.089021
5 0.460844 0.671980 0.026266 0.081749
9 0.748320 0.618245 0.049190 0.070135
8 0.939837 0.539401 0.025011 0.042671
7 0.464035 0.657719 0.017364 0.028946
9 0.859462 0.542316 0.017543 0.018279
9 0.886236 0.531888 0.023842 0.029080
9 0.881602 0.542746 0.014940 0.018930
9 0.894019 0.531356 0.024123 0.023366
9 0.866057 0.544902 0.019278 0.022666
9 0.785653 0.596122 0.020158 0.027877
5 0.306365 0.082466 0.048595 0.162929
9 0.901434 0.529958 0.019799 0.021729
