8 0.680142 0.200461 0.637251 0.399891
8 0.178252 0.198886 0.356431 0.396638
8 0.131900 0.849381 0.263472 0.300593
0 0.489128 0.556140 0.075886 0.078583
5 0.558490 0.753917 0.237627 0.490520
7 0.775543 0.791693 0.121379 0.251902
7 0.545493 0.741762 0.135347 0.262636
5 0.758692 0.799309 0.201983 0.396992
5 0.699655 0.071799 0.076944 0.143599
0 0.687845 0.660631 0.064154 0.098459
9 0.309580 0.698799 0.090149 0.597306
3 0.490862 0.628774 0.034375 0.047716
3 0.702423 0.712906 0.029948 0.062234
7 0.710605 0.006652 0.026912 0.013305
