5 0.630824 0.220040 0.223992 0.439915
5 0.859124 0.719156 0.281363 0.560718
7 0.873550 0.546524 0.252419 0.216833
5 0.856918 0.264484 0.284551 0.344799
0 0.462825 0.574286 0.116862 0.272301
0 0.666278 0.071646 0.177975 0.143249
0 0.863257 0.180778 0.135481 0.167652
4 0.605508 0.316237 0.171070 0.246371
8 0.223382 0.143889 0.320352 0.287779
8 0.349519 0.170779 0.338776 0.340655
4 0.843394 0.390559 0.214579 0.095563
5 0.459899 0.718625 0.120349 0.562573
3 0.852758 0.312328 0.051596 0.048723
3 0.658714 0.199429 0.060381 0.053850
3 0.504836 0.746674 0.028638 0.086202
