8 0.169748 0.809692 0.339284 0.379472
8 0.168947 0.310526 0.337894 0.613141
8 0.666386 0.309469 0.662884 0.618938
9 0.819683 0.761178 0.204569 0.185127
9 0.580245 0.716149 0.150535 0.151971
9 0.691113 0.727454 0.172374 0.182402
9 0.400850 0.701556 0.122640 0.157893
9 0.943905 0.745569 0.112189 0.180407
8 0.951537 0.542913 0.096874 0.152982
9 0.501710 0.680599 0.160449 0.126420
5 0.844849 0.659630 0.028018 0.044229
9 0.905588 0.729409 0.102848 0.146860
8 0.810251 0.657585 0.262517 0.078988
8 0.891105 0.657134 0.203457 0.079001
9 0.760467 0.667650 0.092251 0.056650
9 0.883141 0.685227 0.066158 0.043626
9 0.747104 0.660144 0.066109 0.039610
9 0.823935 0.697933 0.057412 0.044586
