8 0.150413 0.748663 0.300473 0.502059
8 0.653666 0.747902 0.690490 0.499993
5 0.531224 0.250735 0.460713 0.500655
8 0.150757 0.272057 0.300958 0.452120
8 0.922174 0.783761 0.154897 0.430442
8 0.120388 0.329271 0.201574 0.204948
8 0.776580 0.572105 0.120982 0.101769
4 0.596558 0.581745 0.031544 0.050220
5 0.600096 0.568071 0.048726 0.088804
5 0.184990 0.332228 0.047550 0.086572
4 0.184101 0.337070 0.025987 0.043976
8 0.411045 0.528128 0.188678 0.055525
2 0.603939 0.531452 0.018403 0.017791
2 0.186673 0.296805 0.015358 0.017099
8 0.455799 0.518550 0.073291 0.036643
2 0.598078 0.532374 0.018496 0.018437
