8 0.355964 0.707159 0.706240 0.585683
9 0.854554 0.320521 0.290213 0.179223
8 0.250894 0.148097 0.225309 0.219132
8 0.202461 0.872571 0.404859 0.254713
8 0.491209 0.203773 0.235575 0.406589
6 0.782442 0.224014 0.041437 0.081339
5 0.494350 0.842214 0.062062 0.099995
7 0.507580 0.834620 0.027508 0.032296
6 0.981675 0.264070 0.036650 0.093276
6 0.994571 0.140159 0.010830 0.033334
6 0.974190 0.117573 0.015954 0.039414
6 0.723831 0.128800 0.019110 0.035611
6 0.849870 0.130802 0.017841 0.035947
6 0.921859 0.099527 0.012502 0.027519
5 0.111115 0.979986 0.032042 0.039383
