8 0.229691 0.744155 0.457798 0.509958
5 0.728315 0.278754 0.543005 0.420333
9 0.728563 0.870154 0.542791 0.259351
8 0.189755 0.377613 0.379471 0.222053
1 0.661267 0.351712 0.407069 0.263330
6 0.655904 0.691814 0.031498 0.064201
9 0.954515 0.548580 0.090881 0.109152
2 0.653716 0.159616 0.392496 0.145374
8 0.285398 0.315430 0.344113 0.338823
6 0.574042 0.759032 0.044852 0.095674
6 0.720430 0.660722 0.025718 0.052042
6 0.828368 0.626776 0.019576 0.042010
6 0.764742 0.641558 0.020965 0.043296
6 0.913271 0.617325 0.015927 0.034301
6 0.475310 0.906443 0.032720 0.155671
6 0.993526 0.616499 0.012214 0.028793
5 0.033089 0.565502 0.065565 0.148091
