5 0.214780 0.672542 0.428919 0.647405
8 0.215068 0.173455 0.426460 0.346911
8 0.794083 0.221200 0.178176 0.255239
8 0.653709 0.086305 0.442811 0.172566
1 0.171867 0.767702 0.343529 0.444440
4 0.214783 0.887005 0.428025 0.224976
2 0.162857 0.418892 0.325079 0.140233
2 0.870525 0.922938 0.097560 0.081732
5 0.919813 0.759983 0.093621 0.228399
5 0.812522 0.227529 0.019238 0.031006
5 0.860444 0.938227 0.199696 0.123079
5 0.947788 0.903061 0.104185 0.193594
2 0.985250 0.835531 0.028612 0.044466
2 0.875190 0.906775 0.068980 0.054378
