8 0.201593 0.193212 0.402697 0.385585
8 0.603136 0.531356 0.115572 0.138317
4 0.398526 0.618594 0.060626 0.103998
5 0.402717 0.666534 0.098143 0.321650
4 0.735635 0.099912 0.107453 0.199637
8 0.569558 0.902262 0.183201 0.194681
5 0.736230 0.154898 0.164393 0.307330
8 0.685197 0.176116 0.411169 0.352058
5 0.615558 0.085724 0.116879 0.170746
8 0.649143 0.930674 0.332862 0.138459
2 0.392554 0.520923 0.023522 0.018565
3 0.395979 0.553836 0.019893 0.018987
5 0.657769 0.088251 0.122403 0.175467
5 0.160497 0.084872 0.047751 0.076638
4 0.609941 0.059521 0.093873 0.119043
