9 0.794497 0.200026 0.289003 0.398528
8 0.322759 0.211733 0.643917 0.380515
8 0.389079 0.562496 0.478355 0.322505
8 0.225620 0.783285 0.187023 0.315247
8 0.454823 0.117382 0.174183 0.131476
6 0.946191 0.645857 0.107542 0.318748
6 0.848603 0.551263 0.110220 0.255079
6 0.756672 0.498194 0.093192 0.186839
8 0.234155 0.148730 0.217243 0.212126
6 0.678884 0.451473 0.053101 0.096919
8 0.507484 0.495105 0.060746 0.100870
5 0.216677 0.159270 0.043404 0.110901
9 0.489980 0.418825 0.092774 0.037910
6 0.783704 0.017694 0.052799 0.035012
4 0.230083 0.161348 0.014522 0.040565
5 0.206217 0.760023 0.023177 0.035469
9 0.538623 0.417106 0.056051 0.033424
2 0.233896 0.119108 0.016685 0.016241
9 0.240385 0.416691 0.088307 0.031117
4 0.224988 0.161664 0.017263 0.041956
9 0.193564 0.408831 0.044634 0.019352
2 0.240485 0.117694 0.014454 0.012925
