8 0.236644 0.149865 0.473095 0.299544
8 0.741050 0.149613 0.517829 0.298718
5 0.852089 0.649751 0.294566 0.697700
7 0.208217 0.722387 0.170297 0.238801
5 0.227846 0.791103 0.284848 0.414123
8 0.926824 0.057565 0.146353 0.115090
4 0.937324 0.456231 0.125234 0.320391
0 0.333189 0.661843 0.074391 0.141466
5 0.727321 0.106983 0.041137 0.098240
0 0.887476 0.324491 0.098201 0.051736
8 0.543478 0.078084 0.128369 0.098583
9 0.450251 0.115662 0.057955 0.225433
4 0.731199 0.116685 0.021919 0.051527
3 0.299427 0.713965 0.022545 0.043405
9 0.462884 0.018074 0.030630 0.035371
2 0.733716 0.067959 0.017404 0.016224
8 0.448048 0.118495 0.062288 0.229290
2 0.738566 0.065614 0.016571 0.015045
