5 0.688664 0.723026 0.620337 0.551761
5 0.189605 0.724394 0.378989 0.550744
4 0.189764 0.817425 0.379066 0.363814
8 0.189541 0.257661 0.377635 0.383246
4 0.689446 0.846677 0.621107 0.305127
1 0.472354 0.668502 0.184567 0.358287
1 0.253392 0.557972 0.252273 0.214681
8 0.585679 0.350767 0.034845 0.052262
9 0.562414 0.364886 0.026652 0.024404
8 0.399641 0.398915 0.040207 0.077241
9 0.541528 0.350182 0.021575 0.020375
8 0.516988 0.370347 0.021383 0.050517
9 0.535743 0.346162 0.022068 0.023359
5 0.633651 0.410636 0.013654 0.025888
