8 0.529140 0.222562 0.199977 0.433769
7 0.063937 0.637383 0.089600 0.151854
7 0.316081 0.667297 0.089672 0.148123
7 0.406259 0.695576 0.090201 0.143876
7 0.575802 0.703840 0.092611 0.149187
7 0.238096 0.640363 0.081177 0.130981
8 0.815452 0.131492 0.368410 0.262851
7 0.497935 0.710945 0.090900 0.150913
0 0.421211 0.527398 0.032481 0.032371
0 0.250007 0.537161 0.037252 0.037902
5 0.389559 0.748818 0.145663 0.386269
0 0.595748 0.582038 0.040815 0.041826
0 0.205069 0.506171 0.035554 0.036767
7 0.194802 0.612060 0.074867 0.121965
5 0.356019 0.710160 0.106417 0.347945
0 0.289900 0.528215 0.033381 0.034145
0 0.033537 0.469039 0.040699 0.041008
7 0.370228 0.654168 0.064150 0.120205
0 0.380426 0.553056 0.035261 0.035290
0 0.339360 0.560818 0.040243 0.041031
0 0.466716 0.559473 0.036940 0.038247
0 0.120896 0.488456 0.035912 0.034893
0 0.514859 0.593237 0.039906 0.037052
3 0.507218 0.634555 0.022847 0.021520
0 0.152418 0.527340 0.037388 0.039988
0 0.082984 0.531900 0.037500 0.034758
0 0.556288 0.586531 0.037885 0.036568
5 0.222911 0.702432 0.137423 0.391162
5 0.448853 0.727640 0.112659 0.368435
0 0.327069 0.517645 0.030443 0.031960
7 0.460075 0.670412 0.071838 0.136561
0 0.423876 0.581472 0.039752 0.038696
0 0.014265 0.509463 0.028529 0.041555
0 0.501382 0.557196 0.033895 0.036092
5 0.475370 0.761264 0.135129 0.391889
5 0.125439 0.690127 0.118980 0.386206
3 0.420097 0.618309 0.021702 0.020464
5 0.559693 0.777296 0.135633 0.394617
7 0.285476 0.595870 0.058078 0.056417
3 0.330282 0.598973 0.020077 0.019229
5 0.268574 0.686536 0.106000 0.357315
3 0.588390 0.626116 0.028502 0.023485
5 0.056949 0.697036 0.110823 0.381123
7 0.016363 0.636427 0.032726 0.147111
5 0.304406 0.720062 0.129995 0.397293
7 0.037114 0.558820 0.050805 0.074121
5 0.029202 0.671947 0.058403 0.402862
3 0.321670 0.547987 0.018776 0.016609
3 0.463118 0.596876 0.023240 0.020110
3 0.147987 0.566718 0.020962 0.016798
3 0.199568 0.542617 0.021833 0.019799
5 0.587692 0.806930 0.086954 0.382566
3 0.079036 0.566403 0.022495 0.020034
5 0.186437 0.670129 0.108043 0.363620
5 0.097704 0.665399 0.089396 0.357741
3 0.117088 0.525024 0.024985 0.023055
7 0.608223 0.750826 0.043489 0.169440
5 0.516415 0.750244 0.121627 0.371759
3 0.415304 0.561216 0.016961 0.017277
7 0.143789 0.634476 0.075094 0.155772
8 0.038319 0.171482 0.076639 0.342941
3 0.377897 0.586581 0.021108 0.017646
7 0.111402 0.594864 0.049750 0.098892
3 0.246395 0.576976 0.023504 0.019516
5 0.421934 0.566099 0.064574 0.121749
3 0.030728 0.503559 0.022003 0.022916
7 0.539457 0.685308 0.061310 0.122604
7 0.541776 0.654926 0.050392 0.059875
3 0.549496 0.627769 0.025027 0.022870
3 0.287270 0.561867 0.021190 0.016144
7 0.418976 0.594790 0.055442 0.057420
7 0.610564 0.657606 0.039202 0.064269
7 0.310462 0.577182 0.029274 0.031386
3 0.503785 0.594384 0.028703 0.029653
3 0.327698 0.551636 0.025590 0.023544
3 0.007766 0.547877 0.013347 0.020371
7 0.329250 0.580667 0.059226 0.049946
7 0.505853 0.615680 0.052897 0.054720
7 0.306336 0.589879 0.034994 0.041412
7 0.484130 0.619180 0.028108 0.041294
5 0.015936 0.699487 0.031873 0.423351
7 0.284481 0.616032 0.066515 0.091413
7 0.405792 0.585343 0.045184 0.039986
5 0.153632 0.687403 0.106102 0.364273
5 0.420525 0.696645 0.088785 0.388719
7 0.494767 0.617123 0.034318 0.052425
7 0.421557 0.584061 0.047255 0.040722
7 0.383475 0.581201 0.055021 0.043974
7 0.107528 0.569570 0.038906 0.040330
7 0.362665 0.591995 0.072527 0.050541
7 0.529217 0.710213 0.045321 0.128950
