8 0.246249 0.231268 0.490830 0.461244
5 0.945962 0.144116 0.108037 0.288231
8 0.750050 0.729468 0.498499 0.539489
5 0.861035 0.628909 0.047877 0.081390
5 0.303330 0.793254 0.064773 0.167789
9 0.460799 0.590192 0.055376 0.260129
5 0.017509 0.801921 0.034989 0.169881
4 0.969679 0.073771 0.060453 0.102692
7 0.014013 0.779399 0.026929 0.061681
4 0.858102 0.622601 0.018759 0.028296
8 0.832406 0.656239 0.334921 0.393115
0 0.018364 0.734573 0.017572 0.023532
0 0.309954 0.723318 0.017621 0.023408
4 0.862955 0.624667 0.018751 0.028438
2 0.980512 0.008190 0.036819 0.015126
0 0.011659 0.735235 0.018265 0.025032
9 0.424125 0.726875 0.129500 0.544169
9 0.468730 0.520302 0.041857 0.119672
5 0.256969 0.976166 0.035459 0.046457
