8 0.804110 0.730079 0.390978 0.537902
8 0.304723 0.230727 0.602026 0.461442
5 0.769876 0.230382 0.327418 0.460656
8 0.501278 0.317472 0.215264 0.285452
0 0.780194 0.113001 0.202580 0.225630
5 0.881769 0.229889 0.235971 0.458727
2 0.503143 0.837798 0.098011 0.091547
5 0.472864 0.882294 0.273286 0.235353
4 0.751462 0.366626 0.209779 0.187945
8 0.203004 0.177861 0.200813 0.206446
4 0.907146 0.259772 0.185708 0.400648
3 0.483169 0.979177 0.070397 0.041215
5 0.258827 0.173400 0.037067 0.080015
3 0.728040 0.261017 0.043267 0.050177
4 0.258468 0.182365 0.023300 0.042135
0 0.953138 0.015122 0.093724 0.030245
2 0.259435 0.142632 0.016222 0.018947
