5 0.179282 0.835021 0.358450 0.329713
8 0.546602 0.834449 0.375399 0.330423
8 0.586066 0.184218 0.459527 0.367517
9 0.412099 0.054382 0.092786 0.064792
8 0.475414 0.433518 0.204757 0.299322
1 0.212415 0.930883 0.226594 0.138195
2 0.171364 0.764830 0.217164 0.170179
8 0.138404 0.326741 0.276628 0.649273
8 0.673381 0.116202 0.070920 0.103418
9 0.643772 0.036266 0.079256 0.068844
9 0.682809 0.026255 0.063491 0.052171
5 0.867742 0.048399 0.026644 0.070387
5 0.889292 0.034866 0.026993 0.062917
9 0.375766 0.059246 0.030048 0.063007
9 0.809400 0.006746 0.052850 0.012492
9 0.826437 0.007071 0.077344 0.013911
9 0.741729 0.014575 0.066693 0.028820
7 0.888074 0.024716 0.022206 0.035429
5 0.968239 0.332640 0.037877 0.107942
4 0.866083 0.045934 0.018695 0.030132
9 0.547440 0.007417 0.031413 0.014835
5 0.455341 0.414173 0.022278 0.030096
9 0.855305 0.008355 0.140817 0.016710
