5 0.724097 0.184507 0.549961 0.367735
8 0.226344 0.184889 0.447594 0.369369
9 0.725625 0.837686 0.548235 0.323681
5 0.143559 0.684583 0.286915 0.627329
5 0.302233 0.683342 0.297989 0.630550
1 0.168592 0.600446 0.163137 0.253684
4 0.350075 0.841279 0.201354 0.315686
1 0.671941 0.138989 0.438763 0.277978
4 0.108664 0.845418 0.205463 0.308435
1 0.409992 0.579889 0.083798 0.209288
6 0.732430 0.698231 0.029724 0.049772
4 0.724233 0.281671 0.550323 0.175647
6 0.821946 0.635839 0.009841 0.020259
6 0.798742 0.652717 0.014438 0.029946
5 0.754453 0.591635 0.020505 0.057939
6 0.960299 0.663798 0.013365 0.026327
6 0.940373 0.648187 0.011013 0.020678
5 0.683131 0.589434 0.016909 0.042382
6 0.994547 0.706688 0.010802 0.032487
5 0.720254 0.587737 0.017625 0.037621
5 0.749973 0.594135 0.018432 0.054001
4 0.027504 0.843090 0.054381 0.303187
6 0.844081 0.618870 0.006485 0.015378
2 0.197795 0.395623 0.155177 0.054527
5 0.044129 0.684021 0.088258 0.627712
