8 0.202121 0.288369 0.404242 0.561740
5 0.928634 0.658934 0.067513 0.141858
8 0.189178 0.790050 0.377761 0.300980
4 0.705973 0.539008 0.117655 0.060622
5 0.721397 0.488269 0.193691 0.157533
0 0.693401 0.454155 0.067410 0.073332
5 0.784635 0.381825 0.057845 0.120249
5 0.861601 0.679182 0.056995 0.127178
4 0.927731 0.638003 0.030505 0.043658
4 0.782106 0.362934 0.023560 0.034789
0 0.915685 0.603790 0.020759 0.025211
4 0.863175 0.683310 0.028084 0.061580
0 0.862380 0.629441 0.022040 0.026748
0 0.778809 0.335178 0.015248 0.016054
4 0.602691 0.516249 0.131004 0.103172
8 0.039989 0.824291 0.079979 0.351418
