8 0.809472 0.229503 0.379906 0.457897
5 0.809437 0.820185 0.379485 0.359260
8 0.310991 0.728587 0.620885 0.538959
8 0.303117 0.236259 0.600147 0.453890
1 0.906865 0.870051 0.185685 0.242459
2 0.834000 0.724842 0.331127 0.149154
2 0.320107 0.564267 0.064589 0.125096
7 0.296098 0.873118 0.131575 0.253764
5 0.344000 0.762286 0.319736 0.474967
8 0.389811 0.372811 0.450325 0.180008
3 0.313277 0.671851 0.034066 0.042801
7 0.042040 0.296874 0.033985 0.056971
5 0.041811 0.296455 0.049971 0.134004
0 0.041588 0.241510 0.022843 0.020856
7 0.944991 0.134426 0.022173 0.040880
5 0.945967 0.134146 0.028469 0.057995
