5 0.836789 0.754048 0.326421 0.490071
5 0.195842 0.722894 0.390794 0.425586
8 0.719478 0.309556 0.560538 0.398668
7 0.068007 0.724536 0.136013 0.417109
8 0.351624 0.116629 0.174507 0.223282
4 0.850157 0.832147 0.268076 0.332282
0 0.920462 0.631933 0.157871 0.166925
0 0.261839 0.603510 0.222979 0.187705
8 0.948678 0.356047 0.102633 0.292284
3 0.176696 0.622817 0.109115 0.148756
3 0.867888 0.681212 0.090391 0.064416
5 0.539305 0.279431 0.051933 0.083440
4 0.534652 0.287415 0.033444 0.052706
8 0.531889 0.282107 0.183627 0.249524
