8 0.304969 0.275727 0.591178 0.549030
7 0.346717 0.842186 0.058814 0.096391
7 0.290239 0.899189 0.088098 0.163825
5 0.198712 0.881262 0.087252 0.236022
5 0.349459 0.875140 0.073618 0.248945
7 0.022106 0.881007 0.044211 0.100666
7 0.192629 0.867636 0.071611 0.106242
7 0.136763 0.929971 0.088846 0.139771
7 0.053672 0.878257 0.037297 0.084902
7 0.485486 0.831458 0.045175 0.081633
5 0.571870 0.850147 0.057422 0.228044
7 0.445979 0.887857 0.081444 0.139576
5 0.294072 0.875503 0.115104 0.248617
0 0.343162 0.764151 0.022557 0.023521
7 0.576886 0.824736 0.045145 0.095627
0 0.020357 0.803809 0.026748 0.026124
0 0.437247 0.771299 0.041579 0.035904
5 0.489518 0.846936 0.059770 0.186307
5 0.460346 0.874368 0.157021 0.250941
0 0.110876 0.730204 0.039984 0.042818
0 0.196078 0.779409 0.029934 0.029797
0 0.153797 0.754736 0.022713 0.025564
7 0.162333 0.835335 0.036957 0.084378
0 0.121910 0.787595 0.062650 0.073386
5 0.027247 0.894195 0.054109 0.210633
5 0.162056 0.821302 0.046360 0.162427
7 0.090215 0.846740 0.047278 0.132532
0 0.288011 0.775511 0.044657 0.042770
0 0.437610 0.740883 0.026081 0.027271
7 0.232548 0.852259 0.041834 0.077052
3 0.230856 0.808276 0.013377 0.014366
0 0.059269 0.811907 0.018921 0.022876
5 0.133186 0.876838 0.100053 0.245706
0 0.567997 0.750046 0.027525 0.027004
5 0.057172 0.893325 0.043631 0.211066
0 0.233795 0.784318 0.022383 0.022730
0 0.486396 0.762680 0.021192 0.022553
7 0.410721 0.833280 0.026914 0.081158
5 0.238358 0.872675 0.041377 0.195712
7 0.441428 0.834795 0.054406 0.069952
3 0.197385 0.813497 0.019843 0.016320
5 0.412461 0.847002 0.041637 0.181431
3 0.154591 0.780057 0.015495 0.015501
5 0.101501 0.854089 0.082637 0.288463
3 0.434219 0.808378 0.017503 0.019229
3 0.307656 0.817055 0.015036 0.017010
3 0.344403 0.790948 0.016119 0.015337
3 0.021231 0.829581 0.012542 0.013255
0 0.239950 0.784956 0.019216 0.022254
5 0.078296 0.882255 0.065200 0.235028
5 0.439576 0.801089 0.062768 0.132875
5 0.458849 0.811291 0.055248 0.125469
3 0.307067 0.808542 0.013169 0.016914
5 0.426064 0.818674 0.068375 0.163959
5 0.396819 0.839451 0.052216 0.183099
7 0.039250 0.841997 0.020982 0.027732
5 0.436982 0.868375 0.087372 0.253231
5 0.107512 0.381696 0.021573 0.032873
7 0.242473 0.849860 0.025148 0.075915
