8 0.303803 0.194625 0.605557 0.388183
5 0.805178 0.846619 0.389546 0.306394
4 0.535997 0.825632 0.147979 0.159532
4 0.194849 0.892615 0.156942 0.177236
5 0.519286 0.813556 0.181569 0.371770
4 0.841983 0.927788 0.316033 0.144353
5 0.353820 0.817948 0.285344 0.361688
2 0.964351 0.747182 0.071298 0.071463
5 0.816565 0.108144 0.359810 0.216267
5 0.200812 0.846015 0.230226 0.307947
0 0.518176 0.679323 0.116445 0.077058
0 0.341509 0.680709 0.090523 0.065551
4 0.368340 0.827536 0.146208 0.154881
3 0.820352 0.832523 0.116564 0.124116
0 0.192616 0.734454 0.109487 0.075539
2 0.829983 0.739988 0.099302 0.048666
3 0.515534 0.743566 0.061638 0.044959
3 0.341631 0.740570 0.048609 0.037728
5 0.489014 0.401544 0.084737 0.026063
3 0.978543 0.856630 0.042888 0.082600
5 0.307316 0.416048 0.094620 0.054281
5 0.951824 0.849203 0.095922 0.300830
3 0.217759 0.791371 0.049291 0.034844
5 0.646972 0.164029 0.075478 0.327751
5 0.151007 0.410598 0.085340 0.029618
4 0.968751 0.951590 0.062497 0.094841
2 0.567156 0.973630 0.085450 0.052741
0 0.309664 0.415583 0.090510 0.055209
5 0.947966 0.197241 0.103913 0.383143
4 0.568701 0.971317 0.081166 0.057367
