8 0.725060 0.269782 0.547650 0.538655
8 0.258506 0.346836 0.385177 0.423645
5 0.831939 0.780269 0.335888 0.438738
4 0.908008 0.819597 0.183983 0.357491
8 0.740326 0.067456 0.178426 0.133898
8 0.367431 0.205884 0.163769 0.410018
5 0.679418 0.042214 0.032806 0.072840
6 0.243595 0.921398 0.020835 0.037420
6 0.438917 0.886578 0.014045 0.022270
6 0.419971 0.869781 0.009808 0.018044
4 0.680721 0.048999 0.018885 0.039938
6 0.331046 0.856530 0.009711 0.020841
6 0.287166 0.890784 0.013270 0.027506
6 0.305728 0.878118 0.009438 0.018729
1 0.951358 0.610881 0.097146 0.102644
6 0.404782 0.858231 0.006871 0.014582
2 0.681169 0.009861 0.012328 0.014383
9 0.256483 0.970475 0.386514 0.058723
2 0.680968 0.015987 0.009597 0.012362
8 0.478057 0.182273 0.055279 0.262283
