5 0.244722 0.699221 0.489362 0.599998
8 0.745321 0.200623 0.509035 0.400378
4 0.244092 0.879566 0.488184 0.239561
0 0.765595 0.585775 0.169537 0.186686
8 0.182926 0.199616 0.365060 0.397673
5 0.919326 0.700539 0.161348 0.598648
5 0.751044 0.742515 0.331972 0.513331
3 0.754907 0.758394 0.104663 0.090883
5 0.586220 0.796245 0.195093 0.406767
0 0.921190 0.501340 0.157164 0.201656
4 0.767933 0.916994 0.270342 0.164908
1 0.230640 0.641403 0.461066 0.320137
4 0.556254 0.912906 0.135493 0.174108
3 0.963751 0.819201 0.072297 0.157999
0 0.508965 0.655328 0.042104 0.118911
3 0.507080 0.794512 0.038895 0.074511
2 0.234981 0.433806 0.469589 0.069999
3 0.961708 0.716316 0.076584 0.179261
