5 0.795246 0.254443 0.409047 0.506939
8 0.265692 0.292798 0.531204 0.432099
7 0.337957 0.618399 0.059149 0.094613
7 0.283694 0.671418 0.080092 0.163648
7 0.023552 0.651769 0.047104 0.093518
7 0.191265 0.641221 0.064465 0.100267
7 0.055798 0.651510 0.035474 0.081043
7 0.434700 0.664777 0.074259 0.139391
5 0.440891 0.725585 0.131866 0.403392
5 0.341809 0.658121 0.072192 0.264965
7 0.472902 0.607821 0.043123 0.081671
7 0.135462 0.756299 0.090058 0.247476
5 0.194267 0.699985 0.078028 0.320399
7 0.787504 0.253359 0.417500 0.504949
0 0.023277 0.578425 0.025821 0.025791
0 0.335671 0.541225 0.020987 0.024380
5 0.026718 0.687971 0.053053 0.249634
5 0.287090 0.740427 0.106169 0.420334
0 0.426037 0.549701 0.039375 0.039131
7 0.091815 0.617630 0.050499 0.132043
5 0.437819 0.312422 0.047663 0.064485
0 0.121654 0.564055 0.064497 0.068550
0 0.283379 0.552310 0.040580 0.042676
0 0.192745 0.556834 0.028915 0.027772
7 0.400590 0.610952 0.027408 0.077872
5 0.669297 0.547465 0.059411 0.076628
7 0.226632 0.624439 0.039979 0.071203
7 0.160122 0.610399 0.035930 0.086073
5 0.475147 0.623368 0.058170 0.185372
0 0.473122 0.540846 0.019618 0.023983
5 0.160162 0.597254 0.044125 0.161307
0 0.152793 0.532147 0.019498 0.022954
5 0.230798 0.646314 0.039493 0.186247
5 0.137009 0.763786 0.093669 0.463462
0 0.231600 0.561708 0.021529 0.021249
0 0.060771 0.587259 0.018329 0.022065
7 0.435320 0.315530 0.033049 0.045012
5 0.058979 0.676251 0.040165 0.218597
0 0.110827 0.516489 0.036728 0.018294
5 0.108485 0.746761 0.085808 0.464864
3 0.422019 0.584807 0.017730 0.018639
3 0.195113 0.588506 0.018151 0.015981
5 0.402023 0.625631 0.039551 0.189484
0 0.426087 0.538480 0.033923 0.048643
7 0.433882 0.608193 0.057119 0.066858
3 0.153985 0.556147 0.013892 0.015391
0 0.427547 0.521624 0.024019 0.021816
3 0.231474 0.583526 0.012612 0.013179
5 0.240340 0.649721 0.032145 0.178655
3 0.295448 0.593472 0.017313 0.018204
3 0.335845 0.567054 0.015672 0.015117
5 0.090778 0.714756 0.071384 0.369600
5 0.410326 0.609670 0.057123 0.175231
5 0.434711 0.585042 0.070040 0.136991
5 0.008625 0.701378 0.017250 0.307572
5 0.460817 0.590284 0.065375 0.138361
7 0.449646 0.607303 0.028850 0.064988
