8 0.302864 0.119206 0.503374 0.237136
2 0.880415 0.818872 0.095721 0.087569
5 0.884028 0.869533 0.231113 0.260508
8 0.756196 0.119585 0.396829 0.238895
5 0.197704 0.531956 0.036409 0.072165
3 0.910551 0.967486 0.073822 0.063816
9 0.676864 0.088991 0.022528 0.027895
9 0.755381 0.085443 0.027458 0.034049
9 0.642653 0.088560 0.031036 0.028974
8 0.923600 0.196579 0.152740 0.085525
9 0.615372 0.091112 0.025953 0.027284
0 0.197180 0.518939 0.017833 0.029019
9 0.708633 0.084374 0.024671 0.026750
9 0.730979 0.088489 0.027035 0.029755
9 0.718507 0.087076 0.027803 0.030753
9 0.634714 0.090535 0.030071 0.028331
9 0.571091 0.093121 0.022357 0.031627
9 0.692545 0.084972 0.020907 0.024100
9 0.596305 0.091574 0.026343 0.027814
8 0.570399 0.093807 0.021088 0.029829
9 0.749924 0.080440 0.031631 0.031376
