8 0.419128 0.140187 0.382739 0.279755
5 0.177960 0.527960 0.355250 0.506710
4 0.393795 0.634016 0.112839 0.136228
4 0.114524 0.409998 0.227233 0.260900
8 0.875534 0.629372 0.248849 0.518472
0 0.284199 0.320442 0.102875 0.080787
5 0.418974 0.678766 0.251473 0.380134
4 0.579482 0.687141 0.057150 0.069360
0 0.558062 0.608826 0.040373 0.040570
0 0.432279 0.528502 0.075958 0.060855
5 0.570388 0.657027 0.077947 0.145665
3 0.413814 0.564177 0.033983 0.029202
3 0.260351 0.364551 0.057279 0.046443
5 0.959394 0.075874 0.081094 0.151019
3 0.563386 0.644971 0.026754 0.023640
0 0.594589 0.570827 0.028568 0.041468
5 0.537719 0.697585 0.135736 0.426997
0 0.595715 0.609081 0.024516 0.035763
