5 0.688818 0.269082 0.621153 0.537364
9 0.063246 0.629784 0.126029 0.179534
9 0.699844 0.826278 0.599895 0.346811
4 0.720882 0.429481 0.558119 0.217099
1 0.811461 0.231220 0.376755 0.316789
6 0.549206 0.754468 0.052844 0.102473
6 0.734969 0.642700 0.026091 0.057103
6 0.842880 0.602510 0.018920 0.042538
6 0.990756 0.640693 0.018411 0.062344
2 0.807796 0.034147 0.384244 0.068225
6 0.433342 0.635765 0.011640 0.026577
6 0.955974 0.559415 0.013996 0.028191
6 0.992908 0.633802 0.013824 0.049632
6 0.546923 0.616422 0.011858 0.028641
6 0.889896 0.583775 0.012841 0.026904
6 0.917171 0.573136 0.009223 0.022553
6 0.554043 0.606092 0.009526 0.020918
6 0.611418 0.607591 0.009678 0.027469
6 0.614282 0.610083 0.011903 0.024366
6 0.744312 0.581371 0.009203 0.024930
6 0.696455 0.584214 0.011885 0.031853
6 0.769864 0.575170 0.009972 0.023000
6 0.604118 0.599294 0.009741 0.023421
