9 0.689185 0.149770 0.159760 0.286703
5 0.304465 0.568620 0.608930 0.453969
9 0.847195 0.118464 0.294993 0.236928
5 0.472571 0.169131 0.261813 0.338054
9 0.885709 0.561138 0.097217 0.095513
7 0.953042 0.507868 0.093915 0.270042
4 0.517659 0.219348 0.130051 0.240787
1 0.265094 0.550340 0.411652 0.235715
0 0.481094 0.034893 0.084121 0.069786
5 0.931283 0.662825 0.137246 0.652284
4 0.302815 0.663007 0.600868 0.248673
2 0.288904 0.394077 0.488412 0.109451
3 0.938256 0.372785 0.034369 0.043640
1 0.480241 0.097278 0.027146 0.050581
9 0.676812 0.240318 0.135383 0.196461
9 0.649162 0.208902 0.080965 0.257391
