5 0.513695 0.774617 0.291969 0.448173
8 0.306430 0.411973 0.126497 0.274928
4 0.568456 0.696637 0.156677 0.230568
8 0.735397 0.287227 0.528676 0.523085
8 0.240831 0.371773 0.091578 0.106074
5 0.669955 0.788813 0.249281 0.418986
4 0.666506 0.874342 0.193636 0.250228
5 0.777206 0.845686 0.379193 0.307715
0 0.770071 0.633722 0.116784 0.083152
0 0.913797 0.786145 0.124032 0.115965
0 0.807970 0.737961 0.082312 0.066854
3 0.736959 0.732711 0.066342 0.052194
5 0.659613 0.741993 0.042992 0.056051
0 0.837927 0.792341 0.043218 0.063069
5 0.800598 0.775682 0.090295 0.150413
4 0.775158 0.961865 0.251375 0.076061
0 0.640382 0.683414 0.039296 0.080925
0 0.690499 0.717738 0.033860 0.044989
0 0.659514 0.740921 0.041998 0.051613
3 0.869816 0.900834 0.071692 0.045976
6 0.066573 0.984090 0.020611 0.031048
5 0.636600 0.705582 0.053384 0.134420
5 0.955351 0.913519 0.089299 0.172730
0 0.985603 0.862987 0.028450 0.064643
5 0.929005 0.868464 0.141721 0.262865
5 0.050036 0.768455 0.098990 0.438489
5 0.815827 0.828408 0.075427 0.139510
3 0.986732 0.920284 0.025721 0.036496
5 0.978569 0.911718 0.042538 0.167952
4 0.963009 0.969990 0.073124 0.059534
0 0.957252 0.836116 0.040878 0.061597
3 0.784762 0.806700 0.043266 0.037837
5 0.801254 0.820156 0.101214 0.176445
4 0.801001 0.888168 0.060359 0.073977
