5 0.703610 0.613713 0.591126 0.772413
4 0.704663 0.815673 0.590460 0.368159
1 0.748053 0.486853 0.496997 0.342683
8 0.338254 0.561504 0.028102 0.032298
5 0.225937 0.641979 0.043587 0.197686
0 0.749596 0.283546 0.467069 0.112125
5 0.365604 0.707743 0.040450 0.231951
9 0.013924 0.606976 0.027456 0.032525
9 0.309865 0.575128 0.030451 0.030466
0 0.371775 0.606126 0.019268 0.029824
4 0.227202 0.599107 0.026235 0.058447
9 0.048649 0.596987 0.034466 0.025841
9 0.079471 0.584696 0.030634 0.025694
0 0.226004 0.554589 0.017698 0.019928
9 0.165958 0.016216 0.051469 0.032432
