5 0.780007 0.739788 0.439742 0.321442
8 0.468221 0.290305 0.178769 0.576825
3 0.729423 0.664552 0.147495 0.168474
7 0.853333 0.727056 0.292702 0.296852
6 0.465279 0.749715 0.032274 0.080287
6 0.329544 0.949839 0.053049 0.099619
6 0.508243 0.677427 0.019654 0.047034
0 0.643998 0.677011 0.168204 0.195903
6 0.527516 0.642605 0.012383 0.033033
6 0.253012 0.660510 0.010431 0.024470
5 0.261448 0.614258 0.014494 0.032937
5 0.307021 0.596830 0.011447 0.031378
5 0.592670 0.089370 0.063700 0.177384
6 0.544050 0.607299 0.011061 0.027726
6 0.542084 0.623056 0.010907 0.027543
