8 0.207595 0.150872 0.305449 0.301204
8 0.269548 0.100241 0.096603 0.135921
5 0.720349 0.312742 0.126806 0.223693
8 0.038055 0.123393 0.074925 0.122112
9 0.190225 0.774660 0.027717 0.033566
4 0.712910 0.264476 0.054559 0.048447
6 0.109711 0.856955 0.019850 0.041418
6 0.243691 0.875909 0.017777 0.035342
6 0.321065 0.889432 0.016479 0.032260
6 0.255927 0.847068 0.010556 0.024269
6 0.167884 0.807273 0.007672 0.019134
2 0.707301 0.215318 0.029483 0.019350
6 0.203152 0.824349 0.009321 0.020452
0 0.874139 0.981927 0.062402 0.035760
6 0.279655 0.834486 0.008384 0.019692
