5 0.151447 0.744846 0.301895 0.509125
5 0.638683 0.743754 0.196716 0.511073
4 0.085294 0.605246 0.170589 0.230118
8 0.315667 0.221563 0.442883 0.442820
8 0.609208 0.115305 0.027799 0.029704
8 0.141562 0.403554 0.278810 0.171050
7 0.648527 0.664573 0.221274 0.353453
5 0.336950 0.304365 0.044462 0.061680
0 0.640180 0.159271 0.017773 0.033107
9 0.581435 0.127952 0.027974 0.025468
5 0.627646 0.253453 0.043228 0.220090
8 0.490950 0.354911 0.096324 0.269046
7 0.338023 0.300200 0.027560 0.029744
9 0.972003 0.089742 0.029376 0.030668
9 0.970354 0.099300 0.027345 0.032973
