8 0.709802 0.744191 0.578235 0.510414
5 0.637327 0.243568 0.432588 0.486801
4 0.624135 0.184592 0.185959 0.242602
8 0.320526 0.351522 0.125351 0.271564
4 0.274081 0.721590 0.263704 0.287417
8 0.317384 0.079318 0.193919 0.157009
4 0.095909 0.699225 0.189906 0.374942
5 0.220683 0.743346 0.364172 0.512462
3 0.675078 0.042290 0.085003 0.064631
3 0.212574 0.545926 0.097945 0.094875
5 0.752502 0.965394 0.045036 0.068770
3 0.036198 0.518864 0.072379 0.059527
0 0.753412 0.946086 0.018021 0.026305
7 0.746387 0.984307 0.026469 0.031038
4 0.152417 0.915901 0.300646 0.168199
3 0.754252 0.968695 0.012285 0.013204
5 0.049684 0.743341 0.099290 0.507241
