9 0.784621 0.254913 0.430622 0.504816
5 0.782823 0.753782 0.425986 0.490230
9 0.165714 0.937795 0.040920 0.055115
4 0.926733 0.684923 0.146535 0.282443
9 0.104685 0.941634 0.075459 0.077532
8 0.458642 0.158301 0.220629 0.316002
3 0.721439 0.544667 0.112925 0.075624
4 0.768151 0.754971 0.374001 0.446952
5 0.903116 0.754015 0.193128 0.489741
3 0.900269 0.544780 0.091623 0.073426
7 0.216764 0.368042 0.027525 0.043237
8 0.081675 0.305047 0.162854 0.394579
9 0.141340 0.233787 0.080187 0.069881
9 0.264964 0.065370 0.044411 0.056741
9 0.451771 0.866048 0.028194 0.035857
7 0.277378 0.357833 0.026904 0.037699
7 0.339780 0.350959 0.032348 0.043344
5 0.491380 0.306195 0.038899 0.104665
7 0.137174 0.402566 0.025477 0.044182
7 0.310182 0.357380 0.035905 0.046174
5 0.291799 0.380740 0.040617 0.109501
7 0.486626 0.289076 0.019889 0.035180
6 0.970966 0.028734 0.054873 0.057356
7 0.256404 0.262037 0.015683 0.030048
5 0.277417 0.380629 0.037469 0.113803
5 0.219723 0.387928 0.040938 0.115641
9 0.122246 0.146864 0.051362 0.069802
5 0.875107 0.409400 0.234323 0.200211
9 0.157534 0.124517 0.115888 0.072393
5 0.260707 0.273019 0.023624 0.073996
5 0.340069 0.372219 0.041483 0.102122
5 0.310835 0.378004 0.040202 0.103891
7 0.219988 0.272520 0.016335 0.032369
0 0.282624 0.321601 0.012337 0.018282
5 0.150903 0.422006 0.046223 0.120568
5 0.163971 0.375357 0.033421 0.100194
5 0.236450 0.385866 0.036428 0.114269
5 0.222349 0.277046 0.019182 0.046584
5 0.161872 0.406680 0.039963 0.116061
7 0.165629 0.364401 0.018714 0.040560
5 0.220430 0.271229 0.025926 0.057827
7 0.295661 0.356330 0.022885 0.039589
0 0.331908 0.320003 0.014042 0.015117
7 0.256341 0.324909 0.016444 0.027119
5 0.267117 0.373540 0.028426 0.104577
7 0.160835 0.350345 0.019532 0.028403
5 0.189348 0.336893 0.026860 0.083856
7 0.245429 0.325094 0.017513 0.035976
5 0.263910 0.342251 0.026898 0.053509
5 0.294634 0.362739 0.026158 0.063002
5 0.324645 0.376316 0.037682 0.106930
5 0.250142 0.383015 0.043373 0.115473
0 0.478801 0.259833 0.010666 0.012043
8 0.059681 0.769742 0.118775 0.460434
7 0.227604 0.325897 0.018417 0.034534
7 0.242807 0.337717 0.019223 0.053250
5 0.260927 0.302943 0.025559 0.052648
2 0.814178 0.448086 0.091321 0.118858
5 0.276632 0.365481 0.030490 0.069677
5 0.164747 0.359509 0.028655 0.080008
5 0.143417 0.407692 0.031962 0.085555
7 0.159630 0.361195 0.018913 0.038684
7 0.194294 0.318123 0.013835 0.022819
7 0.223775 0.367675 0.026869 0.046334
0 0.220894 0.328451 0.015125 0.022634
7 0.166520 0.371550 0.022343 0.034771
5 0.246550 0.271035 0.016747 0.062494
4 0.845696 0.912509 0.306710 0.174983
7 0.481153 0.274084 0.013352 0.026361
7 0.256968 0.354840 0.016936 0.029095
5 0.283637 0.351327 0.025053 0.067574
7 0.192690 0.325680 0.013256 0.022187
5 0.189329 0.313385 0.025981 0.053936
5 0.243449 0.332275 0.017384 0.045431
5 0.306357 0.360907 0.034423 0.060767
6 0.277127 0.132271 0.015440 0.024306
5 0.266932 0.358528 0.023602 0.068255
0 0.158122 0.331317 0.011625 0.012710
