8 0.309188 0.815683 0.618376 0.367860
5 0.840457 0.813990 0.318673 0.371958
0 0.824335 0.691539 0.154508 0.126817
4 0.879759 0.893209 0.238071 0.213136
8 0.740926 0.316729 0.202286 0.628436
3 0.850592 0.793808 0.081427 0.076748
8 0.470246 0.044345 0.080697 0.088433
8 0.446278 0.920482 0.386545 0.157963
5 0.121077 0.949192 0.068954 0.101615
7 0.119252 0.964134 0.037886 0.057344
3 0.958266 0.734479 0.082802 0.161486
0 0.106106 0.909533 0.023119 0.021917
5 0.933508 0.863451 0.132867 0.272536
5 0.852363 0.901026 0.289142 0.197948
5 0.751121 0.872868 0.221217 0.253745
3 0.108032 0.930406 0.012422 0.013138
