8 0.878967 0.237840 0.189381 0.121546
8 0.363113 0.170427 0.278340 0.339299
8 0.879518 0.662048 0.238914 0.176209
5 0.043940 0.311205 0.076602 0.132252
6 0.198695 0.269615 0.030953 0.065916
4 0.037793 0.310472 0.041804 0.064146
6 0.112508 0.277879 0.030840 0.066914
6 0.009402 0.370682 0.018803 0.080445
2 0.035514 0.259491 0.021436 0.020367
9 0.472311 0.189022 0.056280 0.068316
6 0.132560 0.255003 0.022764 0.052335
8 0.751239 0.232131 0.196223 0.097982
9 0.447529 0.191202 0.066966 0.070079
6 0.006140 0.311431 0.011931 0.032620
