5 0.154379 0.759465 0.308574 0.478115
4 0.154158 0.815273 0.308275 0.368174
1 0.689439 0.180283 0.068200 0.070630
5 0.435603 0.295683 0.252181 0.449653
5 0.835009 0.320873 0.313840 0.395483
1 0.154023 0.611156 0.307616 0.183994
0 0.783046 0.911076 0.168983 0.177848
1 0.848758 0.268489 0.057759 0.064363
2 0.677423 0.422025 0.098023 0.091431
2 0.696193 0.087455 0.078461 0.066269
4 0.833786 0.403800 0.235274 0.228481
4 0.425741 0.387037 0.180364 0.261201
2 0.447138 0.123783 0.101071 0.078779
5 0.427149 0.148800 0.236504 0.297391
5 0.622913 0.442487 0.215542 0.150824
1 0.899926 0.034249 0.069694 0.068499
2 0.734321 0.490275 0.107525 0.054465
5 0.660503 0.185082 0.290362 0.343844
1 0.403984 0.223527 0.063958 0.074404
5 0.875588 0.117620 0.212041 0.235015
5 0.751003 0.907226 0.326316 0.185039
2 0.854169 0.174889 0.092141 0.097547
5 0.651693 0.281731 0.254144 0.452617
5 0.923472 0.244119 0.152283 0.485700
4 0.939362 0.253988 0.121275 0.338990
1 0.981626 0.046467 0.036747 0.071428
5 0.678795 0.038149 0.280535 0.076272
1 0.652063 0.503794 0.071265 0.030516
1 0.705665 0.014645 0.063925 0.029291
5 0.350949 0.291564 0.085062 0.435301
1 0.420465 0.007905 0.066500 0.015274
5 0.533941 0.036181 0.329579 0.072362
5 0.930923 0.109142 0.136627 0.217560
5 0.949652 0.175986 0.098871 0.348506
1 0.516101 0.013480 0.053478 0.026960
