8 0.670436 0.809709 0.365300 0.380065
8 0.244735 0.809474 0.488633 0.379321
8 0.864842 0.739659 0.267365 0.238377
8 0.154784 0.323094 0.136127 0.130475
9 0.861562 0.201241 0.040976 0.034271
5 0.665895 0.277305 0.068462 0.183681
5 0.555248 0.365172 0.077339 0.214200
4 0.660213 0.234716 0.031289 0.054086
9 0.791584 0.193089 0.031971 0.030427
9 0.821068 0.200854 0.029251 0.023997
9 0.580818 0.231946 0.033820 0.033938
9 0.508741 0.239876 0.038393 0.035017
8 0.968513 0.659938 0.062760 0.081414
0 0.533194 0.274539 0.017451 0.033505
9 0.932314 0.194252 0.026024 0.022994
0 0.652195 0.199972 0.017374 0.020523
9 0.530623 0.237430 0.025793 0.026073
9 0.716622 0.231946 0.031967 0.033933
8 0.084570 0.932326 0.124980 0.134308
9 0.814926 0.197161 0.041326 0.028071
