8 0.839222 0.637942 0.321556 0.274443
8 0.827744 0.251346 0.295704 0.496010
5 0.937761 0.899149 0.124329 0.194455
7 0.937180 0.907129 0.096655 0.099359
5 0.864056 0.912035 0.211826 0.174793
0 0.917231 0.825763 0.059298 0.035495
0 0.863862 0.854288 0.079681 0.045621
7 0.858279 0.939689 0.140952 0.117174
8 0.879151 0.450091 0.240396 0.099655
3 0.881473 0.881689 0.022310 0.018493
5 0.847163 0.734121 0.028323 0.033009
7 0.847474 0.734113 0.024559 0.028789
5 0.844796 0.722959 0.031051 0.046980
3 0.926064 0.856307 0.029256 0.020671
7 0.843192 0.714627 0.017448 0.021074
7 0.840297 0.705995 0.014927 0.016801
7 0.844084 0.720758 0.020271 0.024643
5 0.843032 0.713639 0.018970 0.023337
