5 0.209981 0.754207 0.419765 0.490916
8 0.709750 0.753692 0.580350 0.490728
1 0.200177 0.875369 0.400354 0.248099
5 0.663771 0.254688 0.522066 0.508321
5 0.812486 0.255602 0.375027 0.510138
4 0.672512 0.139776 0.386854 0.279551
2 0.210571 0.626619 0.419950 0.230159
5 0.539344 0.253032 0.236124 0.506063
4 0.866918 0.113466 0.221503 0.226721
7 0.607751 0.890164 0.039863 0.084638
5 0.605380 0.901392 0.070778 0.197021
0 0.616676 0.818211 0.021626 0.026894
4 0.516361 0.044067 0.181597 0.087564
5 0.941327 0.170320 0.117319 0.337936
8 0.340733 0.096592 0.155905 0.191261
4 0.209319 0.959874 0.418135 0.079660
3 0.617146 0.841408 0.012755 0.013641
8 0.333692 0.247237 0.172699 0.494313
8 0.290933 0.017927 0.094145 0.035517
