7 0.905507 0.691661 0.133695 0.322574
8 0.380859 0.118069 0.137689 0.222861
8 0.235859 0.731432 0.421034 0.523727
7 0.847179 0.629889 0.064784 0.179900
0 0.834381 0.493630 0.034593 0.049604
5 0.903279 0.733987 0.173234 0.528297
5 0.058545 0.940095 0.028752 0.087933
5 0.850594 0.734529 0.105585 0.496632
7 0.055382 0.934022 0.018069 0.034858
3 0.897880 0.503844 0.026958 0.048285
0 0.056773 0.905909 0.011836 0.014439
0 0.919166 0.489204 0.067742 0.042753
9 0.984745 0.681666 0.030510 0.120486
8 0.045316 0.097646 0.089512 0.185708
