7 0.860576 0.662679 0.094043 0.153950
5 0.341151 0.734683 0.682302 0.528053
5 0.894454 0.234972 0.211058 0.469462
8 0.511654 0.272646 0.334712 0.332883
3 0.346186 0.688602 0.566563 0.324926
7 0.787497 0.644851 0.082202 0.141288
4 0.343789 0.760529 0.654790 0.476668
4 0.943802 0.088474 0.112397 0.176640
5 0.853311 0.715032 0.136895 0.396590
0 0.798586 0.538691 0.037554 0.037620
0 0.734660 0.515848 0.037007 0.038206
0 0.695215 0.481179 0.029415 0.025389
0 0.774368 0.489675 0.034537 0.033337
0 0.874754 0.541448 0.044678 0.041712
0 0.859455 0.497153 0.037612 0.035269
3 0.768145 0.526684 0.025244 0.023050
7 0.832747 0.579032 0.052302 0.070641
3 0.792617 0.573941 0.021115 0.018159
5 0.734071 0.663079 0.094686 0.342545
3 0.866744 0.580688 0.024698 0.021214
5 0.783787 0.686515 0.118122 0.348314
5 0.703920 0.624638 0.051909 0.311493
3 0.729149 0.553062 0.022319 0.018490
3 0.854271 0.534720 0.022088 0.028440
8 0.025840 0.112357 0.051521 0.165015
7 0.699140 0.582438 0.039002 0.117916
7 0.751021 0.616300 0.056664 0.142755
7 0.704701 0.605803 0.049682 0.161288
5 0.758892 0.606765 0.075820 0.268133
5 0.823067 0.652737 0.117003 0.335708
5 0.462863 0.303344 0.039396 0.071466
7 0.764419 0.562995 0.044477 0.044071
3 0.690594 0.514613 0.019807 0.020496
7 0.762131 0.588154 0.049975 0.094231
7 0.723677 0.616415 0.074152 0.154752
5 0.693474 0.692297 0.029664 0.310536
5 0.765124 0.523619 0.061211 0.110873
