5 0.740285 0.709686 0.519431 0.579519
7 0.226413 0.102892 0.062333 0.117425
7 0.326355 0.139300 0.060683 0.134256
7 0.112147 0.104707 0.063091 0.143110
7 0.625600 0.604848 0.291396 0.374420
8 0.354757 0.148855 0.248422 0.297383
7 0.060073 0.143194 0.041055 0.122495
0 0.269200 0.032983 0.028048 0.031834
7 0.271541 0.118616 0.045502 0.105334
0 0.305761 0.042201 0.040362 0.042859
5 0.271608 0.185547 0.057447 0.344871
5 0.058600 0.176587 0.057700 0.276219
5 0.223782 0.184502 0.081420 0.363088
5 0.324715 0.199917 0.086773 0.356400
0 0.134313 0.025872 0.026732 0.030984
5 0.108105 0.183989 0.088846 0.365531
0 0.233331 0.013288 0.036407 0.026386
0 0.117736 0.006809 0.032087 0.013619
3 0.269495 0.065160 0.016889 0.016896
7 0.145473 0.153484 0.029093 0.070943
0 0.067247 0.057949 0.029943 0.020217
5 0.142481 0.187341 0.066764 0.315758
3 0.302167 0.083630 0.016322 0.018522
9 0.617136 0.366705 0.023951 0.026688
9 0.524756 0.404481 0.027316 0.027942
9 0.696774 0.386380 0.017810 0.019203
8 0.555384 0.362509 0.026493 0.030440
