8 0.259908 0.194335 0.518160 0.387993
5 0.826608 0.241901 0.345546 0.294734
0 0.888947 0.165045 0.149134 0.123268
8 0.291462 0.755059 0.451413 0.487636
7 0.116844 0.134732 0.233611 0.269464
5 0.134850 0.194128 0.268887 0.388254
7 0.833065 0.321154 0.287503 0.135871
5 0.230593 0.179965 0.143504 0.278133
8 0.049209 0.888619 0.093670 0.119290
5 0.299904 0.845838 0.047654 0.095718
3 0.883874 0.277525 0.079662 0.055284
5 0.188827 0.027403 0.153306 0.054805
7 0.173186 0.023525 0.135114 0.046651
7 0.175577 0.015256 0.106587 0.029703
7 0.147291 0.017358 0.130518 0.034628
7 0.218525 0.154295 0.089528 0.187768
7 0.219874 0.206999 0.098805 0.153452
