8 0.753939 0.772146 0.491745 0.454981
8 0.257371 0.234533 0.508632 0.469058
5 0.392158 0.674099 0.118085 0.231128
5 0.762996 0.253522 0.472680 0.432275
2 0.906478 0.151127 0.181467 0.157888
1 0.814912 0.323114 0.094738 0.175208
4 0.387936 0.626415 0.043169 0.061861
0 0.400311 0.575277 0.023861 0.025237
0 0.017643 0.810481 0.029294 0.040225
5 0.385578 0.418107 0.052620 0.095798
7 0.383763 0.419575 0.027381 0.054933
5 0.019921 0.858880 0.039701 0.144460
8 0.037615 0.738651 0.075018 0.496396
0 0.021715 0.945125 0.043430 0.047882
8 0.051926 0.880508 0.103726 0.203613
