8 0.194486 0.733866 0.388860 0.532130
8 0.693632 0.731423 0.607930 0.535852
5 0.709858 0.234836 0.580283 0.467566
8 0.731508 0.663531 0.226262 0.218208
1 0.738158 0.236897 0.181199 0.195537
4 0.709952 0.356055 0.439109 0.224225
8 0.156967 0.278753 0.303790 0.378514
8 0.527534 0.602187 0.170229 0.144274
5 0.085309 0.369481 0.033382 0.047364
8 0.097680 0.233990 0.195212 0.467451
5 0.734713 0.675751 0.046287 0.104271
2 0.764244 0.028890 0.224580 0.057553
7 0.084458 0.370987 0.030904 0.043888
8 0.059119 0.685654 0.117864 0.418293
4 0.731698 0.681646 0.026350 0.043816
