5 0.769626 0.871113 0.460445 0.256141
4 0.773970 0.353632 0.223393 0.198940
5 0.807189 0.452259 0.324686 0.543362
5 0.834689 0.131279 0.329331 0.250566
9 0.388860 0.640510 0.029618 0.028340
6 0.133720 0.881962 0.177011 0.236043
4 0.812168 0.066079 0.252600 0.108539
2 0.765883 0.858014 0.447660 0.190489
0 0.790429 0.219046 0.124650 0.060089
9 0.410523 0.619193 0.020818 0.020013
2 0.979308 0.041142 0.041237 0.051954
8 0.363835 0.629870 0.030042 0.062785
8 0.434743 0.642874 0.019188 0.039970
3 0.949418 0.072103 0.043381 0.030391
5 0.316104 0.700557 0.013925 0.031701
1 0.762712 0.975432 0.433902 0.048993
6 0.419370 0.702505 0.008949 0.017026
6 0.385931 0.717153 0.013194 0.021531
2 0.956012 0.033471 0.043959 0.027691
