9 0.765502 0.294669 0.468093 0.485237
5 0.232265 0.768176 0.464529 0.459607
7 0.802499 0.777904 0.122093 0.182731
7 0.894367 0.770147 0.122036 0.166684
5 0.378194 0.768661 0.300858 0.461931
0 0.921841 0.642543 0.051525 0.049158
7 0.713202 0.762895 0.097011 0.163029
7 0.644335 0.750363 0.096651 0.168954
4 0.155937 0.780604 0.311758 0.437473
7 0.865000 0.673101 0.069021 0.073473
0 0.631769 0.591213 0.040766 0.042674
0 0.743819 0.630397 0.043973 0.047409
0 0.793833 0.611508 0.041687 0.042554
0 0.827236 0.634893 0.044555 0.046584
0 0.981514 0.675624 0.036972 0.048915
7 0.563621 0.723365 0.071954 0.164772
5 0.849267 0.303469 0.300311 0.465336
0 0.878988 0.587351 0.041300 0.039501
0 0.768032 0.574823 0.038553 0.040433
0 0.595232 0.558141 0.038685 0.035699
0 0.568893 0.597432 0.047742 0.050611
5 0.630232 0.790441 0.143773 0.417222
0 0.673908 0.610621 0.044881 0.039656
7 0.941593 0.824438 0.116815 0.203480
0 0.694589 0.551587 0.037615 0.025517
3 0.910232 0.686962 0.029474 0.028905
5 0.704138 0.798033 0.152441 0.401233
5 0.770745 0.797943 0.158649 0.398875
3 0.735663 0.675163 0.027229 0.025350
3 0.819236 0.685999 0.029950 0.031621
5 0.581221 0.778609 0.102054 0.416732
5 0.920296 0.811117 0.139828 0.377364
3 0.690243 0.587697 0.023508 0.021344
3 0.979178 0.726008 0.032307 0.030231
7 0.939488 0.434382 0.120955 0.209060
3 0.621582 0.633534 0.025393 0.023612
5 0.860957 0.798536 0.155245 0.393838
3 0.788514 0.653314 0.026373 0.023585
3 0.667475 0.654510 0.023041 0.021229
3 0.872996 0.633316 0.027105 0.028186
3 0.563450 0.642628 0.025972 0.024807
7 0.678956 0.636416 0.090155 0.092881
5 0.954491 0.838308 0.091018 0.323334
5 0.668948 0.760040 0.108234 0.411376
7 0.772568 0.682497 0.057517 0.068007
7 0.601138 0.723998 0.069896 0.145250
7 0.695792 0.634595 0.060812 0.082788
5 0.975367 0.820544 0.049266 0.357562
5 0.980756 0.869413 0.038488 0.260650
7 0.985222 0.823990 0.029554 0.205056
3 0.766079 0.612478 0.017200 0.024641
7 0.767751 0.674369 0.043118 0.058956
5 0.700444 0.751580 0.093801 0.419871
5 0.618114 0.766868 0.103659 0.411516
5 0.815819 0.798806 0.137049 0.401158
7 0.742388 0.659409 0.060131 0.061083
5 0.556926 0.780189 0.055499 0.437895
0 0.780145 0.590151 0.045477 0.062757
5 0.764752 0.761971 0.093951 0.429757
5 0.691540 0.613000 0.075920 0.149798
