8 0.155253 0.200253 0.309483 0.398978
8 0.186044 0.780798 0.365331 0.376085
5 0.936157 0.243277 0.127685 0.267541
8 0.851217 0.174751 0.296834 0.348760
5 0.923138 0.083764 0.142186 0.166252
2 0.979315 0.133143 0.041277 0.033162
5 0.291716 0.695865 0.073053 0.128871
7 0.302441 0.686822 0.038822 0.058918
5 0.730006 0.072719 0.081010 0.144466
4 0.991682 0.217961 0.016620 0.071964
4 0.988021 0.215929 0.023507 0.083281
5 0.763382 0.076340 0.144809 0.152598
3 0.978451 0.169143 0.021496 0.019745
4 0.933844 0.008290 0.050711 0.015968
