8 0.845408 0.729999 0.307956 0.524788
9 0.344677 0.932751 0.103810 0.099794
5 0.137755 0.233754 0.272069 0.467216
7 0.126479 0.297754 0.221059 0.289443
7 0.263745 0.870987 0.130649 0.256462
0 0.157505 0.031665 0.128024 0.062396
9 0.175125 0.918057 0.098753 0.151934
7 0.062025 0.820077 0.086858 0.174397
7 0.881445 0.058679 0.132068 0.117121
5 0.240626 0.738048 0.263021 0.523855
0 0.068405 0.157995 0.056454 0.089880
5 0.071296 0.784428 0.142533 0.431144
5 0.833931 0.234902 0.320700 0.467855
0 0.093201 0.677183 0.053522 0.074103
4 0.033150 0.277543 0.063593 0.144398
0 0.303160 0.665637 0.050655 0.060689
3 0.297110 0.738034 0.038175 0.050088
5 0.735356 0.144935 0.171928 0.289053
5 0.047941 0.239051 0.095883 0.268430
5 0.964022 0.499316 0.035188 0.065919
9 0.945855 0.039256 0.108113 0.078447
4 0.965326 0.495974 0.023343 0.051483
5 0.015959 0.792526 0.031918 0.414948
7 0.746372 0.019591 0.077918 0.038715
