5 0.716568 0.189863 0.342250 0.378824
5 0.905165 0.189919 0.188307 0.379838
8 0.372052 0.189260 0.274483 0.378323
3 0.951112 0.140527 0.097776 0.162221
8 0.649659 0.689484 0.281267 0.621032
8 0.367679 0.702207 0.283429 0.583644
3 0.728566 0.092785 0.099075 0.096260
8 0.411075 0.455552 0.196661 0.152575
5 0.581765 0.190902 0.146670 0.376298
4 0.741421 0.270735 0.256895 0.215518
4 0.550730 0.273024 0.083065 0.212415
5 0.028757 0.104990 0.057514 0.209512
7 0.014353 0.059319 0.028706 0.083248
4 0.943647 0.276737 0.112567 0.207036
