5 0.275536 0.640486 0.550908 0.716754
7 0.773143 0.099829 0.439254 0.199619
8 0.060139 0.170303 0.120210 0.215648
5 0.775021 0.107675 0.449959 0.215163
2 0.663479 0.408398 0.229411 0.265198
2 0.852004 0.375207 0.222609 0.191902
5 0.715024 0.637663 0.331714 0.720798
4 0.209838 0.849803 0.419676 0.300304
2 0.321783 0.362805 0.228876 0.166046
5 0.923887 0.462705 0.152068 0.365778
1 0.260508 0.668524 0.242629 0.271266
4 0.733707 0.742428 0.347061 0.508630
3 0.784442 0.495459 0.109609 0.127229
4 0.951935 0.364953 0.092603 0.160401
4 0.752724 0.324593 0.093169 0.089211
3 0.588166 0.661274 0.076587 0.185781
5 0.086368 0.088458 0.021287 0.049572
9 0.926285 0.475324 0.146498 0.331831
5 0.940785 0.656378 0.118426 0.686682
5 0.748791 0.336902 0.125237 0.115230
5 0.429177 0.129697 0.022805 0.061777
5 0.422727 0.112799 0.016894 0.039602
5 0.424618 0.117940 0.029381 0.070664
5 0.962061 0.735208 0.075878 0.522852
