5 0.807884 0.858263 0.102720 0.282332
8 0.264274 0.222389 0.466485 0.332795
5 0.943263 0.851213 0.113013 0.295279
8 0.609989 0.225040 0.279242 0.323529
7 0.807036 0.842998 0.069763 0.131958
8 0.223715 0.332776 0.115838 0.087339
7 0.964322 0.825922 0.066188 0.126659
8 0.363650 0.581706 0.724189 0.388826
0 0.827593 0.740990 0.041697 0.043343
0 0.957910 0.721923 0.040205 0.033144
3 0.959127 0.757901 0.024554 0.024014
5 0.342351 0.293334 0.034139 0.077072
5 0.344027 0.282035 0.022798 0.046223
5 0.964388 0.197488 0.071223 0.389880
5 0.976127 0.846037 0.047223 0.304430
5 0.345916 0.282284 0.015266 0.033315
3 0.821869 0.774345 0.019679 0.020437
