8 0.264312 0.239447 0.528623 0.477659
8 0.764312 0.269560 0.470488 0.420558
8 0.764032 0.740529 0.471936 0.517891
9 0.151561 0.226011 0.303122 0.375769
5 0.086052 0.737176 0.170668 0.521052
4 0.076396 0.613157 0.121813 0.253868
4 0.238573 0.660463 0.119525 0.271870
8 0.750475 0.803387 0.180940 0.323127
5 0.233353 0.738938 0.183271 0.520037
3 0.362169 0.538032 0.045294 0.047407
9 0.886810 0.604510 0.053431 0.076403
3 0.231766 0.513284 0.044243 0.045751
5 0.587416 0.696053 0.025674 0.077690
5 0.592345 0.930426 0.042675 0.083524
5 0.440248 0.738860 0.176451 0.518866
4 0.468268 0.747146 0.120922 0.494605
3 0.427363 0.526885 0.051403 0.067853
5 0.372762 0.737202 0.136261 0.520488
4 0.375353 0.727415 0.074537 0.349008
3 0.085548 0.490612 0.046363 0.022929
4 0.586081 0.925286 0.019256 0.036850
9 0.910446 0.612857 0.021890 0.056608
7 0.586662 0.685707 0.014227 0.025897
7 0.591274 0.685200 0.013587 0.026118
9 0.903177 0.603546 0.036649 0.074225
9 0.914207 0.599086 0.018739 0.068961
