5 0.904861 0.318225 0.190111 0.322461
5 0.305967 0.739073 0.550791 0.519693
7 0.460228 0.239443 0.167056 0.240575
2 0.909056 0.208340 0.087725 0.073958
5 0.491693 0.239826 0.390404 0.479652
4 0.927602 0.397525 0.144689 0.165077
5 0.923453 0.621058 0.153090 0.282905
7 0.301630 0.752816 0.449332 0.494367
5 0.837706 0.304705 0.198632 0.350636
0 0.422819 0.029884 0.099378 0.059452
3 0.928875 0.306932 0.056548 0.055725
1 0.426471 0.099670 0.068112 0.062243
4 0.800263 0.396994 0.122435 0.165717
3 0.270314 0.585194 0.062920 0.070102
3 0.769794 0.293954 0.039862 0.064217
7 0.937997 0.508697 0.123651 0.059959
2 0.753740 0.176660 0.032815 0.091058
0 0.265951 0.503474 0.164456 0.050103
