5 0.713581 0.833923 0.571414 0.331504
5 0.213290 0.834230 0.426580 0.331146
8 0.217075 0.335272 0.434150 0.670001
4 0.713159 0.887428 0.568637 0.224295
1 0.756648 0.755905 0.458518 0.175828
8 0.802994 0.156061 0.113864 0.129380
8 0.487629 0.282451 0.112864 0.241663
9 0.572484 0.015562 0.066669 0.031071
9 0.482175 0.018230 0.048382 0.036460
9 0.592111 0.015694 0.047163 0.031388
9 0.264872 0.521115 0.327768 0.298867
3 0.067224 0.960419 0.134297 0.078643
9 0.243057 0.620152 0.355636 0.095885
2 0.100469 0.706143 0.199034 0.076548
9 0.214360 0.574462 0.416365 0.191153
