4 0.281841 0.878707 0.563683 0.241216
5 0.284390 0.877833 0.567808 0.240964
8 0.444277 0.341570 0.249814 0.443180
5 0.513095 0.336664 0.088205 0.143783
8 0.860717 0.416835 0.278566 0.672244
5 0.928935 0.321911 0.050656 0.064877
5 0.388786 0.177181 0.035216 0.079647
5 0.768132 0.875899 0.227773 0.234363
4 0.523763 0.322118 0.042913 0.048588
0 0.773781 0.794985 0.202333 0.072557
5 0.631725 0.879212 0.123171 0.239701
7 0.928087 0.322982 0.037964 0.044756
4 0.613473 0.868840 0.088965 0.222619
5 0.733552 0.945496 0.131751 0.108296
5 0.914231 0.879093 0.171252 0.238904
2 0.923871 0.795720 0.152258 0.075369
2 0.709781 0.931341 0.063769 0.072834
9 0.801416 0.877759 0.397169 0.239575
4 0.801449 0.854021 0.127003 0.110394
4 0.734640 0.861996 0.116379 0.111208
2 0.510455 0.272683 0.019469 0.018318
