8 0.244018 0.828721 0.488036 0.341640
8 0.823887 0.410788 0.352205 0.335280
5 0.681937 0.788898 0.385729 0.420702
8 0.417403 0.071076 0.144554 0.141386
4 0.631085 0.793562 0.277308 0.412875
9 0.635971 0.170937 0.098361 0.044308
9 0.567609 0.483959 0.047724 0.059545
9 0.778776 0.103344 0.090156 0.098857
1 0.635991 0.751981 0.134061 0.187703
8 0.747015 0.789468 0.503765 0.421064
9 0.806773 0.134343 0.078575 0.058423
1 0.638961 0.635289 0.051212 0.095459
9 0.567212 0.496638 0.040228 0.038804
8 0.349766 0.064483 0.257319 0.128967
