5 0.733396 0.284906 0.533208 0.567918
5 0.235127 0.772160 0.470254 0.408482
8 0.236467 0.330391 0.470181 0.480107
3 0.705554 0.462264 0.329695 0.211304
2 0.679834 0.063042 0.373863 0.125049
6 0.618381 0.986086 0.012523 0.023994
5 0.666324 0.926010 0.019314 0.063037
6 0.594904 0.972669 0.009140 0.019955
5 0.740770 0.932772 0.014058 0.038074
6 0.580825 0.956827 0.005977 0.014495
6 0.497293 0.955923 0.008670 0.020872
6 0.473545 0.978718 0.011620 0.021111
5 0.734930 0.934042 0.016596 0.037075
5 0.733848 0.940088 0.012859 0.022950
