8 0.069771 0.702073 0.139510 0.193967
8 0.200523 0.352610 0.399690 0.227853
9 0.866812 0.920954 0.025857 0.022935
8 0.839333 0.905882 0.038350 0.057038
2 0.113345 0.426563 0.034851 0.017215
5 0.103051 0.593720 0.012412 0.047182
8 0.911860 0.926690 0.021933 0.041406
5 0.138838 0.442573 0.093070 0.051225
6 0.317952 0.861624 0.020809 0.054802
9 0.886866 0.900353 0.019999 0.021375
6 0.793687 0.971436 0.010052 0.021411
5 0.162658 0.445151 0.083837 0.044230
5 0.793071 0.972604 0.011029 0.024041
8 0.319587 0.925368 0.158404 0.147605
7 0.152336 0.446323 0.103351 0.044927
6 0.859588 0.991874 0.012097 0.015474
6 0.892899 0.980739 0.008473 0.016371
8 0.848307 0.905154 0.024031 0.053161
