8 0.156556 0.512589 0.312318 0.333953
5 0.355505 0.840029 0.229081 0.319683
8 0.697093 0.291911 0.453669 0.527374
8 0.291637 0.346220 0.354437 0.682962
0 0.914255 0.739837 0.142429 0.119740
5 0.202206 0.615369 0.038588 0.048108
2 0.391693 0.730294 0.100634 0.094503
5 0.882189 0.840480 0.234140 0.318317
4 0.938444 0.908102 0.123090 0.182432
3 0.408570 0.901462 0.069009 0.080526
3 0.921455 0.831754 0.066559 0.069084
9 0.332221 0.046012 0.041682 0.025857
8 0.020977 0.108583 0.041250 0.068917
6 0.407698 0.843488 0.121276 0.311978
4 0.381868 0.980047 0.170431 0.039768
8 0.023137 0.079251 0.045921 0.142324
7 0.201641 0.617746 0.036845 0.044184
