8 0.347653 0.135686 0.207220 0.267862
8 0.301329 0.766657 0.297158 0.376618
8 0.066110 0.800350 0.132114 0.222894
8 0.674497 0.696723 0.448093 0.604314
8 0.851788 0.152065 0.296118 0.233671
8 0.868407 0.847597 0.262760 0.304515
8 0.092372 0.563366 0.093627 0.267562
8 0.377839 0.447627 0.143581 0.334717
8 0.111055 0.904569 0.222111 0.141845
9 0.323677 0.961215 0.178138 0.073028
9 0.210669 0.970202 0.080193 0.056327
9 0.059060 0.958378 0.089278 0.042463
9 0.144904 0.978750 0.145994 0.042350
5 0.152525 0.946068 0.022701 0.038652
9 0.046319 0.972249 0.090697 0.054666
5 0.418279 0.816124 0.028830 0.048142
8 0.055934 0.902528 0.111749 0.127991
9 0.047252 0.953259 0.066248 0.035192
7 0.420039 0.816983 0.021719 0.034685
9 0.076108 0.958323 0.074424 0.038547
9 0.294787 0.960634 0.097658 0.066235
5 0.149420 0.930669 0.018370 0.020955
9 0.232689 0.973913 0.066206 0.051593
8 0.375196 0.594137 0.149249 0.627405
7 0.153311 0.950912 0.022817 0.029573
