9 0.311882 0.753910 0.623586 0.490993
8 0.809565 0.251935 0.380362 0.503714
5 0.875201 0.759135 0.249598 0.478883
6 0.327355 0.695251 0.051347 0.091855
0 0.973877 0.781764 0.051736 0.260711
6 0.118028 0.591772 0.020953 0.043032
6 0.217438 0.586077 0.017592 0.037284
8 0.430346 0.069754 0.363292 0.139508
6 0.517373 0.907231 0.133683 0.181591
6 0.393775 0.643406 0.029314 0.068000
6 0.261763 0.586887 0.013932 0.031209
6 0.307220 0.571641 0.013107 0.028931
6 0.445550 0.614014 0.018958 0.042702
6 0.058952 0.549960 0.010688 0.024477
6 0.283592 0.571919 0.012776 0.033387
6 0.421557 0.618655 0.019246 0.041201
6 0.011117 0.540040 0.011469 0.025718
8 0.522180 0.023026 0.184712 0.045985
6 0.428518 0.617522 0.019366 0.040967
6 0.508888 0.888402 0.085069 0.132223
6 0.452376 0.611058 0.021737 0.047561
6 0.215014 0.586627 0.013261 0.028926
6 0.219127 0.574670 0.018077 0.049661
