8 0.214183 0.194735 0.427887 0.388140
4 0.291445 0.910079 0.065588 0.108430
5 0.842820 0.700293 0.313653 0.599134
4 0.510030 0.094218 0.067992 0.106261
8 0.341817 0.162532 0.218215 0.319281
7 0.883080 0.680334 0.224477 0.302100
5 0.505160 0.153129 0.109808 0.306259
5 0.279545 0.898774 0.121472 0.201482
0 0.935524 0.463673 0.092078 0.125348
3 0.522581 0.032594 0.022415 0.024528
3 0.304432 0.849534 0.019946 0.022393
3 0.521107 0.038258 0.017956 0.018571
2 0.523589 0.013000 0.023524 0.025463
2 0.308047 0.817405 0.021420 0.020666
