8 0.629006 0.230465 0.734099 0.460716
5 0.606176 0.726180 0.702966 0.546807
0 0.143578 0.844054 0.131079 0.116009
1 0.394290 0.762102 0.282502 0.475796
5 0.163843 0.879172 0.173567 0.241031
4 0.535262 0.916441 0.567946 0.167040
4 0.184251 0.961084 0.130896 0.077743
5 0.509769 0.117129 0.061732 0.141983
7 0.438337 0.107141 0.024707 0.057573
8 0.593437 0.051784 0.568090 0.102501
0 0.229105 0.834088 0.047081 0.070936
3 0.226679 0.873767 0.039355 0.048929
3 0.232951 0.881017 0.031449 0.043661
3 0.217713 0.867945 0.035805 0.043102
5 0.438674 0.116118 0.033579 0.091153
