8 0.819486 0.739872 0.360197 0.517737
5 0.256071 0.240613 0.509223 0.480822
4 0.500861 0.835521 0.138411 0.161250
5 0.470634 0.831101 0.292810 0.337712
5 0.942390 0.168675 0.115221 0.337351
0 0.524911 0.707608 0.078166 0.061240
7 0.221963 0.043890 0.222128 0.087699
5 0.899122 0.098254 0.077310 0.174509
7 0.681197 0.813823 0.031674 0.065482
5 0.694808 0.857978 0.099044 0.262593
3 0.519242 0.752140 0.041577 0.032446
7 0.965016 0.107023 0.060112 0.114590
0 0.962260 0.009900 0.036014 0.019800
0 0.987995 0.025841 0.023501 0.034329
7 0.900489 0.077053 0.042335 0.059846
0 0.902809 0.029757 0.025840 0.034624
0 0.684847 0.746059 0.024375 0.035363
7 0.988397 0.113894 0.023206 0.129995
3 0.992627 0.056272 0.014670 0.019303
3 0.957745 0.037893 0.029726 0.029189
5 0.983843 0.135400 0.031974 0.235119
