8 0.848038 0.651884 0.292468 0.485317
8 0.860007 0.236877 0.279918 0.288765
8 0.753511 0.664469 0.104594 0.146776
8 0.482886 0.274199 0.306884 0.269537
4 0.421333 0.723252 0.113651 0.134097
5 0.388350 0.763601 0.234927 0.388031
7 0.118606 0.715049 0.220834 0.145836
5 0.590476 0.682842 0.219068 0.545835
8 0.968306 0.715748 0.063360 0.134651
5 0.166326 0.698970 0.329484 0.329477
0 0.615123 0.457388 0.101845 0.086130
0 0.218479 0.586955 0.094078 0.058144
0 0.416271 0.612236 0.080049 0.061822
0 0.278774 0.654976 0.045170 0.044871
4 0.667569 0.594169 0.066052 0.222378
8 0.945448 0.119379 0.108994 0.237976
5 0.244548 0.695572 0.116394 0.144439
5 0.775107 0.152048 0.025291 0.035728
3 0.625930 0.508249 0.049757 0.034607
3 0.424840 0.653434 0.029132 0.025508
4 0.236050 0.723945 0.070233 0.067843
8 0.817176 0.028101 0.202104 0.055405
3 0.223123 0.620687 0.046242 0.029074
8 0.500544 0.025335 0.342627 0.050236
3 0.263118 0.689417 0.022059 0.020302
8 0.432045 0.019909 0.237210 0.039818
3 0.191079 0.614768 0.030132 0.027352
8 0.145676 0.015384 0.260613 0.030636
8 0.675128 0.108676 0.051740 0.202767
