5 0.155375 0.749664 0.308950 0.498412
7 0.304501 0.244252 0.063802 0.123134
5 0.679915 0.250021 0.157126 0.500002
5 0.884095 0.302371 0.227500 0.393752
7 0.864060 0.352877 0.157399 0.288335
4 0.664298 0.359579 0.123793 0.271775
7 0.410560 0.278165 0.067266 0.142358
8 0.443083 0.215554 0.315267 0.426636
7 0.185327 0.251434 0.065298 0.149054
0 0.695164 0.124600 0.080296 0.046634
0 0.303839 0.141340 0.041721 0.042351
3 0.699030 0.206184 0.039914 0.054339
0 0.820724 0.156388 0.076066 0.096225
5 0.193688 0.310796 0.095409 0.378654
0 0.382478 0.176861 0.042564 0.043783
7 0.015285 0.267247 0.030548 0.148383
0 0.203505 0.167715 0.028649 0.032205
0 0.342683 0.169257 0.030432 0.032600
5 0.025635 0.322200 0.051271 0.355029
0 0.180827 0.134788 0.032224 0.033113
5 0.530597 0.562935 0.141015 0.124449
7 0.138375 0.293840 0.042188 0.133505
7 0.352409 0.254874 0.044234 0.111310
5 0.353081 0.321727 0.056576 0.341270
5 0.411217 0.329828 0.091991 0.349429
5 0.137266 0.334304 0.059903 0.282007
7 0.226746 0.301086 0.030762 0.070484
5 0.311550 0.317887 0.088730 0.364595
0 0.136703 0.205576 0.031459 0.022221
8 0.984185 0.861961 0.030279 0.059527
5 0.224611 0.325743 0.054825 0.329114
5 0.676854 0.975345 0.014889 0.039169
3 0.379627 0.217934 0.015444 0.017740
0 0.135609 0.212250 0.031155 0.020441
5 0.756622 0.980897 0.011474 0.035829
5 0.938742 0.928230 0.013745 0.029112
3 0.823428 0.179264 0.041318 0.041338
3 0.346175 0.201843 0.018411 0.019651
5 0.808719 0.982212 0.013206 0.032838
5 0.935064 0.925197 0.013896 0.024893
8 0.990688 0.863528 0.018624 0.051039
5 0.217428 0.236843 0.050831 0.175445
5 0.579621 0.343839 0.042626 0.308304
5 0.061113 0.748883 0.122226 0.496205
