5 0.749264 0.371919 0.499954 0.631822
5 0.749756 0.848243 0.498952 0.303257
8 0.150227 0.317619 0.300209 0.550055
1 0.748613 0.879994 0.494142 0.239696
8 0.414200 0.181113 0.157312 0.102330
1 0.807570 0.405893 0.384542 0.326668
8 0.238573 0.334831 0.473196 0.662997
5 0.106531 0.365452 0.042108 0.084091
4 0.750193 0.614624 0.499613 0.148093
2 0.806004 0.146791 0.386655 0.129139
4 0.097837 0.359475 0.015107 0.028056
4 0.101949 0.359583 0.017508 0.027342
4 0.747422 0.956555 0.495022 0.086405
2 0.748322 0.727862 0.497379 0.077654
