8 0.751054 0.703355 0.497663 0.592598
1 0.034751 0.064116 0.069503 0.084186
5 0.843392 0.204559 0.312121 0.407846
5 0.670332 0.204492 0.341063 0.408647
5 0.100635 0.204868 0.201215 0.408788
7 0.316968 0.555631 0.127347 0.291672
5 0.315225 0.703358 0.164708 0.591199
7 0.064943 0.233971 0.129880 0.278083
5 0.743528 0.533981 0.040383 0.093195
8 0.565354 0.608192 0.133021 0.323789
2 0.757627 0.496549 0.013571 0.013855
0 0.486269 0.419067 0.030472 0.021794
5 0.459775 0.702304 0.077846 0.587698
4 0.753179 0.536906 0.014044 0.040182
5 0.476818 0.720992 0.048748 0.519405
