8 0.759273 0.244929 0.481043 0.488588
8 0.759154 0.743281 0.481692 0.510382
8 0.255107 0.265407 0.510161 0.442986
7 0.332166 0.562739 0.169852 0.147563
5 0.323041 0.744606 0.251677 0.509860
7 0.878752 0.787436 0.232814 0.401366
8 0.378191 0.379812 0.284758 0.214673
0 0.900315 0.549539 0.091584 0.092879
5 0.773631 0.744639 0.452533 0.509957
5 0.584124 0.547851 0.129816 0.118868
2 0.291364 0.256502 0.016797 0.017831
5 0.271329 0.333640 0.063920 0.167802
4 0.279070 0.287873 0.028383 0.037089
9 0.491818 0.299908 0.053646 0.058348
2 0.984310 0.641658 0.031339 0.066477
