5 0.834650 0.295529 0.329753 0.589319
8 0.637957 0.794944 0.259322 0.410113
2 0.153730 0.871861 0.081673 0.079390
7 0.862679 0.349641 0.274643 0.472521
0 0.868482 0.044810 0.150764 0.089260
2 0.369609 0.930080 0.087948 0.078590
1 0.444056 0.850140 0.023469 0.034389
8 0.188814 0.055961 0.077921 0.097163
2 0.221782 0.944221 0.105461 0.094298
5 0.124321 0.915091 0.140162 0.169800
3 0.880128 0.154086 0.058895 0.058209
1 0.478846 0.889441 0.060068 0.163282
2 0.364684 0.827777 0.031148 0.030837
2 0.207177 0.820889 0.019912 0.025760
1 0.140485 0.955311 0.054479 0.074694
5 0.850610 0.749434 0.035580 0.096897
7 0.851277 0.737999 0.023158 0.045081
5 0.979108 0.788458 0.041593 0.079304
1 0.376457 0.989750 0.062102 0.020417
4 0.427276 0.921953 0.036233 0.076361
7 0.983302 0.794174 0.030574 0.052460
5 0.207777 0.850622 0.032024 0.090234
1 0.360041 0.866843 0.023495 0.025449
2 0.443810 0.810114 0.023533 0.020141
2 0.487382 0.716749 0.041479 0.116149
5 0.117970 0.867159 0.017227 0.058726
1 0.441978 0.858185 0.019201 0.034193
8 0.030501 0.849259 0.060859 0.299350
8 0.037821 0.091892 0.029990 0.025890
2 0.025753 0.961788 0.051334 0.074848
4 0.432048 0.909447 0.030438 0.066380
4 0.453876 0.965564 0.093708 0.068872
1 0.436954 0.860105 0.016417 0.030166
5 0.212934 0.862976 0.022372 0.060440
1 0.433555 0.866750 0.011027 0.016966
