8 0.809339 0.738925 0.380928 0.519790
8 0.379227 0.233568 0.478604 0.465472
8 0.864494 0.125863 0.271012 0.251602
8 0.856202 0.259929 0.286833 0.437183
5 0.387591 0.543904 0.285041 0.128153
8 0.692605 0.769203 0.144736 0.459765
5 0.460991 0.294018 0.049779 0.077995
5 0.330184 0.434299 0.059568 0.085208
7 0.329129 0.445490 0.033978 0.059844
5 0.406357 0.443596 0.051786 0.065806
7 0.529772 0.457052 0.034373 0.042339
5 0.530997 0.450233 0.056177 0.055934
7 0.406999 0.456431 0.034961 0.045045
7 0.465159 0.292068 0.025509 0.037165
7 0.457551 0.291773 0.029276 0.041239
