5 0.849643 0.219850 0.300179 0.438847
7 0.303056 0.929135 0.119901 0.141708
7 0.099875 0.939744 0.143188 0.119523
8 0.573998 0.127939 0.231173 0.206031
8 0.186391 0.333447 0.125615 0.124954
0 0.084895 0.805736 0.076490 0.062508
5 0.113126 0.885289 0.204188 0.228884
5 0.321852 0.879054 0.175002 0.240619
0 0.285532 0.789371 0.058152 0.053959
9 0.073232 0.219582 0.106763 0.088660
7 0.808041 0.226612 0.217246 0.433274
3 0.094826 0.867532 0.048721 0.038149
3 0.291070 0.847213 0.037888 0.032782
8 0.754223 0.748033 0.106319 0.431002
5 0.667654 0.867984 0.066829 0.247416
9 0.187919 0.240888 0.044665 0.042459
5 0.650501 0.880225 0.100168 0.234772
2 0.689765 0.776413 0.026283 0.055539
9 0.195491 0.227546 0.060479 0.054821
0 0.687172 0.778832 0.028194 0.058592
9 0.182096 0.230945 0.039334 0.048588
