7 0.752447 0.337697 0.089593 0.166516
7 0.925318 0.390601 0.099352 0.175778
0 0.858673 0.307462 0.092979 0.100781
5 0.238139 0.595815 0.105680 0.213314
5 0.094826 0.582782 0.115559 0.189674
0 0.924428 0.240234 0.077872 0.070563
5 0.742244 0.333840 0.151805 0.310529
4 0.261819 0.546768 0.030563 0.048491
5 0.840887 0.371672 0.207993 0.233153
7 0.839173 0.431681 0.171380 0.114094
5 0.921600 0.344771 0.148984 0.287758
0 0.754833 0.207803 0.047943 0.048232
4 0.087984 0.516491 0.039861 0.053952
0 0.266366 0.503894 0.021295 0.024401
8 0.101057 0.195795 0.201664 0.390261
4 0.973453 0.884651 0.052860 0.201071
3 0.751345 0.250321 0.025847 0.025850
3 0.907126 0.296391 0.033493 0.033766
5 0.674916 0.345988 0.051250 0.286365
0 0.660144 0.247572 0.020432 0.068445
5 0.951681 0.778939 0.096401 0.440634
3 0.853638 0.372454 0.033983 0.031534
