9 0.265558 0.774362 0.529923 0.449793
8 0.765750 0.276239 0.467605 0.551652
5 0.719791 0.774883 0.380657 0.449615
4 0.672462 0.671320 0.282748 0.237901
8 0.401462 0.043246 0.256394 0.086435
5 0.928297 0.781182 0.142659 0.433021
7 0.991778 0.403329 0.015892 0.053867
5 0.984444 0.441391 0.030227 0.193656
3 0.763273 0.585154 0.086205 0.047016
5 0.971137 0.603293 0.057647 0.106910
2 0.776231 0.561670 0.138351 0.025506
5 0.815483 0.586479 0.316794 0.074240
5 0.683262 0.854963 0.308765 0.289722
4 0.981113 0.729957 0.037774 0.135967
