8 0.216632 0.178609 0.427986 0.357140
9 0.745992 0.293946 0.506162 0.510930
5 0.925201 0.773993 0.148408 0.451741
5 0.360873 0.618913 0.073169 0.135185
5 0.280236 0.626455 0.071801 0.149358
8 0.354158 0.281016 0.151352 0.538892
4 0.943492 0.793812 0.112689 0.302908
5 0.193281 0.116462 0.067616 0.106669
0 0.340595 0.566738 0.023136 0.029779
6 0.522534 0.168988 0.062407 0.111560
4 0.274842 0.597591 0.036067 0.052426
4 0.360668 0.618721 0.040067 0.073129
5 0.492036 0.778505 0.126843 0.442917
0 0.973119 0.593912 0.053345 0.086530
0 0.275617 0.561598 0.022960 0.020985
7 0.184070 0.108035 0.028900 0.035028
2 0.973417 0.592080 0.053166 0.083668
0 0.829374 0.629703 0.095077 0.075635
4 0.453158 0.913033 0.046436 0.173934
0 0.179715 0.072802 0.013379 0.013860
