5 0.170272 0.758640 0.338933 0.481433
8 0.109595 0.095800 0.211344 0.144512
8 0.694313 0.760739 0.495726 0.477249
5 0.462784 0.254964 0.251725 0.509780
4 0.471864 0.148828 0.130411 0.177977
9 0.289993 0.104863 0.095710 0.050174
2 0.520724 0.024966 0.053249 0.049932
4 0.012932 0.166884 0.025379 0.049834
5 0.020128 0.186852 0.040257 0.145510
3 0.305179 0.552412 0.065287 0.063390
7 0.279002 0.764040 0.121864 0.461650
5 0.224493 0.108751 0.028434 0.043771
2 0.006720 0.123085 0.012092 0.015609
4 0.007135 0.141437 0.012093 0.011716
