5 0.768557 0.658756 0.460738 0.677809
5 0.258855 0.658618 0.517389 0.679890
5 0.791432 0.187181 0.416773 0.266988
4 0.207114 0.795744 0.407740 0.408511
1 0.193033 0.509111 0.221964 0.319233
3 0.901333 0.797143 0.197072 0.335246
7 0.769034 0.893959 0.461931 0.211619
4 0.836239 0.132463 0.317523 0.148378
0 0.829735 0.507366 0.339184 0.385202
2 0.632401 0.163097 0.065001 0.062569
8 0.208492 0.159420 0.414940 0.318780
2 0.249936 0.371238 0.238078 0.103431
9 0.100892 0.060373 0.038757 0.028114
3 0.677695 0.183793 0.053933 0.037928
8 0.483783 0.030155 0.061276 0.050271
3 0.667400 0.185771 0.044322 0.033278
8 0.479412 0.030132 0.112952 0.055681
8 0.410370 0.027312 0.030099 0.047424
