5 0.704772 0.184267 0.590292 0.367966
8 0.204056 0.683979 0.408016 0.625269
1 0.610420 0.095318 0.399484 0.190272
4 0.469682 0.637396 0.079882 0.179216
0 0.489824 0.481509 0.059748 0.069810
5 0.219555 0.226581 0.070329 0.142817
5 0.472680 0.704733 0.105369 0.521465
6 0.177850 0.203662 0.023214 0.053257
4 0.702805 0.293647 0.587061 0.149364
7 0.075682 0.712439 0.031849 0.064802
6 0.288694 0.196539 0.025244 0.058634
6 0.371154 0.193743 0.023453 0.053716
0 0.071910 0.654481 0.021169 0.024573
5 0.077281 0.745008 0.067299 0.213059
6 0.168482 0.266111 0.041697 0.092378
2 0.217162 0.170510 0.019921 0.022859
6 0.010841 0.209940 0.020586 0.050650
4 0.215470 0.212676 0.033584 0.048831
