5 0.209304 0.732093 0.418608 0.530721
8 0.711778 0.229627 0.576443 0.457907
5 0.711656 0.629079 0.576688 0.335053
1 0.150128 0.816258 0.298902 0.227282
7 0.584351 0.611420 0.327376 0.305773
2 0.140394 0.560545 0.280247 0.181901
4 0.472471 0.235347 0.102456 0.232881
0 0.905528 0.514556 0.185133 0.108271
5 0.485387 0.229475 0.134225 0.458617
2 0.498546 0.035079 0.067583 0.070030
4 0.594835 0.053409 0.083713 0.106376
3 0.815469 0.509212 0.105700 0.098080
5 0.597297 0.137331 0.110981 0.274354
4 0.209265 0.939290 0.418395 0.121261
5 0.592925 0.920547 0.349871 0.158258
7 0.562667 0.938704 0.288070 0.122592
4 0.519870 0.180325 0.048390 0.132697
8 0.538789 0.194557 0.238708 0.388819
3 0.513392 0.103540 0.021274 0.031952
5 0.787709 0.916921 0.422519 0.157784
8 0.847795 0.229592 0.304410 0.459185
5 0.554174 0.161994 0.219097 0.323988
