8 0.209409 0.259292 0.417352 0.518091
5 0.593199 0.762035 0.338027 0.465389
4 0.883933 0.188906 0.120662 0.295363
5 0.670327 0.265940 0.193699 0.525496
4 0.695063 0.140150 0.118997 0.254721
5 0.877662 0.265321 0.166500 0.530564
4 0.586937 0.124321 0.088782 0.243402
5 0.557885 0.265071 0.174211 0.528369
1 0.449368 0.029882 0.038461 0.041314
4 0.797235 0.105966 0.051552 0.135009
5 0.799259 0.086949 0.061182 0.169238
1 0.890933 0.014174 0.061234 0.028347
4 0.444131 0.111163 0.048103 0.142287
5 0.455426 0.250829 0.072377 0.495546
5 0.326884 0.036625 0.063074 0.073109
5 0.802935 0.041127 0.054643 0.082148
