5 0.254887 0.708852 0.509773 0.580133
4 0.254756 0.829131 0.509511 0.339126
1 0.197962 0.602458 0.395643 0.254868
7 0.751975 0.776712 0.107145 0.255326
5 0.775506 0.787953 0.177118 0.423114
7 0.957148 0.130600 0.085481 0.237781
5 0.954232 0.208477 0.091126 0.416812
7 0.968403 0.693493 0.062714 0.259688
0 0.827996 0.637132 0.062155 0.103286
5 0.941338 0.722103 0.116924 0.555357
9 0.537599 0.057545 0.058437 0.112192
3 0.820426 0.693093 0.026796 0.061471
0 0.990802 0.496522 0.018397 0.092337
8 0.421233 0.385809 0.177020 0.064467
