8 0.780392 0.216918 0.437587 0.433675
8 0.108497 0.728408 0.175210 0.269979
9 0.503575 0.790023 0.483903 0.418717
8 0.594941 0.276330 0.626210 0.305557
6 0.355873 0.590514 0.050568 0.086054
6 0.542213 0.557495 0.031625 0.056701
6 0.908535 0.831183 0.042902 0.087013
9 0.780186 0.512620 0.032772 0.039352
5 0.810962 0.114225 0.036777 0.045339
6 0.683148 0.576581 0.021572 0.043076
6 0.956646 0.773755 0.023767 0.051206
6 0.812781 0.625802 0.018971 0.033934
6 0.780817 0.563746 0.010495 0.023117
6 0.831924 0.597968 0.012270 0.026667
6 0.889340 0.652798 0.017942 0.030373
6 0.856377 0.590375 0.011676 0.021775
6 0.967611 0.670164 0.014267 0.026795
6 0.961025 0.672231 0.013536 0.026649
7 0.810145 0.115139 0.036350 0.044266
