8 0.720664 0.734615 0.554204 0.528716
8 0.159908 0.246742 0.319452 0.444543
5 0.777586 0.279010 0.440437 0.380360
8 0.312840 0.707610 0.251910 0.479330
6 0.887463 0.172920 0.220596 0.345841
9 0.026416 0.591457 0.052777 0.047515
8 0.367536 0.414754 0.143234 0.105824
4 0.745632 0.421918 0.237733 0.093304
3 0.703520 0.324725 0.077762 0.078504
2 0.674730 0.165026 0.100348 0.091290
8 0.139224 0.590555 0.278211 0.244635
5 0.409536 0.558567 0.049871 0.093186
5 0.173250 0.373392 0.036214 0.049923
5 0.204335 0.496084 0.043865 0.055451
