5 0.764388 0.745748 0.471058 0.506951
4 0.719397 0.899925 0.378882 0.199929
1 0.736612 0.772992 0.234948 0.259030
5 0.624160 0.245538 0.190408 0.490193
9 0.218344 0.385059 0.023596 0.025662
8 0.172716 0.382951 0.040731 0.061583
9 0.195032 0.400401 0.021982 0.025723
2 0.785108 0.519462 0.244113 0.061846
5 0.175343 0.475278 0.015502 0.029374
8 0.236834 0.413183 0.025834 0.040479
5 0.114956 0.434566 0.013579 0.026911
8 0.390678 0.454872 0.151277 0.070057
9 0.201218 0.394704 0.018730 0.021581
2 0.786873 0.505759 0.230484 0.034568
8 0.128422 0.384611 0.024184 0.044378
