8 0.214406 0.234147 0.427384 0.468004
8 0.215879 0.733655 0.431457 0.531648
7 0.812778 0.811978 0.165571 0.189274
8 0.382354 0.785900 0.094336 0.138647
5 0.530635 0.801340 0.198868 0.396782
7 0.536797 0.761723 0.143188 0.176867
8 0.649080 0.380736 0.440866 0.178481
5 0.800662 0.822391 0.228008 0.353684
0 0.818264 0.677985 0.078574 0.055086
0 0.573951 0.643488 0.088276 0.063181
5 0.915445 0.755785 0.100778 0.173481
7 0.915486 0.723299 0.052655 0.067280
5 0.218916 0.824598 0.042366 0.092757
8 0.057298 0.772563 0.114312 0.104653
0 0.935942 0.684016 0.028880 0.021427
0 0.881427 0.674865 0.045018 0.030263
3 0.569141 0.682003 0.032470 0.028129
3 0.799883 0.714479 0.035333 0.024826
4 0.221300 0.835863 0.025899 0.051707
5 0.880763 0.749186 0.085185 0.186407
0 0.936686 0.691518 0.024425 0.022644
0 0.873963 0.677115 0.040695 0.030554
2 0.229570 0.791040 0.015877 0.015886
5 0.871854 0.769614 0.067499 0.132307
4 0.867867 0.726821 0.060187 0.057733
3 0.870882 0.705191 0.018598 0.017049
5 0.876501 0.715532 0.057919 0.110599
