5 0.734832 0.332346 0.530327 0.619570
0 0.862220 0.920428 0.113590 0.119266
0 0.593203 0.808727 0.140058 0.137692
5 0.182613 0.241793 0.117703 0.237084
5 0.632614 0.858058 0.325347 0.283388
3 0.573407 0.950607 0.076966 0.076594
5 0.136432 0.819701 0.272860 0.360393
4 0.115898 0.819078 0.231797 0.361844
1 0.668096 0.428909 0.398385 0.428846
2 0.603765 0.159109 0.269891 0.232719
4 0.183797 0.238660 0.056865 0.114392
2 0.210659 0.143201 0.030982 0.026328
5 0.806049 0.919937 0.376486 0.159438
7 0.588371 0.976416 0.243249 0.047097
3 0.210662 0.171409 0.019747 0.018643
3 0.207891 0.175845 0.018238 0.019956
