8 0.167106 0.196173 0.333126 0.384274
5 0.865198 0.193686 0.268768 0.387365
5 0.076376 0.161377 0.151806 0.322754
5 0.323117 0.185515 0.241385 0.370712
4 0.055387 0.092403 0.061481 0.108887
4 0.324881 0.074092 0.098961 0.148054
5 0.846543 0.665360 0.097172 0.241409
8 0.583580 0.537335 0.249567 0.298019
4 0.853260 0.656926 0.048462 0.117137
3 0.080610 0.035284 0.024530 0.021333
5 0.276826 0.057960 0.113204 0.115256
2 0.859305 0.561906 0.030024 0.026307
2 0.082073 0.009697 0.035055 0.019351
3 0.852920 0.590050 0.019511 0.021170
3 0.323315 0.010451 0.040008 0.020012
