8 0.254249 0.694796 0.508499 0.608113
8 0.614583 0.125677 0.210037 0.251353
8 0.841725 0.693928 0.316403 0.609151
8 0.715579 0.268923 0.383253 0.238967
8 0.909777 0.132190 0.127127 0.252074
7 0.679945 0.885805 0.100180 0.156316
5 0.576992 0.879769 0.136553 0.239102
8 0.951547 0.302239 0.096907 0.179090
5 0.690362 0.874727 0.172000 0.250547
7 0.537519 0.893639 0.056628 0.139143
0 0.644795 0.784447 0.046617 0.049789
5 0.978191 0.667365 0.043028 0.117013
7 0.983350 0.685968 0.032152 0.075665
0 0.520473 0.784788 0.022623 0.044741
2 0.989559 0.620532 0.019161 0.022288
3 0.653962 0.817779 0.021543 0.029151
5 0.520720 0.127588 0.021869 0.055169
3 0.517221 0.825906 0.017011 0.025434
3 0.992155 0.655298 0.014138 0.021001
3 0.991719 0.646427 0.015029 0.017823
5 0.033584 0.821908 0.066496 0.194317
8 0.117861 0.201297 0.235643 0.373822
