8 0.759017 0.354304 0.479617 0.705567
5 0.685205 0.854901 0.332487 0.290198
5 0.865497 0.854918 0.268527 0.289653
7 0.383919 0.512383 0.119185 0.114794
5 0.395969 0.549158 0.189389 0.276904
4 0.937827 0.812695 0.124346 0.209211
8 0.372366 0.191248 0.295635 0.371924
7 0.464676 0.503517 0.089430 0.091794
5 0.179739 0.756896 0.359216 0.095458
4 0.162364 0.755585 0.324729 0.091806
0 0.467926 0.426762 0.051083 0.032280
5 0.456795 0.531653 0.122301 0.250370
0 0.413732 0.436404 0.070567 0.035078
5 0.430534 0.331391 0.023940 0.032876
3 0.426165 0.466953 0.024006 0.020516
7 0.431398 0.319321 0.018466 0.025299
3 0.455375 0.458613 0.023405 0.019437
7 0.431132 0.327633 0.017866 0.022695
5 0.428932 0.321657 0.027205 0.038840
4 0.606848 0.727411 0.124900 0.036984
8 0.257172 0.175983 0.512971 0.351966
3 0.475109 0.456264 0.023504 0.017879
