9 0.495573 0.659587 0.161210 0.117828
8 0.154198 0.168311 0.308397 0.336623
9 0.334322 0.906640 0.668644 0.186721
6 0.123100 0.920664 0.053138 0.098901
6 0.195118 0.844395 0.034140 0.067675
6 0.611172 0.808720 0.042740 0.081521
6 0.254221 0.804741 0.030832 0.051825
6 0.356939 0.757842 0.022208 0.043345
9 0.620476 0.627879 0.093891 0.097646
6 0.296096 0.780506 0.021519 0.043119
6 0.555208 0.763127 0.027787 0.054583
6 0.517736 0.724187 0.014314 0.025975
6 0.549611 0.738573 0.019802 0.034854
6 0.593711 0.713133 0.018372 0.034427
6 0.438662 0.736368 0.015910 0.034350
6 0.551497 0.747906 0.024881 0.049227
6 0.596652 0.721473 0.022483 0.042254
9 0.618464 0.650940 0.091625 0.066167
8 0.069364 0.133163 0.138543 0.266325
