5 0.839267 0.707930 0.321182 0.580908
6 0.301480 0.765975 0.200437 0.287907
0 0.653092 0.694331 0.105648 0.312636
6 0.154851 0.896361 0.156335 0.207278
5 0.720650 0.751846 0.239114 0.482106
7 0.891433 0.705791 0.217134 0.580360
6 0.524427 0.511989 0.153304 0.188986
8 0.538977 0.064522 0.121329 0.128939
1 0.840775 0.550930 0.111146 0.221041
7 0.713887 0.795458 0.224501 0.296856
0 0.827897 0.476928 0.184678 0.117650
8 0.393924 0.072721 0.410297 0.145435
8 0.308605 0.062256 0.249017 0.123967
5 0.903937 0.020195 0.072593 0.039855
