8 0.784505 0.180270 0.429943 0.360212
7 0.280987 0.640155 0.118381 0.243723
8 0.200250 0.194199 0.400500 0.332966
8 0.317507 0.256286 0.305781 0.208896
7 0.081340 0.644220 0.075505 0.161682
8 0.874561 0.716283 0.250032 0.564165
8 0.653625 0.936113 0.170965 0.127665
9 0.363230 0.660330 0.094128 0.086478
9 0.212731 0.699875 0.088166 0.141125
5 0.278443 0.679935 0.223035 0.636409
0 0.068981 0.509175 0.048063 0.063300
0 0.248723 0.442083 0.045771 0.060173
5 0.092042 0.708196 0.143311 0.576099
3 0.261588 0.499662 0.030783 0.040129
8 0.372890 0.337465 0.039983 0.041051
8 0.526521 0.328502 0.039485 0.056097
8 0.547028 0.329126 0.044185 0.059068
8 0.501269 0.331516 0.037672 0.050529
8 0.443241 0.341594 0.050266 0.035886
8 0.486708 0.333993 0.030440 0.043746
8 0.466883 0.199186 0.207838 0.335144
9 0.326721 0.351054 0.041353 0.015760
8 0.478070 0.338048 0.027100 0.041019
