5 0.724029 0.225678 0.549025 0.449466
8 0.043171 0.805990 0.085770 0.209559
8 0.325210 0.760906 0.240028 0.446611
2 0.598280 0.086562 0.295709 0.171015
1 0.586763 0.355396 0.271502 0.189885
8 0.361754 0.295801 0.176431 0.307380
2 0.067107 0.408984 0.019574 0.019747
6 0.220911 0.427104 0.026184 0.046159
6 0.136997 0.427810 0.021542 0.044477
5 0.066568 0.423070 0.063491 0.055475
4 0.070369 0.437234 0.031161 0.023445
5 0.021002 0.427899 0.036428 0.044757
5 0.012369 0.434677 0.023393 0.028875
6 0.159263 0.411829 0.017863 0.048113
