9 0.878252 0.371592 0.235831 0.494830
9 0.686042 0.225060 0.077977 0.073958
8 0.217927 0.212099 0.364938 0.423765
9 0.509338 0.082064 0.043245 0.057609
5 0.513451 0.414402 0.039269 0.113550
6 0.778410 0.052822 0.023667 0.046857
9 0.671464 0.141882 0.042705 0.053124
6 0.910834 0.049975 0.018330 0.038257
7 0.544651 0.396350 0.033898 0.048389
7 0.511797 0.393207 0.028686 0.039857
5 0.545736 0.413911 0.039719 0.119053
7 0.642023 0.381254 0.030474 0.045397
5 0.348517 0.395418 0.037957 0.122468
7 0.601048 0.382512 0.024559 0.047772
5 0.566757 0.306758 0.026371 0.084282
5 0.577803 0.406275 0.036912 0.115254
5 0.644068 0.400048 0.042393 0.131143
7 0.578409 0.386275 0.026727 0.045375
7 0.557926 0.390679 0.026121 0.046762
7 0.609845 0.287958 0.018060 0.033627
7 0.569111 0.387653 0.031826 0.044800
7 0.345730 0.369675 0.017898 0.036604
9 0.619656 0.116832 0.081226 0.064679
8 0.723523 0.275659 0.067942 0.476899
5 0.608043 0.402598 0.042698 0.129105
9 0.602864 0.115406 0.068163 0.069444
7 0.693579 0.354681 0.022744 0.055380
5 0.860718 0.787772 0.021579 0.038463
5 0.693157 0.355141 0.023714 0.072493
0 0.346171 0.343569 0.010834 0.013365
5 0.591756 0.410249 0.036858 0.115804
9 0.649790 0.123263 0.080840 0.066512
5 0.893857 0.788892 0.023069 0.029445
5 0.714073 0.417857 0.043177 0.104364
0 0.588452 0.348635 0.020295 0.030179
5 0.574596 0.307637 0.022692 0.082561
5 0.704172 0.385358 0.041837 0.129557
0 0.654063 0.335640 0.017214 0.027798
5 0.610623 0.290900 0.023210 0.064726
5 0.567505 0.314241 0.018032 0.075781
6 0.968135 0.714914 0.011848 0.026272
7 0.643870 0.383934 0.037834 0.065971
9 0.371388 0.110057 0.040603 0.081862
5 0.581777 0.377883 0.030202 0.075463
7 0.693221 0.355758 0.018263 0.040371
5 0.606653 0.298965 0.022318 0.058829
7 0.538509 0.394763 0.026678 0.039410
5 0.683307 0.364587 0.029996 0.079746
5 0.565539 0.401881 0.029871 0.109694
5 0.535141 0.416351 0.032243 0.112621
7 0.576151 0.284258 0.016698 0.033412
9 0.682788 0.122097 0.048110 0.085744
7 0.713412 0.402393 0.027966 0.048255
5 0.613026 0.336789 0.034298 0.080974
5 0.608241 0.322737 0.023294 0.052301
9 0.448585 0.074147 0.064335 0.052760
7 0.619495 0.334005 0.019085 0.034877
5 0.611494 0.316104 0.026845 0.090400
0 0.541828 0.359082 0.015701 0.017322
5 0.902486 0.789514 0.016664 0.031723
4 0.711005 0.403121 0.026492 0.046109
0 0.509863 0.358456 0.012508 0.014478
