8 0.808554 0.800336 0.382350 0.397576
7 0.717097 0.134934 0.169328 0.269869
5 0.738513 0.200103 0.234546 0.399427
5 0.252351 0.486918 0.169819 0.221957
8 0.304988 0.301296 0.504452 0.597060
8 0.923121 0.154011 0.153496 0.307089
2 0.251998 0.399227 0.049666 0.037153
5 0.326055 0.743969 0.047075 0.178639
4 0.290286 0.492246 0.073589 0.111808
4 0.177815 0.220795 0.044339 0.103403
8 0.514240 0.925892 0.088194 0.148217
5 0.165529 0.276170 0.150469 0.334882
5 0.018177 0.826888 0.035431 0.193364
7 0.015300 0.793704 0.023698 0.061300
2 0.169126 0.127216 0.032692 0.030813
3 0.169331 0.154135 0.021199 0.019557
0 0.016749 0.742987 0.014968 0.023447
0 0.011984 0.745245 0.015371 0.027011
3 0.247362 0.442242 0.019488 0.021431
8 0.684348 0.682987 0.229655 0.161726
9 0.477918 0.807723 0.159431 0.384554
