5 0.758401 0.243900 0.479740 0.486454
8 0.260799 0.244959 0.513731 0.486380
8 0.196301 0.743381 0.392343 0.512586
9 0.702383 0.552697 0.054307 0.048576
9 0.577460 0.570530 0.057332 0.050095
1 0.866038 0.184388 0.267314 0.366182
5 0.097935 0.277950 0.102610 0.216600
4 0.782891 0.380494 0.433278 0.217352
7 0.081788 0.241804 0.059075 0.084573
9 0.855436 0.531983 0.052236 0.045456
0 0.093607 0.187601 0.029725 0.026328
5 0.217950 0.772841 0.034873 0.096206
9 0.954032 0.514936 0.065785 0.044633
9 0.977867 0.512625 0.042722 0.043640
0 0.101175 0.187301 0.024947 0.027155
3 0.096612 0.214405 0.016816 0.017108
7 0.218528 0.771869 0.013739 0.029111
8 0.548025 0.728295 0.056046 0.277261
