5 0.834723 0.214955 0.329699 0.428521
8 0.515353 0.204064 0.312032 0.351697
5 0.822847 0.721188 0.307506 0.557223
7 0.834495 0.215050 0.330974 0.428897
4 0.829315 0.720603 0.214525 0.309524
9 0.559838 0.383773 0.195041 0.086627
8 0.408880 0.571228 0.402353 0.278348
8 0.051483 0.240116 0.102843 0.188120
0 0.786673 0.514591 0.100449 0.121711
8 0.221074 0.277867 0.287582 0.212304
5 0.405332 0.504629 0.043745 0.086903
8 0.290933 0.087936 0.081375 0.175334
0 0.977005 0.560397 0.045937 0.067046
5 0.960300 0.760771 0.079199 0.478060
9 0.098831 0.401014 0.170868 0.059520
8 0.362464 0.343006 0.237383 0.126946
5 0.609384 0.234683 0.028243 0.054302
8 0.188021 0.603204 0.082146 0.101114
9 0.440688 0.398890 0.080524 0.054414
4 0.970692 0.736637 0.058306 0.257848
5 0.389640 0.383069 0.023458 0.037748
9 0.315592 0.407161 0.084158 0.039227
9 0.423525 0.409977 0.067521 0.037950
7 0.612493 0.229324 0.019314 0.034318
9 0.392941 0.410558 0.068864 0.039259
5 0.604173 0.240752 0.029906 0.067562
8 0.223999 0.096199 0.067455 0.192398
5 0.611523 0.229279 0.020612 0.038615
5 0.259860 0.222681 0.014680 0.046047
9 0.545398 0.373975 0.136382 0.060017
5 0.385371 0.375141 0.018844 0.028700
9 0.243927 0.416109 0.037574 0.025724
5 0.132880 0.212133 0.013918 0.023713
5 0.157034 0.188030 0.013789 0.018481
