5 0.718719 0.814465 0.561618 0.370069
5 0.720928 0.313830 0.558145 0.627451
8 0.269868 0.814147 0.340541 0.369816
8 0.221589 0.286256 0.438490 0.569675
1 0.703185 0.365858 0.192439 0.207342
1 0.539623 0.837391 0.199175 0.325217
2 0.727797 0.082552 0.232791 0.163732
4 0.683593 0.504475 0.459351 0.250273
5 0.122544 0.539678 0.067509 0.170280
8 0.123207 0.705530 0.246004 0.154497
5 0.202855 0.565621 0.065260 0.128170
7 0.208026 0.564571 0.039617 0.069876
7 0.331521 0.593833 0.042197 0.065800
5 0.353759 0.720806 0.054876 0.093544
5 0.329335 0.587755 0.060307 0.080246
7 0.130859 0.517022 0.037058 0.063710
5 0.313176 0.394480 0.052000 0.081237
0 0.204959 0.517365 0.021772 0.020841
4 0.694453 0.962150 0.505867 0.075321
4 0.708253 0.977910 0.507699 0.043765
0 0.131564 0.466749 0.013994 0.016071
7 0.320183 0.388991 0.020092 0.031245
8 0.034212 0.577018 0.067826 0.102797
2 0.131330 0.466565 0.013916 0.015172
5 0.010571 0.348554 0.019475 0.059872
2 0.875627 0.705467 0.247258 0.147688
