5 0.824647 0.724451 0.350020 0.548625
4 0.824943 0.806399 0.350114 0.386522
8 0.825226 0.176636 0.348570 0.353218
8 0.161488 0.226209 0.322672 0.449938
5 0.530294 0.758549 0.239534 0.482456
0 0.569561 0.577148 0.086840 0.102056
7 0.092914 0.726417 0.185044 0.254256
7 0.545942 0.838842 0.206266 0.319263
5 0.116667 0.799792 0.233178 0.398033
7 0.333045 0.776264 0.255359 0.447472
5 0.300024 0.779080 0.363765 0.441164
3 0.727967 0.543521 0.154670 0.177634
5 0.479504 0.503546 0.316554 0.110611
4 0.491743 0.501341 0.207577 0.102430
0 0.414655 0.619245 0.056458 0.072212
4 0.264685 0.492613 0.125298 0.084180
1 0.407019 0.673587 0.024941 0.048384
5 0.437217 0.758259 0.113069 0.357749
5 0.273085 0.494959 0.153398 0.090510
4 0.041241 0.505502 0.076153 0.104766
6 0.606791 0.945273 0.087197 0.109326
4 0.095038 0.496064 0.073857 0.087355
4 0.152574 0.491541 0.081108 0.079509
5 0.044822 0.511200 0.088781 0.119842
5 0.137592 0.495455 0.126912 0.089784
5 0.093909 0.497653 0.093861 0.093496
4 0.065678 0.495807 0.058976 0.083931
