5 0.784885 0.713107 0.429433 0.571275
5 0.784630 0.214725 0.429579 0.427998
4 0.423938 0.544434 0.093589 0.143809
4 0.171449 0.732073 0.115089 0.198818
1 0.784594 0.746058 0.430811 0.467009
5 0.236221 0.536269 0.160957 0.222274
5 0.066767 0.707848 0.131869 0.433933
5 0.426737 0.553150 0.166573 0.248901
5 0.093814 0.498643 0.118018 0.140074
4 0.227922 0.521445 0.081260 0.114160
2 0.181040 0.553469 0.092657 0.073825
5 0.195477 0.722225 0.210686 0.425771
4 0.051643 0.638798 0.072334 0.148480
0 0.541012 0.516620 0.049587 0.056463
2 0.777122 0.495934 0.425723 0.133676
2 0.685662 0.094600 0.231693 0.188401
7 0.547963 0.644384 0.041712 0.139871
4 0.784764 0.842708 0.430045 0.314034
2 0.045446 0.520637 0.064153 0.048763
4 0.091932 0.517889 0.067583 0.088559
1 0.536099 0.566595 0.026978 0.037287
1 0.193490 0.621128 0.041158 0.035652
1 0.398632 0.468287 0.035391 0.032253
5 0.234343 0.938818 0.432054 0.122111
2 0.061393 0.441159 0.032191 0.024050
5 0.536796 0.698895 0.064270 0.422561
2 0.027694 0.457351 0.031156 0.032823
5 0.027335 0.727676 0.054670 0.392418
5 0.263784 0.945571 0.252420 0.108269
2 0.185385 0.437209 0.048478 0.017903
4 0.011484 0.711448 0.022968 0.098856
5 0.257330 0.443124 0.038185 0.028019
1 0.192328 0.461949 0.027543 0.025104
1 0.052396 0.564609 0.030796 0.025471
5 0.019386 0.494736 0.037661 0.111099
1 0.062775 0.464767 0.035181 0.020970
5 0.021747 0.471959 0.040445 0.064334
1 0.530158 0.566851 0.029278 0.046592
2 0.063134 0.449064 0.037253 0.034283
1 0.062099 0.457622 0.040026 0.034940
5 0.018164 0.546107 0.036328 0.211494
