9 0.745340 0.139717 0.507725 0.278893
8 0.244900 0.638720 0.488781 0.720662
6 0.675520 0.594748 0.040561 0.109863
6 0.504982 0.576961 0.029349 0.084529
5 0.359892 0.099657 0.257094 0.199150
6 0.803857 0.417665 0.016478 0.042549
6 0.732500 0.416552 0.012587 0.032008
6 0.648358 0.445558 0.014777 0.039277
6 0.923365 0.388839 0.015709 0.037896
6 0.559276 0.459628 0.015293 0.036698
6 0.618575 0.431456 0.012452 0.029944
6 0.861608 0.386617 0.014840 0.033409
6 0.865333 0.384718 0.014286 0.034535
6 0.754250 0.397192 0.009907 0.022733
6 0.957426 0.361741 0.011808 0.030657
6 0.946585 0.362693 0.012941 0.030861
6 0.920879 0.380373 0.014596 0.033709
6 0.962743 0.366627 0.011797 0.028779
6 0.557022 0.452304 0.014759 0.041077
6 0.569681 0.432912 0.008012 0.024085
6 0.695215 0.407449 0.009550 0.022838
6 0.651070 0.436060 0.015289 0.046646
6 0.556694 0.449860 0.011674 0.028576
6 0.569257 0.432069 0.010758 0.031958
6 0.653406 0.423574 0.013253 0.033220
6 0.890989 0.372595 0.011731 0.024123
6 0.654298 0.421092 0.009645 0.023457
6 0.594384 0.430770 0.009496 0.023615
6 0.533658 0.437378 0.010813 0.025726
6 0.594304 0.428373 0.013140 0.033572
6 0.669709 0.404322 0.007663 0.022481
6 0.543183 0.436818 0.010144 0.026177
