5 0.144880 0.769506 0.288718 0.460713
6 0.522332 0.839313 0.208990 0.229232
8 0.880893 0.111930 0.224748 0.223535
8 0.139039 0.272418 0.277011 0.529120
6 0.400954 0.735901 0.146312 0.149457
8 0.709022 0.109040 0.522085 0.218079
4 0.144332 0.805967 0.287897 0.387890
6 0.313462 0.653417 0.050973 0.086689
6 0.349064 0.680533 0.101165 0.106778
5 0.594691 0.582442 0.046030 0.073433
6 0.768194 0.952164 0.403658 0.095671
5 0.763918 0.018865 0.038577 0.037133
4 0.590826 0.576961 0.022715 0.036189
4 0.591762 0.585998 0.024943 0.049492
4 0.592822 0.572355 0.019957 0.025110
4 0.588211 0.572401 0.021728 0.029797
6 0.910824 0.950466 0.177116 0.098692
0 0.593986 0.555924 0.016621 0.013324
5 0.841103 0.639593 0.020747 0.044746
1 0.215365 0.596448 0.144740 0.114355
