8 0.279408 0.230971 0.280810 0.459642
8 0.620104 0.313865 0.408984 0.611770
5 0.461152 0.386347 0.081330 0.123022
5 0.855124 0.470788 0.170308 0.296848
8 0.673262 0.806854 0.484117 0.377072
7 0.835614 0.458503 0.098978 0.146874
5 0.955381 0.445427 0.088358 0.345579
7 0.974850 0.414349 0.050301 0.143136
8 0.278174 0.246441 0.114999 0.151329
0 0.830975 0.354596 0.049695 0.051972
0 0.961561 0.303480 0.045554 0.041737
5 0.174840 0.742387 0.176465 0.245440
5 0.090323 0.668182 0.077582 0.100744
3 0.968911 0.337764 0.027670 0.031871
7 0.146696 0.633348 0.079055 0.029641
5 0.035338 0.738285 0.070621 0.240847
7 0.451670 0.401260 0.054020 0.078052
5 0.190984 0.678875 0.105320 0.119272
7 0.097597 0.629394 0.055353 0.024009
7 0.017079 0.639013 0.034158 0.042368
2 0.444486 0.339835 0.025315 0.024666
3 0.451023 0.364818 0.019099 0.018640
3 0.831367 0.385837 0.022943 0.024001
2 0.412437 0.349219 0.021811 0.029654
0 0.938326 0.399961 0.041795 0.044440
3 0.822739 0.384236 0.022054 0.021537
7 0.086155 0.626973 0.054079 0.021487
5 0.031730 0.679637 0.063460 0.136702
