8 0.722361 0.829999 0.387409 0.340002
8 0.764011 0.385367 0.470072 0.548208
5 0.276131 0.480736 0.079275 0.139412
4 0.453530 0.761817 0.151888 0.204780
5 0.400519 0.829069 0.257627 0.337829
6 0.230972 0.537611 0.049817 0.099144
6 0.058994 0.497525 0.035392 0.064401
6 0.432579 0.428493 0.032322 0.062457
4 0.268352 0.477696 0.042901 0.060804
9 0.982367 0.464420 0.035022 0.054532
2 0.268969 0.427287 0.022061 0.022067
6 0.344761 0.443684 0.033816 0.068137
5 0.657184 0.891493 0.023925 0.037662
6 0.230800 0.465290 0.028811 0.063212
8 0.494823 0.304481 0.068653 0.537823
8 0.499383 0.340184 0.061428 0.312455
6 0.366988 0.419310 0.023076 0.055210
