5 0.298646 0.632300 0.588225 0.735401
3 0.271003 0.531039 0.251409 0.224846
7 0.294958 0.854715 0.521041 0.290252
8 0.134434 0.053493 0.215377 0.106985
0 0.171337 0.460376 0.317774 0.384032
6 0.957233 0.254057 0.015190 0.028942
6 0.621059 0.236056 0.013662 0.024448
6 0.697018 0.254055 0.014750 0.028683
6 0.857148 0.210339 0.009789 0.024417
6 0.696814 0.221655 0.010361 0.021094
6 0.806066 0.198953 0.007928 0.019293
5 0.768129 0.160840 0.012368 0.041528
6 0.720392 0.204962 0.007042 0.018483
6 0.900963 0.227463 0.012494 0.026953
6 0.751717 0.223081 0.011863 0.024918
6 0.748907 0.225705 0.012410 0.025111
