8 0.230342 0.904435 0.459082 0.190369
9 0.380945 0.679850 0.159389 0.172262
9 0.171362 0.643741 0.138287 0.135405
9 0.278286 0.653526 0.156621 0.163653
9 0.112630 0.581570 0.177271 0.172607
8 0.285284 0.443434 0.305622 0.217159
5 0.619357 0.903777 0.319849 0.191088
8 0.358946 0.545440 0.198901 0.147843
4 0.772321 0.881092 0.108689 0.141327
8 0.102798 0.345448 0.171797 0.167588
8 0.408345 0.243479 0.099345 0.244199
9 0.026818 0.627082 0.053389 0.146819
5 0.760821 0.904639 0.208759 0.189397
4 0.613773 0.898886 0.221917 0.183219
0 0.867976 0.954169 0.028131 0.031512
8 0.043685 0.553323 0.087203 0.147711
5 0.417177 0.587735 0.025829 0.043882
9 0.442273 0.615205 0.034634 0.051267
5 0.860110 0.965922 0.107823 0.067647
9 0.336534 0.593348 0.079558 0.050688
9 0.215721 0.592470 0.043840 0.027474
9 0.441531 0.643118 0.038874 0.120353
9 0.211136 0.604101 0.063956 0.049601
4 0.869576 0.988628 0.056734 0.022595
5 0.232781 0.347964 0.013180 0.020428
9 0.320455 0.586980 0.059943 0.036026
9 0.212549 0.628783 0.074417 0.103267
8 0.319956 0.537368 0.121080 0.123563
5 0.242460 0.343726 0.012354 0.019057
9 0.036873 0.602127 0.073747 0.200022
9 0.150112 0.625429 0.094525 0.105901
9 0.225639 0.639369 0.114798 0.140004
9 0.383626 0.624215 0.078577 0.051781
5 0.257066 0.336109 0.010425 0.016062
5 0.252638 0.339873 0.011699 0.017048
5 0.245834 0.338155 0.012922 0.017274
9 0.179789 0.594318 0.032514 0.032300
