4 0.789561 0.889352 0.420636 0.220353
8 0.173947 0.267058 0.347492 0.424386
7 0.959343 0.381417 0.067301 0.119069
5 0.666350 0.415590 0.173591 0.369466
5 0.789517 0.804990 0.419928 0.389126
7 0.809041 0.359594 0.061240 0.114836
1 0.738846 0.753194 0.319624 0.299281
7 0.888129 0.394207 0.077639 0.157363
5 0.269766 0.695262 0.346720 0.192159
7 0.739695 0.369528 0.070410 0.127104
5 0.901473 0.425449 0.134021 0.350406
5 0.750100 0.417932 0.118568 0.346179
7 0.854003 0.346571 0.043467 0.090822
5 0.818607 0.404637 0.116974 0.319858
5 0.960818 0.402011 0.078131 0.286096
7 0.619938 0.487289 0.081041 0.225671
0 0.729261 0.269449 0.042436 0.036128
0 0.794458 0.265242 0.031889 0.030141
5 0.041364 0.297817 0.025264 0.044917
7 0.769979 0.335589 0.045914 0.090824
0 0.877021 0.259096 0.042147 0.043035
7 0.918161 0.313075 0.048077 0.085238
0 0.595591 0.281783 0.030899 0.084955
5 0.778939 0.395537 0.075901 0.289433
0 0.854608 0.277543 0.017037 0.018891
0 0.911175 0.240026 0.025414 0.027138
0 0.946854 0.272663 0.034147 0.035538
5 0.858739 0.377377 0.061082 0.237235
5 0.929806 0.370928 0.076270 0.277665
0 0.967605 0.276433 0.021257 0.027971
4 0.201383 0.614395 0.162204 0.027383
5 0.976976 0.374468 0.045058 0.231891
7 0.983129 0.343281 0.032753 0.086371
3 0.737238 0.302789 0.023492 0.022650
0 0.941825 0.262313 0.026178 0.028493
3 0.798752 0.295538 0.018516 0.017492
3 0.955489 0.306376 0.018542 0.018256
3 0.914043 0.267961 0.014897 0.014628
0 0.858338 0.271479 0.017113 0.021232
3 0.585105 0.361936 0.013717 0.042594
3 0.800539 0.300310 0.018315 0.017015
3 0.882950 0.300040 0.019414 0.020820
5 0.990011 0.400873 0.019978 0.266071
