8 0.256380 0.282576 0.507328 0.560028
4 0.873294 0.221393 0.124057 0.288550
5 0.183116 0.432703 0.062512 0.182429
8 0.697612 0.822895 0.375851 0.352927
8 0.298980 0.867398 0.096425 0.126525
5 0.841466 0.280355 0.230900 0.559495
9 0.169125 0.721276 0.038791 0.036442
9 0.073532 0.756344 0.041460 0.038619
9 0.322066 0.634197 0.051948 0.056892
4 0.170585 0.414071 0.027453 0.058245
1 0.871956 0.060981 0.046561 0.051679
9 0.400416 0.641252 0.046294 0.064911
0 0.882276 0.010094 0.080317 0.020188
9 0.166906 0.617807 0.031640 0.025307
9 0.205613 0.616394 0.027398 0.019727
2 0.173831 0.352853 0.019389 0.021255
9 0.045441 0.760484 0.052575 0.039679
9 0.048839 0.737159 0.032122 0.029100
9 0.367040 0.640037 0.051934 0.063382
9 0.313541 0.639043 0.037502 0.043507
9 0.195138 0.617078 0.031375 0.021504
9 0.342259 0.637022 0.043057 0.062343
9 0.379403 0.640341 0.045333 0.066068
9 0.411038 0.653890 0.034453 0.043256
9 0.211613 0.616331 0.019859 0.018253
9 0.048261 0.744929 0.033817 0.025554
9 0.259770 0.572643 0.043578 0.029632
9 0.459571 0.687973 0.027945 0.023725
9 0.335529 0.640257 0.027795 0.049632
5 0.018233 0.506058 0.036467 0.105850
7 0.013104 0.497642 0.026176 0.050735
7 0.014152 0.514996 0.028304 0.086558
3 0.177920 0.379506 0.012329 0.013891
9 0.400046 0.652675 0.036314 0.046541
