4 0.324710 0.818182 0.647615 0.361412
5 0.326266 0.818119 0.648288 0.359758
8 0.825757 0.320198 0.348061 0.632251
8 0.259999 0.557245 0.187192 0.164405
8 0.491753 0.529496 0.240569 0.216617
8 0.410840 0.130484 0.311836 0.220362
8 0.109705 0.061736 0.173060 0.121546
5 0.840333 0.112693 0.038996 0.080568
8 0.695044 0.160826 0.089899 0.276625
5 0.137104 0.015794 0.031201 0.030333
4 0.852340 0.114837 0.013881 0.034912
8 0.825357 0.819421 0.349285 0.360778
4 0.845458 0.114946 0.017333 0.037943
2 0.854624 0.073073 0.011591 0.012783
