4 0.892993 0.905824 0.213876 0.187703
5 0.893782 0.870291 0.212337 0.258932
8 0.416817 0.195941 0.526343 0.391666
0 0.595374 0.952820 0.168346 0.094360
4 0.744688 0.927556 0.077194 0.082409
8 0.844108 0.189953 0.307873 0.379098
5 0.750494 0.912833 0.103780 0.146529
0 0.949578 0.798532 0.100668 0.100646
0 0.760052 0.861818 0.068614 0.036567
5 0.791449 0.201500 0.037216 0.046374
5 0.550065 0.947584 0.259549 0.104764
0 0.963847 0.972099 0.071608 0.055802
5 0.553626 0.085551 0.043325 0.058541
3 0.971712 0.826809 0.042476 0.033317
8 0.754306 0.207386 0.149457 0.414465
7 0.791148 0.203104 0.035848 0.042570
5 0.946122 0.863154 0.107757 0.254831
