8 0.268396 0.225012 0.536426 0.449574
8 0.770558 0.720916 0.458375 0.542664
7 0.104169 0.548515 0.099336 0.164179
7 0.375754 0.553529 0.056182 0.093663
0 0.379633 0.481560 0.028650 0.025710
7 0.416760 0.564451 0.075573 0.117402
7 0.245196 0.647781 0.120534 0.254238
5 0.193130 0.601396 0.107924 0.298413
5 0.408864 0.613616 0.103092 0.307145
7 0.057591 0.490038 0.070004 0.086592
7 0.338378 0.551437 0.043074 0.085211
5 0.091009 0.640747 0.151229 0.378512
7 0.203083 0.525767 0.075218 0.111242
9 0.411969 0.318448 0.258154 0.262087
0 0.425106 0.469467 0.030813 0.029655
7 0.508381 0.588735 0.058272 0.114648
0 0.481329 0.494678 0.025894 0.030362
5 0.050751 0.552188 0.093037 0.209407
7 0.478313 0.577361 0.049612 0.106891
7 0.307837 0.520526 0.056090 0.128545
5 0.470842 0.617872 0.095696 0.279160
5 0.233610 0.722675 0.150146 0.535049
0 0.525943 0.508340 0.025743 0.026265
5 0.370579 0.592178 0.082662 0.254103
7 0.237884 0.495631 0.039226 0.087193
5 0.498619 0.624815 0.081257 0.282743
0 0.340568 0.486847 0.019888 0.022047
5 0.333534 0.578150 0.060542 0.217354
7 0.169314 0.506095 0.039799 0.074987
3 0.205407 0.470394 0.027068 0.025418
5 0.160172 0.536740 0.057176 0.178447
3 0.377965 0.508087 0.016507 0.015179
5 0.308397 0.587818 0.086836 0.266544
5 0.285945 0.642637 0.108494 0.389909
3 0.419856 0.497631 0.014042 0.013945
5 0.233816 0.515915 0.065949 0.130220
3 0.481032 0.520133 0.015319 0.015656
0 0.336080 0.484644 0.020270 0.024652
0 0.280266 0.470208 0.077683 0.038541
3 0.372456 0.507329 0.016422 0.016268
7 0.088065 0.468142 0.041290 0.034954
5 0.175257 0.574940 0.068412 0.251633
3 0.521808 0.539356 0.017815 0.016989
7 0.235550 0.473249 0.032165 0.044057
3 0.098632 0.464379 0.024665 0.027830
5 0.231188 0.596430 0.083053 0.292767
7 0.149679 0.498547 0.034316 0.080324
3 0.101157 0.461137 0.022193 0.021701
5 0.072468 0.543679 0.082638 0.186507
7 0.160304 0.501634 0.024541 0.061899
5 0.171856 0.529434 0.037179 0.154281
5 0.019349 0.516635 0.038698 0.133490
3 0.417024 0.501289 0.015733 0.013484
