5 0.659575 0.779820 0.663633 0.439963
8 0.176687 0.280810 0.304930 0.559639
6 0.053922 0.458912 0.107366 0.203688
3 0.738229 0.617150 0.236880 0.115362
7 0.678035 0.865682 0.465823 0.268430
7 0.017388 0.227962 0.034775 0.129194
0 0.834162 0.628812 0.314496 0.136155
6 0.303289 0.490758 0.062132 0.136616
0 0.008266 0.126910 0.016531 0.038134
5 0.023680 0.271591 0.047361 0.356665
7 0.321529 0.146993 0.018687 0.037924
5 0.316225 0.146028 0.029865 0.099448
3 0.006214 0.161379 0.012010 0.021350
7 0.322016 0.140281 0.018451 0.068214
