8 0.708434 0.231710 0.580383 0.461981
8 0.218460 0.303727 0.368955 0.312603
5 0.119831 0.729188 0.239122 0.537971
8 0.291282 0.100399 0.255492 0.200766
7 0.497351 0.530373 0.157574 0.141724
3 0.082395 0.525518 0.163690 0.132579
5 0.541629 0.729496 0.245843 0.541009
8 0.061405 0.420008 0.122810 0.078701
7 0.087203 0.726954 0.174304 0.542962
5 0.269966 0.365607 0.026469 0.040521
5 0.350268 0.076931 0.021870 0.041378
8 0.015332 0.089293 0.030665 0.173955
7 0.271864 0.366303 0.022514 0.031771
8 0.009439 0.075600 0.018316 0.146180
