5 0.754109 0.193474 0.488469 0.386538
4 0.753802 0.212301 0.490115 0.347612
7 0.271039 0.515968 0.041527 0.086659
0 0.733593 0.435495 0.090716 0.091778
4 0.736840 0.718086 0.118583 0.275902
5 0.460853 0.904780 0.088683 0.189216
5 0.575327 0.695294 0.130611 0.604159
5 0.910360 0.694063 0.179205 0.610107
5 0.735562 0.694463 0.222573 0.610187
7 0.466309 0.880495 0.063248 0.127306
7 0.571351 0.705359 0.123642 0.329196
5 0.271901 0.569360 0.060436 0.291937
3 0.741315 0.565015 0.056586 0.052412
7 0.953070 0.708818 0.093859 0.457967
2 0.557186 0.435421 0.078775 0.081131
5 0.052057 0.194593 0.103955 0.387134
0 0.278958 0.443973 0.029068 0.038825
3 0.559892 0.554555 0.045585 0.049838
3 0.987535 0.472776 0.024514 0.052458
0 0.425131 0.837225 0.017571 0.048497
3 0.989178 0.482982 0.021412 0.057409
3 0.278061 0.476510 0.013022 0.014580
5 0.014498 0.535377 0.028763 0.293048
7 0.007547 0.503690 0.014695 0.115330
3 0.271271 0.469324 0.013898 0.014142
