8 0.729347 0.728477 0.536933 0.541903
8 0.102389 0.389843 0.204777 0.142206
7 0.869981 0.046726 0.071057 0.093452
8 0.554239 0.186605 0.191053 0.372869
7 0.714876 0.067067 0.086211 0.133016
5 0.725830 0.160483 0.132285 0.320687
6 0.635498 0.321591 0.115757 0.260588
5 0.945132 0.179871 0.109480 0.356910
7 0.977269 0.040628 0.045063 0.081256
5 0.873168 0.137876 0.154388 0.274757
5 0.211839 0.426191 0.049840 0.065902
4 0.209631 0.437368 0.028677 0.042847
5 0.968781 0.112676 0.062102 0.225010
5 0.932404 0.110344 0.102374 0.220390
2 0.205969 0.404950 0.014146 0.015255
8 0.066028 0.436810 0.093626 0.045090
0 0.207310 0.404014 0.013111 0.015054
9 0.076347 0.435976 0.072124 0.045142
3 0.207231 0.416883 0.012885 0.012340
