8 0.175746 0.730486 0.350971 0.258156
8 0.090989 0.524425 0.181690 0.155621
2 0.829296 0.675763 0.066764 0.092176
8 0.807967 0.299327 0.382547 0.597439
4 0.926400 0.680286 0.079739 0.136025
4 0.816243 0.886196 0.087181 0.225128
8 0.072913 0.440117 0.102807 0.093958
5 0.085012 0.650451 0.059692 0.094762
8 0.862568 0.799903 0.261290 0.398773
5 0.830142 0.812217 0.124373 0.375566
7 0.930616 0.312739 0.021183 0.049538
5 0.926816 0.773432 0.103756 0.362877
5 0.924575 0.340002 0.051109 0.169704
5 0.252913 0.417142 0.016308 0.040931
7 0.096611 0.625462 0.028811 0.045159
5 0.972603 0.798758 0.053220 0.402483
1 0.937944 0.620187 0.035057 0.036379
5 0.952387 0.803725 0.094527 0.390895
2 0.981590 0.724696 0.036820 0.072660
3 0.936903 0.621946 0.036876 0.036954
