5 0.395690 0.695083 0.169318 0.475251
8 0.365994 0.240687 0.226380 0.379555
5 0.617009 0.729472 0.262823 0.539424
5 0.251796 0.651376 0.208455 0.385323
7 0.606843 0.745094 0.189317 0.368442
8 0.855074 0.288250 0.212213 0.167507
0 0.702611 0.504856 0.084347 0.093976
7 0.264055 0.489609 0.121951 0.060088
7 0.437172 0.517764 0.086338 0.118091
8 0.966189 0.773096 0.067219 0.354976
5 0.719492 0.323662 0.024229 0.057069
7 0.719462 0.325577 0.020219 0.040873
8 0.960149 0.715581 0.079702 0.492371
3 0.692503 0.581932 0.029075 0.055485
5 0.644126 0.082579 0.015738 0.031644
8 0.959055 0.327240 0.081890 0.254678
