5 0.818398 0.649969 0.362879 0.341260
8 0.335299 0.367586 0.201811 0.226156
8 0.553039 0.302928 0.171380 0.118207
5 0.180133 0.861089 0.127688 0.239357
8 0.169511 0.404664 0.338578 0.146950
4 0.192351 0.806826 0.059948 0.049862
4 0.726741 0.690985 0.174520 0.235512
2 0.200819 0.755565 0.032230 0.019701
8 0.934527 0.237862 0.130309 0.475724
3 0.672907 0.611194 0.067208 0.134626
8 0.686866 0.096720 0.096546 0.190442
5 0.787893 0.886310 0.299572 0.227380
5 0.882055 0.905143 0.235338 0.189278
2 0.676345 0.500651 0.073753 0.042766
3 0.196603 0.778126 0.020688 0.015713
