5 0.826223 0.800277 0.347555 0.398575
1 0.327526 0.190998 0.072335 0.080448
7 0.304673 0.350051 0.202832 0.264080
5 0.829306 0.355862 0.340983 0.486955
5 0.288884 0.316250 0.431973 0.573486
0 0.838045 0.287176 0.211956 0.330335
0 0.931635 0.793344 0.136688 0.380617
0 0.339717 0.095132 0.101809 0.090332
7 0.882298 0.453616 0.235240 0.292171
6 0.351544 0.786610 0.052762 0.107452
3 0.842882 0.471155 0.057639 0.088144
6 0.263213 0.657039 0.036999 0.066795
6 0.229337 0.612964 0.018484 0.023529
5 0.025396 0.304180 0.050742 0.601509
