5 0.879068 0.788764 0.239998 0.419940
8 0.879183 0.411287 0.240610 0.334871
8 0.668161 0.484991 0.183001 0.186882
8 0.483431 0.789697 0.567033 0.419836
8 0.514906 0.857926 0.197849 0.281591
4 0.877920 0.865724 0.242912 0.267438
5 0.680340 0.756568 0.032151 0.083985
1 0.924229 0.688365 0.151521 0.216916
8 0.164413 0.620212 0.039840 0.057325
9 0.365011 0.687739 0.051092 0.071007
8 0.793839 0.044056 0.068083 0.087791
7 0.680790 0.745978 0.017181 0.026166
9 0.225599 0.606338 0.020082 0.021590
5 0.687418 0.977212 0.058802 0.045354
5 0.253380 0.399015 0.019883 0.047487
5 0.874794 0.354240 0.035492 0.062990
5 0.610345 0.391625 0.015910 0.043458
9 0.341254 0.688858 0.033047 0.074962
7 0.008411 0.929848 0.016823 0.092876
7 0.675138 0.740918 0.015396 0.035961
5 0.667527 0.351463 0.009816 0.022384
5 0.257080 0.400300 0.027756 0.063225
8 0.734380 0.325617 0.048671 0.092065
5 0.028587 0.913250 0.057174 0.173173
8 0.278137 0.817061 0.123908 0.365169
7 0.673103 0.735654 0.014113 0.030095
7 0.252524 0.396657 0.016128 0.039972
7 0.014960 0.940539 0.029919 0.118921
8 0.880218 0.057001 0.238720 0.113584
9 0.213586 0.599946 0.020999 0.024089
