8 0.699267 0.668458 0.596111 0.647496
5 0.168283 0.674158 0.335988 0.646291
8 0.857415 0.506129 0.284043 0.316833
8 0.724210 0.171225 0.549891 0.342354
0 0.092036 0.424353 0.121683 0.147933
8 0.047867 0.148112 0.094989 0.296191
8 0.203142 0.146108 0.241393 0.284855
4 0.206450 0.504416 0.216854 0.276112
8 0.835119 0.037996 0.165695 0.075897
9 0.354830 0.259836 0.091675 0.056017
5 0.584829 0.377071 0.039216 0.053330
5 0.339733 0.672818 0.120731 0.634472
5 0.984110 0.055896 0.031681 0.107043
4 0.577266 0.371940 0.022507 0.037769
5 0.252969 0.403113 0.217482 0.104334
4 0.206064 0.390533 0.137146 0.076937
6 0.382165 0.270178 0.022411 0.032654
