9 0.854487 0.224915 0.290599 0.449615
5 0.417317 0.723740 0.586046 0.551669
8 0.471172 0.203264 0.134544 0.126925
5 0.809183 0.723939 0.199358 0.548962
8 0.254997 0.230005 0.100542 0.112228
1 0.429181 0.797901 0.207149 0.226314
2 0.550203 0.567718 0.292324 0.237345
7 0.791746 0.620476 0.155026 0.202234
8 0.146403 0.169489 0.053474 0.083761
0 0.802234 0.470203 0.063576 0.039340
9 0.111214 0.106025 0.024833 0.027839
3 0.795625 0.530490 0.040146 0.046545
9 0.271021 0.092406 0.026429 0.027637
4 0.464587 0.957144 0.434932 0.085532
9 0.061197 0.130510 0.030982 0.031514
9 0.351133 0.125676 0.029940 0.025070
9 0.169704 0.119884 0.031404 0.035102
9 0.075577 0.116557 0.022105 0.025723
9 0.067104 0.124664 0.027749 0.029001
9 0.007819 0.091801 0.014538 0.022715
8 0.169922 0.120865 0.030291 0.033815
9 0.077599 0.111788 0.018968 0.019833
