5 0.159756 0.666039 0.319452 0.664390
7 0.677537 0.561500 0.223285 0.289534
5 0.666663 0.641655 0.486306 0.713334
2 0.159148 0.509196 0.317676 0.295238
6 0.546311 0.169019 0.438616 0.238084
1 0.159843 0.838258 0.319469 0.262548
1 0.648536 0.386927 0.077968 0.081695
4 0.169911 0.201014 0.071512 0.109249
5 0.173225 0.183389 0.149008 0.214527
2 0.123432 0.223385 0.080984 0.066778
0 0.636147 0.308268 0.102493 0.040458
5 0.049655 0.166208 0.098768 0.154139
4 0.045256 0.190295 0.061849 0.081383
5 0.294388 0.177052 0.050076 0.220708
2 0.131659 0.092927 0.042475 0.036751
5 0.140946 0.236851 0.155180 0.106971
5 0.190296 0.078145 0.045452 0.113091
4 0.159826 0.915969 0.317342 0.167350
5 0.020595 0.226958 0.041190 0.124106
2 0.019872 0.116215 0.035884 0.033649
2 0.302176 0.091258 0.034277 0.050278
1 0.137748 0.140148 0.022817 0.026868
5 0.292547 0.040874 0.044202 0.080712
2 0.015457 0.186497 0.030430 0.049435
2 0.027879 0.107472 0.042185 0.033384
1 0.133807 0.276481 0.047654 0.027494
4 0.186432 0.053080 0.022179 0.034867
4 0.289556 0.018380 0.023807 0.032841
1 0.308484 0.157161 0.019993 0.040083
4 0.014730 0.258931 0.029461 0.060292
1 0.009275 0.231729 0.017173 0.025128
4 0.188799 0.065943 0.024692 0.031621
5 0.016802 0.048320 0.032980 0.094615
5 0.297219 0.217553 0.044102 0.140903
6 0.870982 0.144465 0.256544 0.288860
5 0.016805 0.139255 0.033609 0.094158
