5 0.254699 0.174601 0.508792 0.348841
8 0.871251 0.680693 0.256521 0.638583
2 0.175739 0.065735 0.351102 0.130730
6 0.681944 0.116658 0.036378 0.066275
1 0.160984 0.227832 0.321224 0.241003
6 0.760532 0.133364 0.033732 0.064008
5 0.821846 0.168236 0.075017 0.126286
6 0.863297 0.219668 0.050622 0.108337
8 0.781129 0.394163 0.204851 0.089678
4 0.829299 0.168761 0.044170 0.056309
8 0.589537 0.084462 0.159203 0.168721
2 0.831630 0.121076 0.020159 0.020890
6 0.866528 0.155173 0.025929 0.055829
8 0.570662 0.792952 0.120389 0.269582
6 0.885325 0.217482 0.056778 0.138478
6 0.881321 0.158679 0.035491 0.065961
6 0.741646 0.109071 0.024433 0.053261
