5 0.129440 0.159288 0.258438 0.318576
1 0.130741 0.183136 0.260771 0.263002
8 0.709714 0.742202 0.347344 0.381287
4 0.061336 0.745720 0.121735 0.273668
5 0.080199 0.701150 0.159688 0.595843
0 0.067174 0.469677 0.095782 0.106926
2 0.230229 0.492943 0.059502 0.080134
3 0.053755 0.595663 0.055226 0.059848
5 0.177547 0.720985 0.163429 0.556096
5 0.618149 0.635525 0.066068 0.124302
7 0.196425 0.757773 0.128140 0.346542
3 0.229839 0.605521 0.054299 0.057262
2 0.138307 0.043702 0.241959 0.087283
7 0.613054 0.625106 0.039476 0.057305
