5 0.241326 0.244638 0.482328 0.487942
5 0.657601 0.744733 0.356292 0.509577
5 0.868913 0.743453 0.262010 0.512586
8 0.291027 0.721924 0.378276 0.468369
3 0.887521 0.722261 0.105995 0.089572
0 0.614387 0.563500 0.273292 0.149216
0 0.842080 0.568373 0.173805 0.160805
2 0.127184 0.104844 0.253663 0.209505
3 0.625275 0.840431 0.204540 0.187278
1 0.141960 0.333808 0.283797 0.311066
5 0.736956 0.129453 0.520231 0.258087
4 0.885364 0.905811 0.229175 0.188378
4 0.611941 0.047420 0.168902 0.094566
3 0.515823 0.051477 0.059357 0.102954
4 0.609468 0.963985 0.253140 0.072030
4 0.246258 0.440007 0.492465 0.098397
