8 0.768817 0.284311 0.462367 0.567613
5 0.270018 0.285320 0.538932 0.568325
9 0.705195 0.798914 0.332112 0.402172
4 0.270301 0.410484 0.537669 0.317200
5 0.895051 0.285432 0.209252 0.569692
5 0.916603 0.784228 0.165973 0.428907
0 0.934126 0.608317 0.126803 0.079645
7 0.926617 0.850140 0.146765 0.296113
1 0.179143 0.216614 0.358286 0.349966
7 0.867448 0.261876 0.108294 0.310068
3 0.918761 0.709521 0.045192 0.106717
6 0.836927 0.962560 0.029144 0.044137
3 0.842624 0.038505 0.034000 0.039839
6 0.269957 0.712380 0.013413 0.032584
6 0.218541 0.962593 0.052741 0.074808
6 0.123077 0.750638 0.014756 0.037409
6 0.006710 0.776583 0.012442 0.043540
6 0.065974 0.742445 0.012206 0.026479
6 0.144443 0.726406 0.008797 0.025116
6 0.214905 0.723619 0.013385 0.035665
6 0.306985 0.703029 0.012330 0.026595
6 0.157802 0.725337 0.010611 0.027574
6 0.292898 0.700252 0.011406 0.026618
6 0.121156 0.737793 0.011278 0.024631
6 0.160537 0.729396 0.012120 0.030580
6 0.092038 0.734639 0.008981 0.020132
6 0.216959 0.711321 0.010582 0.024427
6 0.281594 0.694092 0.008418 0.021894
6 0.458251 0.652118 0.010388 0.022682
2 0.845305 0.006352 0.049034 0.012703
6 0.315399 0.694457 0.012875 0.034800
6 0.007074 0.759537 0.010729 0.029554
6 0.311179 0.703356 0.012250 0.027477
