5 0.258744 0.193882 0.517489 0.387648
8 0.759729 0.689440 0.479395 0.601915
5 0.124902 0.693661 0.247524 0.608290
7 0.305609 0.509945 0.160276 0.244226
4 0.259394 0.236323 0.518562 0.305213
8 0.789783 0.271711 0.403565 0.232338
5 0.316196 0.693804 0.240968 0.611037
1 0.316870 0.108864 0.406165 0.216781
7 0.100624 0.532031 0.147119 0.283631
8 0.914493 0.218463 0.170957 0.337001
8 0.547377 0.290026 0.056769 0.191598
3 0.119176 0.408630 0.029803 0.031808
3 0.118663 0.401083 0.033737 0.023860
5 0.037588 0.696742 0.075117 0.606516
