5 0.140007 0.229581 0.279975 0.458983
9 0.320803 0.695980 0.080286 0.119534
8 0.182991 0.673657 0.192204 0.337146
8 0.405489 0.412262 0.251094 0.093706
4 0.141307 0.341151 0.282198 0.235388
6 0.901494 0.941161 0.076471 0.117451
9 0.640335 0.916443 0.710528 0.167114
6 0.578445 0.767654 0.026514 0.056708
6 0.529525 0.757554 0.023164 0.047113
6 0.653195 0.790350 0.034746 0.068727
6 0.750256 0.844729 0.043345 0.099400
8 0.046617 0.730776 0.093182 0.538438
1 0.219724 0.133484 0.120596 0.260141
6 0.460428 0.754573 0.021679 0.043895
6 0.369100 0.761275 0.017337 0.031298
8 0.030608 0.590488 0.061217 0.263756
6 0.303374 0.798771 0.011214 0.023365
