8 0.669232 0.274567 0.655770 0.545838
5 0.078125 0.268629 0.123549 0.379151
5 0.916945 0.674934 0.065414 0.165021
5 0.078829 0.186815 0.068088 0.194051
8 0.687571 0.775339 0.617646 0.449289
7 0.080499 0.170561 0.050348 0.083117
8 0.628748 0.075531 0.578582 0.150854
7 0.113830 0.214961 0.050695 0.142407
0 0.118749 0.107023 0.040219 0.039904
0 0.113589 0.077094 0.027354 0.026254
0 0.070822 0.105365 0.023611 0.025817
5 0.021735 0.186415 0.043470 0.245679
5 0.111900 0.145694 0.057927 0.157109
7 0.926014 0.650585 0.023861 0.057770
7 0.012598 0.167620 0.025190 0.105840
3 0.071957 0.128000 0.015232 0.014552
3 0.127699 0.139904 0.018292 0.022355
7 0.116513 0.183698 0.045220 0.102940
7 0.091163 0.133191 0.021613 0.023557
