9 0.334153 0.698615 0.667205 0.602101
5 0.829838 0.664522 0.340310 0.528847
8 0.814469 0.147994 0.299693 0.295519
5 0.828999 0.901908 0.342002 0.195313
4 0.828400 0.747919 0.342428 0.274606
2 0.796462 0.915682 0.261917 0.144605
3 0.854328 0.675046 0.229866 0.145598
2 0.801775 0.452780 0.286908 0.103530
5 0.331065 0.300438 0.655297 0.200156
2 0.526338 0.315792 0.268731 0.164568
6 0.354124 0.479025 0.049137 0.079665
5 0.767272 0.151366 0.030071 0.059887
6 0.167494 0.479373 0.041011 0.057063
6 0.066547 0.480748 0.028214 0.051258
6 0.064703 0.484688 0.037797 0.063456
6 0.167584 0.474292 0.065115 0.069554
