5 0.180137 0.244215 0.358419 0.384947
7 0.463544 0.278908 0.156037 0.208971
7 0.663561 0.228902 0.094606 0.155300
8 0.464899 0.862682 0.215141 0.273614
7 0.573037 0.226576 0.125231 0.164222
7 0.962461 0.160773 0.075078 0.149411
0 0.647092 0.107549 0.043098 0.043870
8 0.642771 0.876751 0.375455 0.246017
8 0.913356 0.793688 0.173247 0.206479
0 0.700191 0.082431 0.036288 0.037269
5 0.480478 0.266943 0.217920 0.343366
1 0.125634 0.752957 0.251267 0.262503
0 0.190847 0.215246 0.338573 0.224660
0 0.447502 0.129556 0.053324 0.054770
0 0.812199 0.027429 0.033174 0.034428
0 0.881016 0.062293 0.043033 0.046584
7 0.759815 0.218142 0.088437 0.156353
7 0.900055 0.189280 0.108899 0.169321
5 0.871355 0.227804 0.109102 0.393258
0 0.491323 0.095598 0.045010 0.041649
0 0.809381 0.083196 0.039197 0.041199
0 0.911517 0.011375 0.034346 0.022638
5 0.585778 0.255531 0.188122 0.365931
7 0.820340 0.204312 0.088369 0.151722
7 0.924048 0.083355 0.058974 0.063839
0 0.965233 0.037499 0.043857 0.044177
0 0.740582 0.025194 0.036083 0.035923
0 0.554037 0.097482 0.046624 0.043809
5 0.834542 0.248571 0.143129 0.377463
0 0.659813 0.067119 0.035266 0.036687
7 0.606427 0.174162 0.063457 0.078096
0 0.594224 0.089809 0.039135 0.040458
5 0.954170 0.218684 0.091661 0.406655
1 0.220086 0.381206 0.278042 0.115785
0 0.847175 0.049069 0.034328 0.038476
5 0.700557 0.256051 0.133256 0.370905
3 0.745664 0.061593 0.022214 0.020647
5 0.915243 0.229686 0.152591 0.404843
5 0.630540 0.252716 0.126954 0.372851
3 0.496035 0.138229 0.027019 0.024682
1 0.319619 0.700218 0.079749 0.466910
3 0.888309 0.109934 0.023741 0.021816
3 0.560954 0.141971 0.028780 0.024648
5 0.534965 0.258912 0.148541 0.362577
3 0.813422 0.123905 0.024238 0.019860
5 0.771961 0.235546 0.127400 0.383205
7 0.707340 0.215975 0.069227 0.147154
3 0.966162 0.080942 0.028177 0.022909
7 0.850939 0.123285 0.049095 0.053870
3 0.597957 0.131059 0.022785 0.021055
7 0.514760 0.224580 0.089879 0.160144
3 0.702071 0.120148 0.024098 0.020346
3 0.656538 0.149335 0.021855 0.021846
0 0.742893 0.086340 0.038312 0.036213
3 0.454273 0.182160 0.032912 0.025931
7 0.678505 0.137427 0.028408 0.047061
3 0.749379 0.129046 0.025550 0.021357
3 0.918252 0.040970 0.024111 0.021261
7 0.751556 0.106319 0.074120 0.076860
3 0.851843 0.089767 0.023488 0.019449
3 0.815946 0.058267 0.017003 0.015519
5 0.927480 0.185759 0.106281 0.369879
7 0.743108 0.120379 0.052348 0.043680
5 0.828447 0.201431 0.102891 0.387557
7 0.831443 0.113889 0.056734 0.051284
5 0.429178 0.278291 0.129017 0.318179
7 0.507726 0.176350 0.072424 0.066051
7 0.943259 0.073492 0.024691 0.050511
7 0.829000 0.111580 0.092481 0.062234
3 0.669222 0.098301 0.012877 0.017730
