9 0.427729 0.696065 0.195762 0.186051
8 0.704090 0.856295 0.302214 0.233558
4 0.840026 0.434597 0.146972 0.315185
2 0.838396 0.166961 0.078368 0.067248
5 0.039559 0.417236 0.078781 0.119625
5 0.797524 0.364418 0.264826 0.469331
5 0.120887 0.721208 0.066122 0.166627
5 0.102256 0.435963 0.058032 0.102572
5 0.030848 0.318387 0.061672 0.154030
7 0.023676 0.396368 0.047344 0.076832
7 0.096093 0.417503 0.040528 0.057378
7 0.020932 0.282968 0.041765 0.074857
4 0.123602 0.695527 0.034937 0.055783
0 0.094851 0.407236 0.023680 0.040009
0 0.169497 0.585580 0.026241 0.029050
0 0.123008 0.656019 0.024044 0.032565
1 0.859637 0.260868 0.030505 0.056606
0 0.014055 0.266339 0.027647 0.045668
7 0.016311 0.269911 0.032421 0.053165
6 0.859375 0.630706 0.013044 0.016269
0 0.010319 0.380326 0.019841 0.038458
5 0.169631 0.585671 0.027882 0.027962
0 0.121366 0.650460 0.023935 0.028172
0 0.233156 0.589896 0.026774 0.021484
5 0.230860 0.588875 0.034753 0.023655
