8 0.149395 0.812614 0.298430 0.374528
9 0.733280 0.374336 0.531791 0.252472
7 0.288815 0.163256 0.071727 0.104313
6 0.592268 0.298335 0.054149 0.097810
5 0.849023 0.571152 0.301855 0.142147
5 0.289428 0.190534 0.103056 0.214065
8 0.248503 0.831182 0.438596 0.337442
5 0.344404 0.379391 0.088321 0.131781
7 0.334213 0.354091 0.059095 0.080932
5 0.365595 0.278672 0.084700 0.159592
0 0.331493 0.336905 0.029584 0.039549
7 0.406001 0.394062 0.040849 0.060501
6 0.806652 0.235017 0.032124 0.061849
7 0.367825 0.243191 0.051090 0.078585
0 0.277422 0.102222 0.034789 0.040141
5 0.405931 0.413032 0.058029 0.105166
6 0.569253 0.160380 0.010196 0.024275
6 0.922604 0.228903 0.022541 0.045487
5 0.089619 0.878309 0.036693 0.083213
0 0.408832 0.382421 0.025867 0.040712
6 0.823039 0.960619 0.185703 0.078611
0 0.373376 0.222737 0.031361 0.042076
3 0.284822 0.130742 0.017370 0.020439
6 0.972827 0.219638 0.014890 0.033053
6 0.693710 0.169810 0.010130 0.027890
6 0.781855 0.177911 0.012773 0.034079
6 0.683696 0.159178 0.009200 0.021421
6 0.629063 0.163469 0.010482 0.024799
6 0.641464 0.154620 0.008837 0.021772
6 0.641094 0.154913 0.011546 0.028706
6 0.736685 0.164637 0.008469 0.023224
