5 0.189569 0.229762 0.378188 0.459449
8 0.727440 0.229874 0.541353 0.459627
9 0.589330 0.709347 0.097703 0.088985
1 0.164173 0.268629 0.328346 0.339977
7 0.710693 0.669440 0.126550 0.286713
5 0.747883 0.728717 0.299776 0.538813
7 0.849898 0.622620 0.088372 0.186454
4 0.189232 0.364118 0.378464 0.191584
5 0.860904 0.722515 0.158416 0.524053
1 0.314491 0.938997 0.129911 0.121134
1 0.155263 0.963088 0.259273 0.073449
0 0.814240 0.490864 0.044684 0.063308
9 0.704364 0.703905 0.161084 0.141843
9 0.670491 0.705339 0.093455 0.136049
2 0.171074 0.048832 0.342077 0.097601
1 0.074362 0.945748 0.148724 0.108504
8 0.566014 0.388976 0.351279 0.138649
