5 0.250469 0.199825 0.500910 0.398302
5 0.825560 0.199472 0.342680 0.398360
1 0.199990 0.140835 0.397530 0.279635
7 0.731859 0.778489 0.068058 0.145650
8 0.676666 0.679213 0.350689 0.556427
4 0.827194 0.174607 0.291687 0.338472
7 0.839018 0.739701 0.069827 0.130182
7 0.960135 0.741933 0.063149 0.154766
5 0.958460 0.799380 0.082806 0.400907
7 0.788611 0.753530 0.047871 0.122141
5 0.557676 0.201201 0.112382 0.402019
0 0.792102 0.661819 0.032221 0.035395
0 0.830733 0.630186 0.042925 0.044207
5 0.842996 0.799932 0.088313 0.373930
4 0.251370 0.326239 0.502740 0.146399
0 0.956467 0.617808 0.034172 0.036288
5 0.735169 0.823343 0.090958 0.352076
0 0.751961 0.673286 0.044949 0.046234
5 0.787127 0.818925 0.066778 0.348242
0 0.939099 0.652639 0.028301 0.032775
7 0.927319 0.791750 0.032373 0.078567
4 0.544183 0.188113 0.088083 0.372651
5 0.930370 0.200928 0.138987 0.399768
3 0.792373 0.695909 0.014527 0.015250
5 0.934268 0.804552 0.055538 0.375295
3 0.841945 0.667204 0.016306 0.019042
3 0.757781 0.717610 0.017875 0.022546
3 0.791553 0.699956 0.019317 0.020916
4 0.540786 0.072980 0.080258 0.145819
