5 0.275212 0.225944 0.549557 0.451247
1 0.285279 0.149458 0.520540 0.298641
4 0.274391 0.298929 0.548197 0.303568
6 0.522248 0.608744 0.055814 0.112334
6 0.774896 0.403172 0.058704 0.096560
6 0.882641 0.181169 0.014043 0.036368
6 0.789620 0.154457 0.012889 0.034094
6 0.994103 0.210068 0.011794 0.047723
6 0.941575 0.178129 0.010994 0.028898
6 0.734345 0.139008 0.012446 0.030801
6 0.843149 0.156879 0.010817 0.026823
6 0.993252 0.178086 0.011785 0.025653
6 0.706945 0.127898 0.012717 0.026746
6 0.730551 0.120042 0.007859 0.021207
6 0.694865 0.127543 0.013180 0.029359
6 0.788695 0.147035 0.011219 0.027789
6 0.605865 0.094399 0.007771 0.018802
