5 0.854379 0.259922 0.291043 0.517879
5 0.854250 0.759371 0.290963 0.479731
5 0.356058 0.289902 0.710321 0.460891
4 0.855014 0.856564 0.288502 0.286007
1 0.883978 0.619612 0.231397 0.201677
1 0.331761 0.400751 0.545041 0.237388
1 0.829705 0.205378 0.243642 0.408844
4 0.853013 0.400790 0.291572 0.235382
8 0.403860 0.756326 0.612815 0.469015
2 0.289237 0.174582 0.573367 0.194365
9 0.369588 0.745577 0.521332 0.341504
8 0.170794 0.592260 0.099981 0.145865
8 0.097154 0.701664 0.193871 0.249938
9 0.282799 0.847064 0.565599 0.159697
8 0.285186 0.670802 0.266045 0.228369
8 0.227729 0.725939 0.454731 0.280032
