5 0.250348 0.283868 0.500400 0.553082
8 0.250842 0.779744 0.501684 0.439720
8 0.712349 0.779396 0.425039 0.437498
5 0.853369 0.279882 0.292956 0.558325
8 0.620159 0.851446 0.239093 0.296575
1 0.105950 0.443974 0.211430 0.229448
7 0.896999 0.099119 0.165693 0.197431
8 0.827561 0.810887 0.157073 0.118769
2 0.159714 0.156468 0.317012 0.280307
5 0.352986 0.609351 0.041916 0.107779
5 0.099794 0.630764 0.042742 0.129893
4 0.250214 0.485988 0.500428 0.146605
7 0.353059 0.581426 0.027903 0.036282
7 0.097149 0.607981 0.021834 0.041304
5 0.551157 0.987072 0.023890 0.025271
8 0.583208 0.967421 0.148729 0.065157
0 0.152209 0.159919 0.302652 0.293886
