8 0.723545 0.273868 0.550881 0.546686
5 0.224997 0.282780 0.449242 0.541885
5 0.224837 0.811833 0.449473 0.375912
1 0.116193 0.862526 0.232386 0.272055
0 0.233589 0.173245 0.435114 0.216707
1 0.224699 0.397047 0.442756 0.273684
5 0.608537 0.702579 0.061518 0.171670
7 0.985988 0.941839 0.027066 0.064231
7 0.878421 0.789527 0.034732 0.059425
5 0.877355 0.824655 0.058169 0.193377
4 0.225260 0.473573 0.450520 0.160001
8 0.696963 0.078593 0.134712 0.157134
8 0.515979 0.053389 0.133357 0.106666
2 0.132075 0.742712 0.263941 0.138125
8 0.792258 0.080051 0.142852 0.160010
8 0.821019 0.047785 0.102431 0.094478
7 0.956190 0.917732 0.026955 0.043139
8 0.553398 0.059938 0.170763 0.119783
5 0.950890 0.933525 0.055235 0.130471
0 0.885992 0.743682 0.017954 0.023751
5 0.974616 0.934234 0.050134 0.130986
8 0.744483 0.085582 0.108465 0.170668
7 0.950812 0.959895 0.051422 0.080210
9 0.904308 0.022204 0.050541 0.043720
0 0.964028 0.879536 0.016128 0.021451
0 0.625525 0.632557 0.019065 0.025825
4 0.219897 0.940375 0.439794 0.119250
8 0.489210 0.047507 0.082675 0.095014
