4 0.849466 0.085956 0.134355 0.171477
5 0.795945 0.374372 0.293219 0.327124
7 0.416843 0.876315 0.180754 0.245394
5 0.063140 0.263473 0.089865 0.137116
4 0.369903 0.367496 0.078746 0.127626
5 0.410590 0.775035 0.218713 0.449112
5 0.824055 0.202333 0.236517 0.403727
0 0.402789 0.603544 0.118195 0.097761
5 0.374949 0.343664 0.150152 0.285826
5 0.193781 0.314249 0.132538 0.250432
5 0.111507 0.424329 0.170686 0.225286
2 0.360587 0.232540 0.075952 0.054062
5 0.501778 0.435753 0.088314 0.204953
4 0.095091 0.477936 0.091284 0.117707
7 0.494447 0.475880 0.062457 0.128887
4 0.190539 0.324151 0.074815 0.112729
2 0.133217 0.344648 0.084420 0.064227
5 0.338794 0.176341 0.030610 0.089677
4 0.058865 0.291043 0.051482 0.081429
0 0.482272 0.355458 0.041719 0.049535
1 0.358219 0.291039 0.039313 0.032640
0 0.338156 0.764963 0.046230 0.088100
2 0.042981 0.215196 0.034548 0.027443
5 0.318271 0.860119 0.075182 0.245785
5 0.226609 0.198455 0.036497 0.126812
2 0.022871 0.287664 0.044833 0.049206
4 0.700686 0.506752 0.101845 0.064080
5 0.028068 0.398065 0.056054 0.264546
4 0.320144 0.887445 0.051089 0.145602
2 0.158571 0.211309 0.050931 0.038083
1 0.141569 0.410954 0.027930 0.028533
4 0.023275 0.285017 0.044638 0.050165
2 0.011818 0.227727 0.023591 0.032680
4 0.014649 0.401642 0.029298 0.120575
1 0.469344 0.405587 0.016250 0.033251
1 0.164223 0.259841 0.022650 0.024984
4 0.226037 0.175762 0.020224 0.041266
1 0.014825 0.334644 0.024150 0.023800
5 0.015864 0.248853 0.031541 0.085002
4 0.340040 0.154817 0.019866 0.026998
2 0.211958 0.134623 0.017538 0.019898
5 0.877115 0.314150 0.161210 0.213408
2 0.015276 0.221738 0.027191 0.026272
1 0.153603 0.399750 0.018677 0.028255
0 0.334002 0.772827 0.033771 0.069127
4 0.686681 0.496054 0.070442 0.086852
1 0.415063 0.699362 0.060706 0.070196
2 0.145289 0.354923 0.059784 0.048352
2 0.333922 0.129482 0.012151 0.013739
2 0.048172 0.209127 0.051248 0.031737
