5 0.264569 0.233910 0.528014 0.467649
5 0.764663 0.744796 0.470521 0.507241
4 0.263821 0.293848 0.527643 0.350417
5 0.749600 0.235600 0.425902 0.469617
4 0.740175 0.255476 0.278019 0.412546
5 0.180426 0.556059 0.180222 0.173489
1 0.278553 0.153508 0.492544 0.306776
3 0.632271 0.844259 0.201988 0.093226
3 0.784003 0.074385 0.056053 0.045587
5 0.645932 0.796916 0.229215 0.210912
5 0.608969 0.234571 0.159412 0.469142
0 0.807120 0.018557 0.172194 0.037114
4 0.724481 0.944888 0.389055 0.109875
4 0.567626 0.080650 0.078218 0.161115
4 0.207122 0.488020 0.085149 0.039981
3 0.867174 0.080863 0.040562 0.047327
