5 0.260379 0.259692 0.520683 0.518780
8 0.758917 0.257725 0.480348 0.513418
8 0.761528 0.848184 0.461154 0.302103
4 0.259722 0.381322 0.518230 0.275944
8 0.872802 0.671475 0.253800 0.302905
1 0.327632 0.166032 0.391476 0.309864
5 0.873688 0.222845 0.064240 0.176130
5 0.225756 0.611293 0.080218 0.183014
4 0.879339 0.204442 0.032803 0.055855
5 0.698877 0.821199 0.033930 0.063503
2 0.872071 0.146398 0.024510 0.026041
8 0.593475 0.557900 0.143873 0.077198
4 0.218743 0.556435 0.038027 0.067641
3 0.872425 0.169859 0.017094 0.012663
2 0.305802 0.024061 0.426018 0.048101
5 0.697702 0.821888 0.024527 0.047926
8 0.608835 0.556265 0.096150 0.064491
