9 0.734308 0.191845 0.530640 0.373975
8 0.840497 0.511177 0.313200 0.263682
8 0.078777 0.780997 0.157454 0.276112
7 0.381770 0.101785 0.109984 0.193643
7 0.154590 0.059014 0.091360 0.118007
8 0.078171 0.628280 0.155265 0.469155
7 0.297713 0.060834 0.082775 0.114771
5 0.371487 0.189675 0.148498 0.375743
5 0.141707 0.165952 0.182397 0.331903
7 0.451139 0.097929 0.043540 0.128424
8 0.431628 0.757831 0.074454 0.161570
7 0.211378 0.044582 0.065376 0.089047
5 0.204670 0.093151 0.087568 0.186303
5 0.098645 0.096691 0.080577 0.193285
6 0.743079 0.198927 0.026134 0.063170
5 0.286458 0.137976 0.119176 0.274404
7 0.102984 0.032402 0.050546 0.064283
6 0.933818 0.352127 0.052914 0.053596
5 0.434863 0.128068 0.069770 0.255979
6 0.494966 0.105452 0.014493 0.033598
6 0.935779 0.223033 0.019715 0.046132
6 0.909068 0.180615 0.015185 0.034562
7 0.441652 0.047187 0.033625 0.070804
6 0.993171 0.234416 0.012916 0.031462
6 0.594444 0.135263 0.019964 0.043026
5 0.335204 0.096850 0.075287 0.193295
7 0.341663 0.038578 0.041393 0.077001
6 0.820839 0.168847 0.016297 0.044312
7 0.425936 0.032978 0.046297 0.060251
6 0.839432 0.155007 0.013912 0.033934
6 0.665430 0.106511 0.011572 0.030465
5 0.352089 0.042750 0.033726 0.078175
6 0.736225 0.128573 0.013004 0.032723
5 0.359722 0.037055 0.029867 0.072129
5 0.339972 0.136289 0.094310 0.272578
7 0.353888 0.039329 0.029351 0.078433
5 0.345971 0.051807 0.038061 0.103610
6 0.662082 0.106563 0.012090 0.029214
6 0.716877 0.106212 0.010959 0.027173
5 0.265702 0.109277 0.085599 0.218345
6 0.595594 0.124382 0.015202 0.031722
5 0.439352 0.099253 0.043664 0.197191
3 0.381012 0.008023 0.020425 0.015513
6 0.496288 0.100097 0.011399 0.026331
5 0.041967 0.042143 0.079111 0.084001
7 0.434182 0.040301 0.032553 0.057853
6 0.912492 0.181910 0.020942 0.043430
3 0.306448 0.006637 0.016313 0.013275
