5 0.284097 0.169088 0.567530 0.338069
8 0.391834 0.469427 0.355741 0.262045
2 0.367655 0.113225 0.408695 0.225067
1 0.410951 0.279444 0.318648 0.118357
5 0.525822 0.391873 0.085056 0.106316
8 0.872093 0.114866 0.219379 0.172581
5 0.059025 0.574255 0.079741 0.218815
4 0.055587 0.565220 0.045551 0.100844
5 0.737393 0.177952 0.029547 0.074101
0 0.738107 0.148917 0.014508 0.016983
7 0.737575 0.182638 0.018683 0.038888
5 0.969679 0.870044 0.060641 0.233161
2 0.056841 0.477064 0.024958 0.024378
5 0.507075 0.386665 0.048425 0.121693
