8 0.316478 0.696968 0.459480 0.412683
5 0.862843 0.150408 0.273254 0.299608
8 0.685451 0.767320 0.270988 0.464815
8 0.830098 0.649119 0.338551 0.693532
7 0.307455 0.041522 0.099746 0.082510
1 0.949374 0.075272 0.101179 0.149888
8 0.091107 0.527108 0.181768 0.393210
5 0.467973 0.079380 0.120109 0.158182
5 0.315320 0.150021 0.129426 0.299748
5 0.716772 0.828690 0.037412 0.048182
5 0.377542 0.595638 0.037845 0.060214
5 0.261975 0.076199 0.076167 0.151410
4 0.929331 0.208046 0.141339 0.185584
5 0.371296 0.032133 0.080915 0.063727
5 0.146181 0.029571 0.115737 0.059141
4 0.308346 0.040543 0.099920 0.081085
8 0.086652 0.150972 0.171512 0.301945
