5 0.189510 0.193935 0.378836 0.387427
4 0.189346 0.224014 0.378691 0.329481
8 0.668845 0.715635 0.496707 0.409827
1 0.198033 0.082585 0.362325 0.164812
5 0.237683 0.694499 0.284167 0.609080
8 0.910157 0.587693 0.178938 0.389696
7 0.298764 0.746611 0.163302 0.386230
0 0.350508 0.475529 0.057048 0.156556
3 0.355233 0.604049 0.048587 0.069080
5 0.644501 0.611419 0.032095 0.053949
8 0.683961 0.911741 0.604399 0.176518
4 0.292050 0.738922 0.176264 0.409695
1 0.065567 0.078450 0.130808 0.156510
8 0.954331 0.191840 0.091338 0.383679
8 0.724544 0.220729 0.439652 0.332383
