8 0.774345 0.824985 0.373321 0.349689
5 0.464892 0.825067 0.247311 0.349380
7 0.442553 0.381501 0.061213 0.097348
5 0.524940 0.475708 0.129202 0.348897
7 0.070337 0.372243 0.060851 0.118145
7 0.214392 0.497187 0.109625 0.254530
7 0.377648 0.432527 0.086018 0.170141
7 0.531695 0.439844 0.087996 0.147919
7 0.289093 0.387113 0.068804 0.108662
5 0.375693 0.467656 0.109798 0.362584
7 0.116116 0.377360 0.051355 0.097824
5 0.065842 0.423972 0.074060 0.314542
5 0.112394 0.413106 0.061324 0.262534
5 0.282671 0.448187 0.100947 0.329301
0 0.301080 0.302610 0.030459 0.029074
0 0.082409 0.280127 0.029055 0.028743
5 0.442264 0.427480 0.078854 0.278267
0 0.392548 0.306601 0.041293 0.043722
0 0.539222 0.324719 0.046633 0.043636
0 0.447267 0.303823 0.020604 0.024302
7 0.258988 0.353627 0.041928 0.084023
7 0.191350 0.355319 0.054360 0.133657
7 0.147942 0.382403 0.035425 0.086684
0 0.123318 0.302526 0.027090 0.025294
0 0.221567 0.243172 0.036860 0.043503
7 0.573414 0.390410 0.032769 0.082931
7 0.326888 0.374716 0.045216 0.071819
0 0.224462 0.301743 0.061102 0.073458
5 0.260126 0.343564 0.050768 0.169204
0 0.020143 0.289480 0.021033 0.025706
7 0.013504 0.375904 0.027009 0.111457
0 0.261981 0.270428 0.025471 0.025563
3 0.445961 0.330758 0.015125 0.015810
5 0.205375 0.448650 0.120976 0.389206
0 0.542815 0.293993 0.026507 0.025708
7 0.505059 0.380081 0.033207 0.084710
5 0.328596 0.396975 0.048814 0.201392
3 0.298746 0.332455 0.020226 0.019430
5 0.568908 0.406050 0.045028 0.186006
5 0.017861 0.431208 0.035721 0.318556
5 0.504900 0.394049 0.055413 0.197156
3 0.082576 0.307820 0.014744 0.016582
0 0.584714 0.323231 0.014102 0.025678
0 0.158097 0.319450 0.014137 0.020211
0 0.340411 0.311170 0.023005 0.023257
3 0.529592 0.360407 0.019533 0.020413
5 0.142663 0.411043 0.045584 0.234184
3 0.121235 0.327679 0.014113 0.013018
0 0.540726 0.307326 0.039452 0.051828
5 0.530476 0.352981 0.070973 0.145386
3 0.332225 0.332737 0.010786 0.013560
0 0.162954 0.318025 0.016396 0.025689
5 0.257587 0.419894 0.055716 0.325019
5 0.343537 0.395803 0.035978 0.189588
3 0.258865 0.296643 0.013427 0.015128
5 0.505909 0.377041 0.037353 0.123431
5 0.308187 0.391042 0.061981 0.201657
8 0.962133 0.860078 0.075040 0.279715
5 0.209865 0.424244 0.075000 0.413453
5 0.406943 0.406369 0.051321 0.225637
3 0.407288 0.359277 0.015698 0.027946
5 0.410571 0.397355 0.031301 0.203009
7 0.535091 0.386454 0.053751 0.061072
5 0.559921 0.448299 0.061397 0.289950
5 0.147929 0.464690 0.061270 0.335483
7 0.266850 0.339395 0.028864 0.060868
8 0.971026 0.910130 0.057948 0.179740
5 0.543589 0.338327 0.052386 0.116204
0 0.333796 0.311553 0.021048 0.021707
7 0.571142 0.359057 0.026779 0.029517
3 0.017727 0.317266 0.013607 0.014923
