5 0.235096 0.243901 0.469629 0.487490
8 0.733856 0.744821 0.530826 0.510085
7 0.515965 0.390090 0.086598 0.158546
4 0.235827 0.353921 0.471230 0.270523
7 0.716022 0.339674 0.086006 0.160752
5 0.538910 0.366845 0.137948 0.241470
1 0.286696 0.186752 0.367518 0.370384
7 0.829936 0.313527 0.076873 0.132615
5 0.304043 0.887635 0.161147 0.223828
5 0.407242 0.883051 0.119714 0.233522
5 0.728858 0.339309 0.161421 0.296022
8 0.870975 0.243798 0.257320 0.487507
0 0.438627 0.811435 0.038125 0.037984
0 0.394702 0.788957 0.050856 0.047430
8 0.395756 0.742670 0.149121 0.507011
5 0.856055 0.334255 0.167749 0.305221
7 0.953646 0.330024 0.084171 0.151591
7 0.292261 0.912657 0.084693 0.140598
0 0.863163 0.227574 0.039569 0.038307
0 0.057608 0.860228 0.049347 0.044291
0 0.818188 0.205387 0.050025 0.048791
5 0.097184 0.911872 0.159977 0.175214
7 0.414624 0.903431 0.087821 0.147049
0 0.907029 0.231072 0.051184 0.050835
7 0.087370 0.947569 0.091627 0.104863
0 0.689520 0.218571 0.042402 0.040181
5 0.680148 0.383779 0.104004 0.208771
0 0.295349 0.832974 0.030584 0.036512
0 0.488132 0.275266 0.039409 0.042232
0 0.718616 0.248957 0.030836 0.034597
0 0.264297 0.800256 0.045292 0.043826
5 0.442336 0.894693 0.057215 0.209930
5 0.939685 0.343972 0.113930 0.290095
5 0.900206 0.347630 0.116453 0.278867
7 0.673499 0.396299 0.064160 0.138499
0 0.655663 0.302714 0.040529 0.036575
3 0.060175 0.901123 0.027286 0.027737
5 0.241192 0.932662 0.092053 0.134246
7 0.890956 0.325568 0.071956 0.129971
3 0.485051 0.317517 0.026173 0.027992
5 0.765575 0.366232 0.088178 0.244509
7 0.447821 0.896024 0.043595 0.131500
7 0.236691 0.949366 0.065630 0.099613
7 0.762149 0.364104 0.037597 0.102755
0 0.230548 0.884059 0.038854 0.030946
0 0.230004 0.891371 0.038407 0.024122
7 0.216993 0.946956 0.066199 0.103828
3 0.873305 0.261010 0.020332 0.020724
3 0.879713 0.261330 0.021000 0.022571
8 0.051478 0.751260 0.102568 0.495922
8 0.502510 0.239689 0.068939 0.479378
5 0.499247 0.365005 0.058610 0.246974
0 0.305398 0.025432 0.324594 0.050865
5 0.632104 0.834012 0.029865 0.055303
3 0.265127 0.832742 0.020305 0.022752
5 0.534788 0.930102 0.036667 0.057344
