5 0.200023 0.193547 0.399859 0.387074
5 0.702175 0.194467 0.595649 0.386854
5 0.200827 0.563974 0.401297 0.353211
3 0.333455 0.946292 0.134492 0.107286
1 0.199428 0.266919 0.398643 0.243439
5 0.512063 0.742347 0.225763 0.515305
4 0.274201 0.601776 0.252536 0.241241
4 0.766128 0.875122 0.218667 0.249755
5 0.208632 0.843320 0.385462 0.313359
5 0.737538 0.799685 0.335633 0.398766
0 0.825752 0.664717 0.126059 0.103598
4 0.551030 0.293133 0.287519 0.191029
0 0.479052 0.550346 0.155513 0.113939
2 0.343860 0.770287 0.113016 0.122830
3 0.804128 0.739869 0.072806 0.051048
3 0.499674 0.648546 0.065442 0.069038
2 0.202317 0.047777 0.391683 0.095520
4 0.461383 0.822671 0.122110 0.349488
3 0.502694 0.371591 0.094416 0.032723
2 0.050730 0.881248 0.100992 0.215401
3 0.377357 0.449429 0.044759 0.102159
2 0.208612 0.024150 0.382839 0.048299
5 0.784801 0.061529 0.346781 0.122604
3 0.432333 0.942386 0.064464 0.115228
