8 0.814294 0.571353 0.370274 0.322466
7 0.573655 0.156719 0.075989 0.136941
7 0.414672 0.180165 0.085169 0.167825
5 0.333584 0.182708 0.102422 0.305607
7 0.340249 0.165230 0.072772 0.129791
8 0.185376 0.745340 0.370752 0.478779
5 0.079727 0.125565 0.094778 0.250021
7 0.257704 0.171875 0.105233 0.185149
7 0.038671 0.122879 0.077342 0.143931
7 0.173215 0.128103 0.083585 0.119989
5 0.564764 0.211377 0.123141 0.373017
7 0.499179 0.141561 0.065023 0.120547
7 0.379376 0.094666 0.050166 0.097243
7 0.089537 0.103955 0.062156 0.119269
5 0.491210 0.192163 0.125309 0.328259
5 0.400738 0.214859 0.133274 0.396929
5 0.250851 0.204556 0.130574 0.406176
7 0.536792 0.117818 0.053069 0.100495
0 0.513075 0.044765 0.034319 0.030051
0 0.262749 0.029708 0.048578 0.047976
5 0.169593 0.172744 0.112454 0.340850
0 0.583144 0.047881 0.044200 0.035649
5 0.041896 0.203198 0.083793 0.402393
0 0.055853 0.018444 0.041155 0.036566
5 0.531073 0.175038 0.082728 0.298148
0 0.425492 0.037931 0.051529 0.048159
3 0.574283 0.082343 0.023580 0.022648
5 0.449249 0.162163 0.070416 0.279631
7 0.214216 0.100392 0.045612 0.102901
0 0.330629 0.054024 0.020704 0.028364
0 0.090264 0.012936 0.036040 0.025407
5 0.308398 0.138062 0.063207 0.195055
5 0.368972 0.153702 0.078106 0.291384
0 0.354249 0.049404 0.037775 0.043115
0 0.386205 0.015715 0.030648 0.026315
7 0.451172 0.128818 0.046446 0.092530
7 0.315495 0.117560 0.032257 0.076576
0 0.208505 0.016339 0.033769 0.031023
5 0.209108 0.153019 0.080225 0.302074
0 0.194914 0.019055 0.033932 0.033837
7 0.009614 0.063613 0.019229 0.063352
3 0.049943 0.055319 0.021787 0.019269
3 0.415986 0.081467 0.022575 0.020176
5 0.015496 0.120428 0.030991 0.234826
3 0.083446 0.040598 0.016299 0.015231
3 0.188093 0.056422 0.022383 0.020328
3 0.508952 0.077069 0.020284 0.017906
3 0.338978 0.087440 0.017823 0.018310
5 0.607496 0.206201 0.043973 0.379968
3 0.254845 0.076563 0.017751 0.019935
7 0.010541 0.094928 0.021082 0.126418
3 0.385486 0.045114 0.018910 0.018570
5 0.223166 0.108759 0.033787 0.142523
5 0.599665 0.190546 0.050582 0.325611
7 0.228495 0.103624 0.021529 0.090256
3 0.184612 0.065885 0.020774 0.024215
5 0.050958 0.123117 0.076909 0.245832
5 0.383596 0.122828 0.054991 0.241072
3 0.081952 0.034924 0.016067 0.013769
5 0.142354 0.137209 0.075313 0.265213
