8 0.752493 0.209523 0.494636 0.418753
5 0.654153 0.708754 0.287816 0.580062
5 0.254775 0.257920 0.506360 0.320873
5 0.863423 0.707952 0.273014 0.582161
9 0.345220 0.579414 0.294704 0.275831
9 0.122021 0.584757 0.239754 0.294188
5 0.652402 0.209979 0.285995 0.416678
7 0.882218 0.625218 0.235556 0.292624
7 0.583887 0.230849 0.115212 0.327174
2 0.254587 0.260104 0.509174 0.268720
7 0.637133 0.590296 0.257295 0.330154
9 0.061870 0.774969 0.123129 0.448626
3 0.946061 0.457586 0.089402 0.044885
3 0.611243 0.435222 0.069838 0.031483
3 0.598448 0.009773 0.041282 0.019536
0 0.598239 0.012453 0.044423 0.024907
