5 0.209590 0.719936 0.418410 0.559832
8 0.802019 0.720565 0.395050 0.556831
9 0.719443 0.340593 0.557718 0.196168
5 0.257136 0.250628 0.172764 0.373933
1 0.092712 0.731328 0.184968 0.370192
7 0.278498 0.194343 0.080462 0.138268
7 0.412136 0.216774 0.058360 0.155346
7 0.371738 0.163809 0.054645 0.091318
5 0.397159 0.261798 0.089624 0.356591
5 0.157726 0.158859 0.070832 0.214496
5 0.366637 0.202519 0.076171 0.262760
6 0.463850 0.296312 0.051248 0.112495
6 0.592570 0.265037 0.043703 0.089414
0 0.380487 0.086918 0.024116 0.023366
4 0.159657 0.927355 0.319259 0.145122
6 0.819049 0.219563 0.018082 0.044239
6 0.722566 0.242982 0.026865 0.064163
0 0.290447 0.065059 0.029927 0.029708
5 0.853251 0.517197 0.052162 0.077801
7 0.286601 0.145372 0.053554 0.075816
7 0.243579 0.143732 0.040426 0.084723
6 0.783217 0.216407 0.028142 0.074247
5 0.242185 0.151571 0.061100 0.167391
7 0.158978 0.132498 0.039612 0.081559
0 0.244925 0.079338 0.021149 0.021535
5 0.298926 0.115189 0.066580 0.136545
7 0.315060 0.150247 0.026388 0.081111
6 0.770286 0.216254 0.025734 0.072569
0 0.166873 0.065453 0.030730 0.024459
5 0.305876 0.154408 0.054911 0.197486
6 0.952611 0.172078 0.011819 0.024411
0 0.291511 0.086407 0.039667 0.038755
6 0.657393 0.145739 0.007631 0.018451
0 0.426676 0.102200 0.028476 0.034903
6 0.541739 0.133088 0.007651 0.018678
6 0.696449 0.151681 0.008163 0.018862
6 0.838336 0.201858 0.014447 0.036158
6 0.768018 0.158401 0.007372 0.019342
6 0.617667 0.145268 0.007390 0.019629
7 0.165753 0.121523 0.035871 0.060565
6 0.732780 0.152069 0.006957 0.017085
6 0.495102 0.130008 0.007819 0.015684
2 0.111257 0.496851 0.222514 0.113466
0 0.424963 0.114007 0.030036 0.034821
5 0.417275 0.186198 0.042139 0.173315
6 0.862845 0.189357 0.008265 0.023698
3 0.379462 0.114831 0.017565 0.015311
0 0.422430 0.107940 0.022585 0.023705
0 0.292036 0.093832 0.034007 0.024311
6 0.864775 0.186489 0.013144 0.036262
0 0.165171 0.073615 0.029883 0.033822
