5 0.250364 0.228892 0.499486 0.456831
5 0.251140 0.728987 0.499399 0.540585
5 0.654601 0.563092 0.310704 0.207967
5 0.580823 0.787746 0.161520 0.423707
2 0.771476 0.486381 0.070361 0.055177
1 0.204099 0.155629 0.408198 0.311258
4 0.250841 0.307545 0.501464 0.307313
4 0.549958 0.733707 0.100616 0.193734
4 0.605416 0.495586 0.208415 0.072613
0 0.544238 0.615504 0.089869 0.071387
4 0.206240 0.521595 0.412431 0.121616
3 0.720401 0.503861 0.040835 0.031018
1 0.322364 0.509172 0.358576 0.100608
1 0.244102 0.524829 0.488203 0.130058
