5 0.134072 0.204698 0.267495 0.409170
8 0.134743 0.701462 0.269273 0.589513
8 0.633527 0.206743 0.728168 0.404782
2 0.134842 0.105486 0.269683 0.210972
4 0.778231 0.912942 0.136692 0.174000
1 0.134720 0.295182 0.269255 0.230089
2 0.780929 0.767764 0.065278 0.076030
5 0.786440 0.861874 0.180273 0.275098
8 0.103659 0.445290 0.169234 0.074041
5 0.925893 0.703894 0.145217 0.588938
0 0.917044 0.431514 0.096911 0.045984
5 0.964864 0.703602 0.069758 0.592719
4 0.951308 0.581103 0.090625 0.201877
3 0.793258 0.822752 0.033198 0.040155
