5 0.165132 0.189666 0.329065 0.379274
5 0.164533 0.842501 0.329067 0.313747
9 0.810675 0.768009 0.077931 0.080264
4 0.852926 0.110201 0.102430 0.191875
1 0.190278 0.186058 0.286168 0.344287
9 0.749570 0.768299 0.045385 0.054630
4 0.954364 0.131793 0.091271 0.263344
5 0.703731 0.264259 0.097742 0.228954
7 0.438423 0.188221 0.064125 0.136269
5 0.841447 0.189412 0.181791 0.378477
5 0.437400 0.220503 0.115304 0.316216
5 0.929163 0.189345 0.141675 0.378690
5 0.365571 0.239483 0.074556 0.266023
4 0.705517 0.237880 0.059093 0.088274
0 0.726843 0.172650 0.028371 0.032266
9 0.457909 0.714959 0.028638 0.038691
4 0.358456 0.195860 0.056276 0.086575
0 0.458239 0.088071 0.039219 0.040929
9 0.584109 0.742347 0.025644 0.027596
2 0.235918 0.023732 0.188620 0.047463
2 0.278912 0.803275 0.100552 0.151266
0 0.372124 0.124962 0.025245 0.028779
9 0.572269 0.732024 0.037210 0.047391
4 0.163434 0.337423 0.325172 0.085381
4 0.438028 0.188587 0.059754 0.132554
2 0.372087 0.124935 0.024611 0.027984
0 0.859081 0.008306 0.051968 0.016018
