5 0.350218 0.250566 0.695750 0.497148
5 0.353545 0.748961 0.706498 0.499919
8 0.849634 0.250814 0.299693 0.498722
7 0.953876 0.780778 0.055959 0.079234
1 0.254107 0.343337 0.502815 0.311258
5 0.942167 0.804467 0.085505 0.130061
2 0.253137 0.079003 0.493175 0.156985
5 0.936339 0.703882 0.074888 0.156344
4 0.266601 0.580105 0.523164 0.158764
0 0.960107 0.762895 0.025290 0.036589
5 0.875221 0.835361 0.064694 0.104669
7 0.938397 0.671984 0.045224 0.071155
7 0.881177 0.817222 0.038327 0.059835
5 0.832245 0.989103 0.036025 0.021057
0 0.933175 0.647887 0.015916 0.030836
0 0.877085 0.803296 0.018000 0.036226
0 0.933220 0.638941 0.014585 0.025167
5 0.765039 0.968127 0.036422 0.053985
