5 0.845203 0.362840 0.308661 0.707614
3 0.846356 0.488101 0.306834 0.335216
2 0.846944 0.140064 0.306113 0.226253
4 0.488536 0.127546 0.085163 0.126103
5 0.175028 0.566612 0.342325 0.305331
5 0.329553 0.091853 0.150642 0.181561
5 0.593138 0.282120 0.137793 0.358192
5 0.491720 0.125063 0.162264 0.249751
4 0.320732 0.074396 0.074405 0.109925
2 0.268047 0.081511 0.082157 0.065179
2 0.158047 0.022847 0.061715 0.045599
8 0.368923 0.847295 0.632959 0.256671
5 0.244492 0.235241 0.201844 0.379342
5 0.124645 0.201605 0.155739 0.402802
4 0.216343 0.237746 0.102153 0.181644
7 0.594393 0.259996 0.077928 0.150339
0 0.595870 0.129556 0.045743 0.055836
4 0.131330 0.126787 0.072548 0.135958
4 0.843606 0.634777 0.308922 0.167611
1 0.486143 0.056778 0.040125 0.031571
5 0.209042 0.034457 0.096615 0.068320
4 0.070318 0.063845 0.064954 0.104003
2 0.495152 0.013617 0.067174 0.026735
5 0.052340 0.189897 0.100498 0.378775
4 0.205530 0.034740 0.061019 0.069446
1 0.589499 0.179807 0.025368 0.032638
1 0.270150 0.146002 0.033628 0.033256
1 0.303204 0.009387 0.032305 0.018255
1 0.163845 0.064690 0.028410 0.024851
4 0.020455 0.084063 0.040746 0.160548
5 0.022426 0.203086 0.044851 0.361697
8 0.377535 0.582958 0.624051 0.271353
5 0.369125 0.008068 0.035027 0.016044
5 0.650884 0.289580 0.079384 0.365782
1 0.156632 0.065755 0.025242 0.023838
4 0.075683 0.119091 0.086612 0.200009
7 0.670912 0.229351 0.036101 0.162213
1 0.597678 0.180375 0.025912 0.027860
