5 0.357678 0.189718 0.712969 0.377908
5 0.173866 0.689578 0.345098 0.617571
1 0.208163 0.181016 0.415629 0.323865
7 0.809555 0.857732 0.108038 0.165835
0 0.736188 0.723312 0.037975 0.041418
7 0.737024 0.866555 0.055136 0.160935
0 0.053299 0.426562 0.106480 0.092283
0 0.947522 0.676868 0.047079 0.046468
5 0.909477 0.834589 0.169554 0.328733
7 0.172933 0.675498 0.198961 0.397645
5 0.813636 0.851301 0.144564 0.295906
0 0.986176 0.695128 0.027648 0.053556
0 0.844626 0.697430 0.041164 0.044597
0 0.886812 0.695516 0.050403 0.046512
7 0.854236 0.782462 0.056969 0.082198
5 0.871496 0.269500 0.198911 0.217499
0 0.771932 0.694086 0.039574 0.038948
7 0.904600 0.826650 0.127170 0.171493
0 0.796767 0.732541 0.042082 0.045133
3 0.953614 0.719658 0.029369 0.025363
5 0.953050 0.831796 0.093886 0.335070
0 0.860329 0.266732 0.037491 0.045667
3 0.742771 0.761531 0.025330 0.022288
7 0.954720 0.792604 0.081198 0.127642
5 0.759645 0.852672 0.095588 0.294419
7 0.865756 0.352184 0.084845 0.052130
3 0.889731 0.741612 0.030685 0.025306
5 0.965924 0.238926 0.067405 0.282325
5 0.857031 0.840609 0.127299 0.318285
3 0.797186 0.774623 0.024481 0.021736
7 0.768124 0.844222 0.062233 0.136367
7 0.972068 0.846916 0.055803 0.214109
3 0.082464 0.492428 0.034508 0.062453
3 0.850480 0.739024 0.023917 0.020818
7 0.770771 0.767734 0.031535 0.039848
4 0.357118 0.315023 0.707646 0.128375
2 0.214231 0.029968 0.421304 0.059814
3 0.858475 0.311523 0.028234 0.029750
7 0.717153 0.763274 0.018321 0.052553
7 0.986752 0.317846 0.026495 0.120709
3 0.769964 0.730864 0.019401 0.021110
5 0.970824 0.825047 0.058310 0.349620
7 0.760327 0.796897 0.052837 0.062573
7 0.761823 0.818731 0.060982 0.097246
0 0.971629 0.290373 0.033212 0.039806
