5 0.834385 0.329439 0.330341 0.656827
8 0.834671 0.828853 0.329431 0.341768
5 0.335453 0.356813 0.670627 0.606149
4 0.833896 0.532243 0.331896 0.253418
1 0.835515 0.262405 0.328704 0.362740
8 0.820558 0.728065 0.182689 0.138053
2 0.407247 0.201408 0.515073 0.215627
1 0.388242 0.482646 0.545480 0.342843
0 0.830540 0.062160 0.326130 0.120249
5 0.319979 0.953957 0.638967 0.090856
4 0.335223 0.609897 0.670446 0.098275
5 0.681314 0.772514 0.025171 0.093414
2 0.830089 0.063627 0.326750 0.127254
4 0.328598 0.975762 0.192156 0.048158
5 0.688721 0.781483 0.036900 0.120461
