5 0.279698 0.739670 0.559081 0.519978
5 0.778968 0.740287 0.441545 0.519413
5 0.279785 0.311385 0.559291 0.336125
2 0.703314 0.596482 0.207082 0.229755
1 0.243700 0.889326 0.449402 0.221214
1 0.715080 0.895564 0.175321 0.198113
2 0.229349 0.596533 0.453759 0.233593
1 0.262516 0.404854 0.505771 0.152413
2 0.183347 0.249371 0.366659 0.182934
7 0.789916 0.068337 0.161012 0.136614
5 0.786521 0.182338 0.188627 0.364676
4 0.749409 0.957382 0.370831 0.085111
5 0.702294 0.028377 0.072218 0.056230
5 0.736839 0.028940 0.054627 0.057083
