5 0.264594 0.298280 0.527791 0.596264
5 0.764485 0.886403 0.468665 0.226211
4 0.264417 0.506406 0.527609 0.189774
1 0.295211 0.274444 0.452140 0.278496
7 0.877256 0.101796 0.045826 0.069985
5 0.794953 0.082431 0.101999 0.164863
7 0.786593 0.043389 0.074100 0.086778
5 0.881970 0.135732 0.068104 0.149206
2 0.810505 0.879253 0.378991 0.175397
5 0.945427 0.257878 0.056663 0.102948
2 0.281759 0.051462 0.495438 0.102773
5 0.887577 0.231485 0.101230 0.125455
7 0.868532 0.212032 0.054884 0.080557
7 0.942012 0.238481 0.040222 0.055402
0 0.863162 0.193631 0.025778 0.039439
0 0.876074 0.082008 0.026735 0.037972
5 0.989843 0.432114 0.020149 0.079550
7 0.993150 0.414836 0.013265 0.033111
3 0.776647 0.008784 0.021339 0.017567
7 0.866311 0.199318 0.041223 0.052959
0 0.940559 0.230248 0.032077 0.044580
1 0.816633 0.982696 0.364631 0.033815
0 0.993445 0.411888 0.012995 0.029487
