5 0.279324 0.321204 0.556282 0.574039
1 0.191495 0.767207 0.079758 0.084752
1 0.292942 0.470338 0.499917 0.273075
2 0.875416 0.858919 0.247042 0.129020
5 0.238295 0.805042 0.470576 0.389009
5 0.692123 0.866765 0.261420 0.265369
0 0.186738 0.661059 0.107557 0.096715
7 0.211063 0.899081 0.224758 0.201547
5 0.802993 0.877157 0.393199 0.245138
1 0.841708 0.963128 0.185561 0.073248
2 0.227635 0.228512 0.455270 0.302596
2 0.948513 0.760350 0.102965 0.082410
5 0.952755 0.814281 0.094459 0.200379
1 0.975954 0.851430 0.047980 0.087498
2 0.602441 0.851592 0.086538 0.126771
5 0.604226 0.885617 0.087650 0.221206
1 0.939662 0.973599 0.120147 0.052331
1 0.940965 0.961237 0.117875 0.077011
2 0.608293 0.801273 0.094379 0.083464
1 0.784527 0.974009 0.066025 0.051983
1 0.980679 0.879615 0.038516 0.079709
