5 0.164715 0.288849 0.327477 0.359289
5 0.190146 0.732694 0.274132 0.530971
5 0.862218 0.814000 0.275058 0.370031
7 0.882307 0.891244 0.235372 0.214081
0 0.914215 0.676419 0.155646 0.082591
5 0.604236 0.787024 0.397766 0.425817
7 0.590316 0.875229 0.308889 0.248209
0 0.600249 0.630367 0.168913 0.091288
1 0.239778 0.420211 0.177324 0.095920
2 0.210518 0.220541 0.235271 0.194719
5 0.881073 0.366664 0.157383 0.208900
2 0.617222 0.423764 0.067959 0.056043
4 0.876279 0.416175 0.111177 0.112592
4 0.211116 0.775626 0.238380 0.447723
5 0.048502 0.733738 0.096976 0.529147
7 0.381451 0.855083 0.106926 0.289767
2 0.903081 0.287073 0.050727 0.036039
3 0.596295 0.726357 0.081939 0.042500
4 0.038191 0.798966 0.076115 0.392378
3 0.902719 0.761295 0.087032 0.041908
3 0.898357 0.342196 0.037614 0.037210
1 0.299510 0.525291 0.062222 0.115796
0 0.348156 0.564059 0.038055 0.105335
5 0.396240 0.770247 0.137038 0.458860
7 0.213391 0.782017 0.241673 0.435059
1 0.008316 0.561659 0.016631 0.078149
