5 0.352444 0.433379 0.704883 0.637666
1 0.196534 0.516549 0.391844 0.244176
7 0.781634 0.875151 0.162669 0.249498
8 0.867113 0.270062 0.265528 0.299377
5 0.788631 0.874556 0.178023 0.250269
0 0.636379 0.948403 0.056452 0.063745
2 0.254739 0.249053 0.501866 0.227664
5 0.907163 0.802315 0.041632 0.104513
4 0.841548 0.795790 0.027587 0.090218
5 0.538965 0.892059 0.031208 0.119860
4 0.539739 0.871681 0.015513 0.030284
4 0.353568 0.664618 0.703577 0.168467
0 0.541094 0.844998 0.014239 0.018487
5 0.628979 0.955413 0.099293 0.088638
5 0.864835 0.774642 0.028892 0.049695
5 0.910043 0.296840 0.020829 0.045576
5 0.878818 0.775323 0.028792 0.050635
5 0.907283 0.289729 0.017252 0.032486
4 0.905977 0.773794 0.019540 0.036491
4 0.840699 0.773582 0.021490 0.043781
4 0.914463 0.773589 0.014883 0.040232
5 0.857134 0.773905 0.024264 0.047180
