5 0.253515 0.175107 0.506707 0.350122
5 0.755052 0.178720 0.488966 0.344956
8 0.678134 0.523232 0.335366 0.344696
4 0.636647 0.183504 0.251543 0.198074
8 0.878295 0.682194 0.240842 0.366009
0 0.273408 0.604880 0.077946 0.088410
0 0.137330 0.584853 0.072583 0.093029
5 0.152746 0.768272 0.190002 0.463456
4 0.148598 0.803559 0.121889 0.246839
4 0.305301 0.827162 0.114693 0.251035
2 0.285450 0.083037 0.448084 0.165478
3 0.284020 0.688028 0.041386 0.040953
5 0.315416 0.776118 0.190585 0.447765
0 0.451044 0.564568 0.115669 0.200618
3 0.145321 0.668819 0.038546 0.036967
2 0.026768 0.606925 0.053222 0.056335
1 0.306580 0.249441 0.391808 0.203186
2 0.384538 0.592126 0.063292 0.072669
5 0.057675 0.786228 0.115106 0.426533
3 0.017912 0.700239 0.035179 0.055181
4 0.468070 0.859903 0.075215 0.280051
5 0.444151 0.755342 0.129485 0.486120
4 0.020266 0.852526 0.039787 0.251834
3 0.471440 0.685682 0.050647 0.059168
3 0.408694 0.695858 0.043996 0.048580
0 0.523695 0.086082 0.029963 0.058339
4 0.179638 0.214410 0.359277 0.273214
4 0.408736 0.811104 0.041705 0.194168
3 0.494056 0.672881 0.027252 0.061414
