5 0.708796 0.736863 0.579500 0.524539
7 0.181938 0.128514 0.097968 0.169170
1 0.666037 0.861856 0.444980 0.218292
7 0.288780 0.122503 0.078388 0.157227
7 0.089919 0.120595 0.128120 0.168002
7 0.350984 0.110555 0.081105 0.151122
2 0.661174 0.620261 0.490485 0.244495
5 0.094933 0.224052 0.162927 0.447488
7 0.124983 0.065283 0.056991 0.081332
0 0.173933 0.010755 0.038248 0.021310
5 0.298014 0.200847 0.111504 0.401666
5 0.240533 0.187722 0.102017 0.375444
5 0.358573 0.197112 0.108437 0.393999
5 0.191101 0.209811 0.125022 0.418903
7 0.020947 0.139918 0.041806 0.238295
7 0.385262 0.028583 0.042677 0.056969
5 0.043651 0.212234 0.087276 0.423735
3 0.119892 0.019776 0.025413 0.020257
4 0.709735 0.929445 0.579924 0.140820
7 0.401566 0.098635 0.036603 0.171776
7 0.229452 0.114905 0.062520 0.146030
3 0.232624 0.016217 0.027121 0.024394
5 0.146472 0.181108 0.101286 0.362213
5 0.390650 0.184479 0.057628 0.368959
3 0.013448 0.025634 0.025562 0.023937
3 0.349705 0.024879 0.026181 0.023315
3 0.180298 0.041902 0.025218 0.023059
3 0.281050 0.023534 0.023219 0.021442
3 0.081088 0.033756 0.027207 0.023761
7 0.297126 0.025713 0.080908 0.051360
7 0.317232 0.024140 0.059087 0.048280
7 0.205192 0.039433 0.029651 0.054614
7 0.248892 0.017138 0.056910 0.034146
7 0.040900 0.105638 0.073386 0.142072
7 0.398830 0.066718 0.041003 0.113548
7 0.367553 0.025102 0.062011 0.050160
7 0.345874 0.015982 0.059581 0.031963
5 0.261133 0.140689 0.067965 0.279800
5 0.035733 0.139107 0.071466 0.278213
7 0.318352 0.016427 0.044813 0.032791
7 0.392639 0.041018 0.048445 0.080377
7 0.278015 0.018349 0.040435 0.035081
5 0.063566 0.753083 0.126824 0.493298
5 0.401469 0.129913 0.034006 0.259826
4 0.052597 0.915380 0.105140 0.169103
5 0.324200 0.179964 0.087813 0.359928
