5 0.159829 0.295735 0.318939 0.586975
1 0.164317 0.409801 0.312375 0.276003
9 0.370209 0.712455 0.099530 0.172617
2 0.189288 0.126465 0.263518 0.235459
7 0.484636 0.726409 0.137791 0.276329
8 0.096634 0.777367 0.193144 0.375520
7 0.908796 0.060184 0.166460 0.119575
5 0.865238 0.243841 0.269263 0.486592
5 0.488597 0.794338 0.198031 0.410882
5 0.165997 0.920038 0.027994 0.088301
7 0.542862 0.666205 0.077618 0.149795
5 0.544281 0.783443 0.108531 0.391996
4 0.159309 0.526165 0.317406 0.125230
7 0.167363 0.910004 0.017785 0.041876
0 0.170563 0.883367 0.012451 0.014739
