5 0.784786 0.229247 0.429983 0.457430
5 0.285606 0.230326 0.570048 0.459827
8 0.224625 0.888487 0.212656 0.223026
8 0.060830 0.876346 0.121352 0.246147
4 0.785211 0.362247 0.428951 0.194589
1 0.750041 0.165823 0.365529 0.288235
2 0.626556 0.562650 0.113739 0.125188
5 0.727783 0.743131 0.315720 0.512298
1 0.347221 0.246256 0.444911 0.283371
1 0.658833 0.753481 0.088401 0.176121
8 0.515929 0.952242 0.110787 0.095516
2 0.342488 0.035102 0.453154 0.070109
4 0.646002 0.921580 0.157285 0.156285
2 0.333014 0.022991 0.467084 0.045982
4 0.280841 0.421160 0.561382 0.076468
