5 0.259603 0.723279 0.518708 0.551769
5 0.260057 0.225164 0.520114 0.450328
8 0.759538 0.724793 0.480584 0.547822
4 0.284996 0.260287 0.467271 0.382571
8 0.945905 0.062989 0.028880 0.032064
4 0.260222 0.858740 0.519146 0.282274
1 0.396638 0.086717 0.247938 0.172578
1 0.299436 0.647896 0.447548 0.344068
9 0.645365 0.148839 0.035857 0.036213
5 0.852420 0.152875 0.059786 0.190077
9 0.707088 0.117440 0.029685 0.025266
4 0.849505 0.113017 0.032411 0.055891
0 0.986824 0.101946 0.021791 0.032367
5 0.979681 0.196619 0.040256 0.230042
9 0.922041 0.080270 0.033764 0.032010
9 0.681297 0.134350 0.031519 0.027927
0 0.842560 0.068818 0.018386 0.022334
2 0.291639 0.481119 0.445771 0.063235
9 0.793432 0.125067 0.030093 0.038707
