5 0.200334 0.144091 0.400249 0.288131
5 0.699831 0.143769 0.597868 0.287338
8 0.242270 0.727720 0.315524 0.542453
1 0.200258 0.115965 0.400016 0.231900
8 0.209908 0.554506 0.349575 0.533009
0 0.463282 0.556354 0.126630 0.195335
0 0.923304 0.400252 0.153393 0.195122
5 0.511188 0.725467 0.220046 0.548568
1 0.648171 0.104697 0.479910 0.209395
7 0.520079 0.913269 0.236768 0.173462
3 0.458953 0.764544 0.084971 0.085653
7 0.920038 0.825022 0.159877 0.347351
5 0.693151 0.643671 0.443739 0.709408
3 0.935183 0.611096 0.095557 0.112665
4 0.700728 0.195849 0.597465 0.183014
3 0.669205 0.331367 0.086032 0.079032
5 0.834121 0.648094 0.331758 0.703104
7 0.688470 0.656667 0.311541 0.619281
4 0.196281 0.244520 0.392022 0.087021
