5 0.219160 0.275596 0.438214 0.549648
8 0.218933 0.874309 0.436286 0.250906
1 0.221492 0.387156 0.442984 0.323795
7 0.632212 0.227612 0.038261 0.089093
2 0.221967 0.098064 0.439493 0.194922
4 0.611594 0.633816 0.095764 0.164272
4 0.515038 0.651847 0.099770 0.202668
4 0.767913 0.627953 0.082429 0.152261
5 0.521133 0.774823 0.142001 0.450354
5 0.632476 0.275362 0.057621 0.287030
5 0.860947 0.749717 0.101118 0.395651
5 0.612382 0.773651 0.115303 0.444141
5 0.764132 0.773242 0.108588 0.443808
4 0.861806 0.621026 0.071504 0.134757
4 0.219916 0.469457 0.439833 0.159636
0 0.638917 0.150810 0.028381 0.040465
4 0.971372 0.650347 0.052465 0.175688
5 0.962266 0.766645 0.074077 0.432506
4 0.933127 0.617649 0.040326 0.131194
5 0.931675 0.725664 0.057789 0.352817
3 0.632847 0.179969 0.012681 0.016011
