1 0.111335 0.924685 0.222669 0.150630
6 0.945951 0.851905 0.012456 0.029347
6 0.758107 0.814596 0.014683 0.037014
6 0.666024 0.784388 0.014837 0.035987
6 0.818557 0.815080 0.012593 0.033983
6 0.875363 0.851119 0.015854 0.040616
6 0.610840 0.765703 0.013995 0.032607
6 0.721819 0.790648 0.011524 0.026703
6 0.982981 0.849908 0.011630 0.022879
6 0.568758 0.751097 0.013241 0.030830
6 0.582221 0.754530 0.013216 0.029593
6 0.928502 0.836074 0.010440 0.020124
6 0.794701 0.804035 0.008893 0.019604
6 0.969497 0.839644 0.010832 0.022309
6 0.666045 0.771640 0.011223 0.022761
6 0.876035 0.838356 0.014664 0.032134
6 0.592278 0.752596 0.011476 0.026239
6 0.728196 0.788480 0.011769 0.025272
6 0.920628 0.835277 0.010280 0.020580
6 0.666063 0.774903 0.014462 0.032759
6 0.763390 0.811636 0.016728 0.040361
6 0.981254 0.844831 0.011927 0.028276
6 0.982490 0.977914 0.035019 0.043929
