5 0.189540 0.699582 0.378706 0.600478
5 0.687680 0.703148 0.617306 0.593460
1 0.264773 0.644314 0.227541 0.178097
4 0.219296 0.889969 0.320388 0.218838
4 0.884448 0.144949 0.108191 0.283197
1 0.715082 0.731850 0.455217 0.247797
2 0.262027 0.457243 0.234714 0.109777
5 0.431170 0.200333 0.104339 0.398483
5 0.686426 0.200341 0.182059 0.399781
5 0.562435 0.199698 0.174701 0.397140
5 0.883476 0.199475 0.145018 0.398364
4 0.691187 0.908721 0.615742 0.181714
2 0.682011 0.460229 0.417142 0.100684
4 0.592894 0.097821 0.087655 0.195050
4 0.697612 0.114669 0.111277 0.228750
4 0.795284 0.066256 0.050260 0.128648
4 0.428110 0.071591 0.071142 0.135596
5 0.797708 0.064558 0.057777 0.124350
5 0.039618 0.696854 0.079237 0.602151
4 0.701923 0.055190 0.093185 0.109378
4 0.257054 0.200931 0.235173 0.401861
