8 0.776785 0.250021 0.434480 0.498826
8 0.364623 0.586655 0.181450 0.170065
8 0.754948 0.373192 0.359251 0.253298
5 0.660714 0.598395 0.197696 0.194863
6 0.480354 0.270364 0.054248 0.104532
6 0.120433 0.039065 0.016156 0.036340
7 0.647857 0.531952 0.160843 0.062958
6 0.519032 0.058709 0.011405 0.021820
6 0.010668 0.044536 0.014025 0.032249
6 0.290559 0.032860 0.010194 0.021220
6 0.199779 0.032002 0.014407 0.031593
6 0.115271 0.028169 0.018296 0.042928
6 0.246356 0.026523 0.010527 0.019518
6 0.358188 0.037232 0.009466 0.020959
6 0.288375 0.031067 0.010322 0.028244
6 0.114658 0.018346 0.014128 0.029218
6 0.110742 0.019276 0.014166 0.030349
6 0.256766 0.017921 0.007310 0.018175
6 0.433631 0.046940 0.010853 0.023062
