8 0.719444 0.313688 0.559514 0.625869
5 0.788342 0.809427 0.423121 0.380363
4 0.136708 0.895990 0.116420 0.205303
4 0.286177 0.897289 0.121366 0.203503
4 0.377248 0.897784 0.111047 0.203147
4 0.847763 0.810705 0.302652 0.375215
5 0.062756 0.847554 0.125512 0.304892
0 0.067938 0.730287 0.052468 0.051219
5 0.128448 0.843275 0.186618 0.312212
0 0.310196 0.722093 0.057646 0.062941
0 0.151913 0.724172 0.060881 0.066455
0 0.385367 0.716753 0.080069 0.078358
5 0.356452 0.834045 0.163587 0.331218
5 0.271015 0.839701 0.191406 0.319021
3 0.065642 0.773600 0.030994 0.027741
3 0.307385 0.774537 0.031538 0.031023
4 0.050933 0.875098 0.101262 0.174089
3 0.147223 0.771713 0.033081 0.029706
3 0.358331 0.782331 0.031019 0.037318
