5 0.496701 0.269683 0.265166 0.538111
1 0.493075 0.120341 0.161087 0.237579
1 0.235065 0.072160 0.126283 0.143438
5 0.247910 0.269364 0.387482 0.537447
4 0.504051 0.374632 0.244936 0.329104
4 0.193710 0.598460 0.207857 0.120559
5 0.307586 0.685586 0.614125 0.292656
4 0.247437 0.349071 0.251458 0.383675
3 0.083150 0.596345 0.060521 0.106773
2 0.668478 0.163150 0.077334 0.188137
5 0.716792 0.295637 0.174248 0.485384
9 0.871553 0.974068 0.028867 0.024978
9 0.909637 0.982502 0.033986 0.029081
0 0.817289 0.976697 0.023137 0.029329
9 0.839479 0.963986 0.029337 0.026287
4 0.032490 0.600077 0.064700 0.119509
9 0.865647 0.970851 0.030783 0.026421
3 0.028542 0.598360 0.057084 0.117069
