5 0.137485 0.749836 0.274606 0.499225
1 0.178513 0.402498 0.136676 0.187589
5 0.183871 0.283564 0.367471 0.434324
2 0.748901 0.659692 0.095526 0.075764
5 0.628407 0.812131 0.178848 0.375561
5 0.783827 0.804243 0.271165 0.390915
2 0.128615 0.164160 0.152616 0.177893
4 0.050138 0.643778 0.099995 0.287171
1 0.693867 0.517080 0.066040 0.039324
5 0.702502 0.668690 0.264980 0.337662
1 0.978749 0.657340 0.042501 0.065483
5 0.251805 0.252901 0.091274 0.326899
1 0.727380 0.761850 0.061081 0.069498
5 0.316207 0.211446 0.089585 0.294396
4 0.307634 0.144120 0.046232 0.089764
4 0.783590 0.889948 0.156084 0.219072
2 0.625228 0.917437 0.066237 0.052828
2 0.969742 0.566179 0.060239 0.067792
5 0.916747 0.714997 0.166152 0.400366
2 0.564621 0.670757 0.049108 0.086336
4 0.600247 0.878910 0.120259 0.242180
5 0.667794 0.941189 0.208789 0.116648
2 0.588560 0.982635 0.079798 0.034731
5 0.754463 0.540211 0.178733 0.082155
1 0.644028 0.988986 0.059219 0.021911
4 0.237301 0.199052 0.048898 0.109973
5 0.952911 0.743938 0.093424 0.437005
5 0.631911 0.547423 0.175807 0.095531
5 0.937976 0.540690 0.121693 0.082750
5 0.595873 0.549702 0.109400 0.100198
4 0.698845 0.662242 0.175856 0.282927
3 0.554607 0.756915 0.031756 0.045861
2 0.291493 0.061490 0.022241 0.021755
2 0.234939 0.095664 0.022399 0.026567
5 0.490493 0.135426 0.091903 0.270671
5 0.899192 0.637442 0.197261 0.273035
5 0.656999 0.976385 0.208234 0.047231
4 0.759632 0.534705 0.112400 0.068188
2 0.294182 0.067030 0.025266 0.025978
4 0.226518 0.184053 0.044697 0.087590
