1 0.432818 0.348122 0.063707 0.066649
5 0.248344 0.750729 0.494352 0.498313
5 0.451963 0.354899 0.246851 0.289339
5 0.772983 0.835515 0.331773 0.327949
1 0.146163 0.154225 0.074370 0.076810
5 0.471279 0.268972 0.266673 0.467472
1 0.257176 0.792984 0.212099 0.289743
1 0.259151 0.407339 0.057996 0.062326
4 0.818028 0.862548 0.179693 0.207152
2 0.442987 0.256499 0.081859 0.066146
5 0.139372 0.260430 0.232400 0.478532
2 0.257059 0.070747 0.078035 0.066017
1 0.255172 0.161383 0.068891 0.072174
2 0.326911 0.566274 0.188748 0.132536
2 0.454617 0.081936 0.083025 0.081543
1 0.063286 0.072304 0.063548 0.058805
5 0.233828 0.382444 0.277342 0.233867
2 0.150141 0.053887 0.078627 0.068534
4 0.132962 0.348992 0.182235 0.299453
0 0.797221 0.714308 0.137971 0.064076
5 0.273703 0.220896 0.166093 0.384123
1 0.461435 0.172322 0.075660 0.062510
5 0.059984 0.139909 0.119854 0.279454
4 0.189632 0.940351 0.379243 0.119139
9 0.728744 0.424389 0.026808 0.028948
9 0.677625 0.458706 0.034159 0.039468
2 0.269232 0.308592 0.082829 0.086846
5 0.443921 0.104279 0.204343 0.207123
9 0.790952 0.433745 0.028820 0.034454
2 0.640737 0.534960 0.058631 0.059520
2 0.066005 0.013012 0.071651 0.026012
8 0.767828 0.472606 0.058176 0.054738
4 0.279092 0.261161 0.108475 0.164306
3 0.741938 0.752515 0.036497 0.034420
5 0.250070 0.074658 0.181459 0.147573
5 0.575495 0.152711 0.067869 0.303058
5 0.441443 0.048521 0.198272 0.096394
4 0.402726 0.092894 0.071294 0.136977
5 0.042380 0.290560 0.084761 0.418510
9 0.895414 0.396640 0.022012 0.026546
4 0.255783 0.030608 0.129223 0.061216
4 0.434257 0.441225 0.180646 0.117696
5 0.256617 0.042047 0.181143 0.084026
3 0.624726 0.559417 0.027878 0.030117
9 0.686249 0.444551 0.027054 0.027768
4 0.056784 0.168652 0.098875 0.161127
1 0.448500 0.045897 0.058151 0.032111
9 0.973400 0.422740 0.023691 0.025307
5 0.646124 0.629009 0.072640 0.257868
5 0.425795 0.147618 0.197078 0.232185
9 0.692097 0.435581 0.016217 0.018892
2 0.266892 0.318778 0.047578 0.082550
1 0.441959 0.032155 0.046607 0.026591
2 0.564828 0.201390 0.035601 0.051813
5 0.574108 0.327015 0.067670 0.356747
5 0.574722 0.259587 0.066299 0.519174
9 0.858580 0.404738 0.018610 0.017925
4 0.031994 0.366183 0.063988 0.267893
5 0.035190 0.362259 0.070380 0.275106
5 0.073766 0.056856 0.147237 0.111989
2 0.632461 0.536431 0.042193 0.039255
1 0.455183 0.034300 0.067309 0.030469
