5 0.631443 0.809860 0.728495 0.380023
5 0.131856 0.337165 0.245165 0.551057
8 0.666013 0.289314 0.241530 0.272827
1 0.506714 0.796790 0.449030 0.359131
8 0.444275 0.304007 0.229095 0.337677
1 0.112597 0.200129 0.076787 0.077331
8 0.951135 0.346791 0.097730 0.171551
1 0.016245 0.456300 0.032242 0.060541
2 0.104120 0.104454 0.081432 0.075639
1 0.019325 0.215116 0.038650 0.071151
1 0.194243 0.116618 0.058948 0.055714
4 0.196861 0.222891 0.114116 0.154299
2 0.180964 0.040074 0.073922 0.064465
4 0.124518 0.405351 0.171961 0.308732
5 0.188905 0.147527 0.158090 0.286359
9 0.844163 0.370482 0.117169 0.059854
5 0.095171 0.469751 0.190059 0.300280
5 0.908108 0.364774 0.022496 0.047210
2 0.018671 0.135115 0.037240 0.063460
2 0.017740 0.357920 0.035480 0.091251
4 0.069137 0.559961 0.138236 0.118869
5 0.210266 0.395964 0.119915 0.434247
4 0.593922 0.952767 0.649537 0.094094
5 0.070513 0.092612 0.139980 0.184498
5 0.050277 0.262359 0.100533 0.348926
4 0.224741 0.494091 0.086891 0.248062
5 0.913381 0.368771 0.018319 0.039604
4 0.047705 0.048815 0.092762 0.097570
5 0.225281 0.836821 0.020727 0.054839
5 0.230377 0.166997 0.080379 0.332614
4 0.241594 0.356634 0.056691 0.171150
4 0.625379 0.918757 0.711976 0.162485
9 0.872934 0.372119 0.062524 0.050860
5 0.170526 0.037053 0.168942 0.074089
2 0.016831 0.111060 0.033663 0.108092
5 0.900214 0.359449 0.021126 0.044607
2 0.015802 0.381207 0.031603 0.082056
5 0.142926 0.086769 0.226672 0.173400
5 0.904638 0.352229 0.017638 0.029399
5 0.145985 0.055379 0.156539 0.110759
4 0.305223 0.415130 0.073742 0.138366
4 0.133846 0.042231 0.074566 0.084461
5 0.208056 0.250549 0.121315 0.464981
4 0.117358 0.335986 0.170427 0.226958
4 0.553558 0.974733 0.556341 0.050533
4 0.024381 0.303231 0.048762 0.095999
4 0.246221 0.196135 0.045163 0.101071
5 0.031263 0.310373 0.062526 0.400550
