8 0.760737 0.148789 0.224144 0.280730
8 0.927708 0.145932 0.144504 0.291863
1 0.164685 0.247084 0.144082 0.235655
5 0.858904 0.615413 0.277818 0.330731
5 0.252195 0.225218 0.393259 0.449700
4 0.425594 0.238733 0.168516 0.440304
5 0.406820 0.225407 0.206187 0.450558
4 0.241339 0.390207 0.273899 0.119788
2 0.149730 0.035388 0.161963 0.070106
3 0.378566 0.024825 0.081794 0.049637
6 0.372301 0.960685 0.024232 0.051125
6 0.114283 0.955784 0.019291 0.044159
6 0.157732 0.926099 0.013074 0.025955
9 0.612392 0.260791 0.104340 0.054875
6 0.310867 0.918710 0.011431 0.024874
5 0.070828 0.225401 0.141384 0.449425
5 0.354590 0.856568 0.015327 0.057838
5 0.042093 0.227360 0.083992 0.447637
6 0.291836 0.901211 0.007931 0.016969
5 0.545349 0.271517 0.017774 0.038961
5 0.526260 0.305496 0.031276 0.093513
5 0.552649 0.272194 0.018543 0.039610
2 0.013571 0.122723 0.026942 0.170298
5 0.357889 0.855404 0.015170 0.048054
5 0.555801 0.259959 0.014324 0.024277
6 0.267736 0.886593 0.008018 0.015702
4 0.058941 0.386539 0.117882 0.126844
9 0.278962 0.966218 0.446659 0.066487
6 0.602989 0.273653 0.016079 0.025835
4 0.353987 0.844706 0.010615 0.025321
6 0.270065 0.889073 0.007808 0.014970
5 0.354737 0.870770 0.011164 0.029298
