5 0.288777 0.789275 0.577210 0.420810
8 0.789128 0.789558 0.420258 0.420087
5 0.462394 0.431551 0.234900 0.294390
4 0.290341 0.895643 0.578723 0.208120
1 0.022689 0.374817 0.044673 0.055604
1 0.348829 0.719859 0.462206 0.281577
2 0.130392 0.037046 0.093978 0.067493
2 0.470965 0.339063 0.097120 0.079008
1 0.468298 0.439654 0.085848 0.084222
1 0.363066 0.040321 0.060053 0.061994
4 0.482100 0.523660 0.193270 0.110462
5 0.898448 0.288841 0.201958 0.577327
5 0.072137 0.417158 0.144255 0.322542
1 0.952951 0.287195 0.093550 0.243618
5 0.148377 0.285840 0.254842 0.571302
5 0.496846 0.271118 0.171558 0.540748
5 0.380877 0.398709 0.169365 0.356576
2 0.402307 0.268193 0.086595 0.081923
1 0.106951 0.137089 0.055692 0.071395
1 0.261845 0.555972 0.083775 0.049847
4 0.379139 0.465457 0.110229 0.164534
4 0.158752 0.327561 0.150005 0.323198
5 0.258547 0.502098 0.203810 0.156363
4 0.521425 0.292482 0.118279 0.348084
1 0.399029 0.364909 0.060400 0.064785
1 0.530051 0.090151 0.050549 0.058253
5 0.350914 0.203888 0.210264 0.406757
2 0.262255 0.468905 0.074947 0.068683
5 0.109554 0.098604 0.218506 0.196694
2 0.523857 0.021316 0.082449 0.042135
4 0.046812 0.438186 0.093495 0.091015
5 0.049313 0.221137 0.098626 0.403961
4 0.047541 0.526264 0.095082 0.101592
2 0.017820 0.294425 0.035561 0.057137
5 0.341420 0.118297 0.229509 0.236568
2 0.019290 0.554094 0.038519 0.048874
4 0.966885 0.482650 0.066231 0.196754
8 0.898618 0.800083 0.201390 0.399665
5 0.033751 0.154822 0.067502 0.284175
2 0.967013 0.021164 0.065747 0.041967
5 0.496653 0.106330 0.163062 0.212661
5 0.367972 0.034771 0.249305 0.069295
5 0.064836 0.484254 0.129672 0.189185
