5 0.200113 0.794549 0.399966 0.410136
5 0.620261 0.184452 0.443435 0.367332
1 0.841307 0.162227 0.186091 0.120220
6 0.196824 0.198271 0.114050 0.177885
5 0.800290 0.215133 0.398258 0.430267
1 0.285666 0.794000 0.229257 0.237674
2 0.890252 0.055921 0.218607 0.111097
6 0.229896 0.337082 0.082881 0.133615
4 0.203386 0.944828 0.391315 0.109936
6 0.374550 0.361161 0.056265 0.129532
6 0.228721 0.412755 0.059251 0.100728
2 0.265064 0.631736 0.274636 0.088426
6 0.374178 0.474475 0.052265 0.087416
6 0.238493 0.542429 0.047810 0.073402
6 0.250749 0.460816 0.048866 0.088471
6 0.259103 0.506328 0.042199 0.073186
5 0.559116 0.033653 0.293217 0.067306
6 0.352606 0.519705 0.037053 0.061960
2 0.521869 0.167890 0.154804 0.057388
1 0.520708 0.047257 0.159957 0.077999
6 0.321040 0.559476 0.036506 0.058966
6 0.384307 0.204320 0.034168 0.121327
1 0.428145 0.021506 0.058714 0.043013
5 0.969780 0.061610 0.060401 0.121538
6 0.348868 0.531659 0.028382 0.044796
1 0.978096 0.095240 0.043807 0.075263
5 0.975036 0.043371 0.049928 0.077919
6 0.327935 0.550682 0.032795 0.065659
5 0.619464 0.025030 0.356454 0.050003
5 0.974878 0.106771 0.050228 0.213542
6 0.387236 0.182668 0.025025 0.080609
2 0.507476 0.151929 0.182410 0.056999
