5 0.864566 0.201499 0.270369 0.400233
4 0.864381 0.211685 0.271016 0.378843
4 0.685274 0.664751 0.090242 0.191731
4 0.462031 0.693436 0.122605 0.247022
4 0.086118 0.765590 0.128025 0.238110
6 0.322603 0.212888 0.168402 0.272267
4 0.312720 0.714561 0.107416 0.206433
4 0.222013 0.717114 0.102395 0.175626
4 0.562148 0.688434 0.128123 0.268259
5 0.100149 0.769012 0.198997 0.460208
0 0.052997 0.579096 0.067275 0.083669
0 0.203006 0.568747 0.052467 0.053010
5 0.471780 0.734417 0.177914 0.530324
0 0.439150 0.500083 0.061050 0.062309
5 0.322972 0.748555 0.180669 0.502137
0 0.510379 0.476721 0.077267 0.083315
0 0.118573 0.589503 0.048825 0.045756
5 0.673426 0.725928 0.117993 0.533961
5 0.231632 0.768768 0.171525 0.460115
0 0.673706 0.492837 0.051601 0.058829
0 0.283216 0.541086 0.060286 0.065571
5 0.568830 0.714317 0.225490 0.568854
4 0.145247 0.721518 0.064469 0.160902
3 0.448500 0.553588 0.034322 0.033944
3 0.209180 0.612443 0.029796 0.028806
3 0.289799 0.590449 0.030260 0.029100
6 0.025244 0.139162 0.050233 0.134809
6 0.030724 0.203050 0.061448 0.271820
0 0.714011 0.435265 0.035362 0.070276
5 0.152506 0.777505 0.135387 0.433164
3 0.082123 0.624391 0.044586 0.032552
3 0.504095 0.547428 0.036413 0.039958
3 0.669998 0.546882 0.027942 0.027117
3 0.097533 0.627029 0.039872 0.031699
3 0.112864 0.632072 0.031552 0.028902
1 0.789120 0.045542 0.119977 0.091084
1 0.503644 0.548435 0.035207 0.039647
3 0.289732 0.599554 0.031202 0.032048
0 0.646408 0.548646 0.034666 0.031403
