5 0.239662 0.745905 0.479324 0.507543
5 0.238029 0.245614 0.474571 0.485138
5 0.739119 0.244852 0.519851 0.487760
4 0.853161 0.649304 0.139238 0.303720
5 0.664315 0.743677 0.218899 0.510952
4 0.186052 0.389373 0.365189 0.200500
3 0.190079 0.269329 0.142915 0.121695
5 0.848365 0.743972 0.184307 0.511263
1 0.209259 0.814749 0.417979 0.242916
2 0.170441 0.585183 0.340459 0.193353
7 0.572589 0.297064 0.185435 0.384637
5 0.382988 0.127979 0.163727 0.255938
4 0.672451 0.692742 0.169923 0.389235
5 0.523026 0.743269 0.087078 0.511557
3 0.506114 0.099212 0.050654 0.070283
4 0.511936 0.687375 0.064798 0.396495
4 0.236294 0.939560 0.472094 0.120166
3 0.679308 0.501508 0.049938 0.024717
5 0.079577 0.017805 0.056942 0.034925
4 0.376067 0.031227 0.066640 0.055076
3 0.848961 0.499930 0.055703 0.022915
5 0.971527 0.746825 0.056946 0.506160
3 0.382937 0.013329 0.022618 0.021716
0 0.559987 0.023163 0.158632 0.046097
