5 0.710348 0.758423 0.579140 0.479014
1 0.813103 0.630356 0.373794 0.222352
5 0.131127 0.345729 0.261863 0.338764
4 0.708515 0.844537 0.579664 0.310484
5 0.056846 0.806416 0.113691 0.342258
2 0.031618 0.673509 0.063236 0.064536
5 0.304461 0.865313 0.227684 0.268939
2 0.219971 0.244663 0.077167 0.074364
4 0.030942 0.808111 0.061863 0.141900
5 0.114114 0.891952 0.159256 0.214212
0 0.126750 0.818995 0.056453 0.062060
0 0.381200 0.798194 0.079919 0.111824
7 0.120298 0.939498 0.076436 0.117391
7 0.315809 0.938872 0.157413 0.121543
1 0.018263 0.730379 0.035465 0.038125
2 0.606931 0.561186 0.214020 0.085602
1 0.388898 0.881575 0.047462 0.064239
5 0.029836 0.594754 0.058670 0.102189
2 0.153323 0.497045 0.029946 0.024789
4 0.020309 0.592518 0.032409 0.042071
1 0.113395 0.871956 0.029117 0.039214
2 0.589839 0.560626 0.110381 0.084824
5 0.031230 0.239824 0.062460 0.468328
4 0.013575 0.215288 0.027000 0.254299
3 0.115666 0.871780 0.030008 0.037961
