6 0.779175 0.269563 0.435778 0.539127
5 0.280032 0.270681 0.560063 0.540163
3 0.278396 0.202622 0.152304 0.123896
4 0.263690 0.366004 0.405033 0.350762
7 0.846996 0.750238 0.126052 0.285859
7 0.707125 0.701370 0.090116 0.198862
5 0.802170 0.768400 0.317991 0.462291
9 0.960098 0.787204 0.079485 0.094352
5 0.695406 0.768724 0.158390 0.460590
5 0.129559 0.076767 0.170094 0.152959
0 0.741371 0.566241 0.042029 0.053920
9 0.854362 0.779766 0.165931 0.162532
9 0.888740 0.778346 0.108440 0.143207
0 0.871584 0.552806 0.062728 0.028376
6 0.259769 0.981038 0.041823 0.036386
