5 0.762258 0.706761 0.364757 0.585980
5 0.135566 0.687955 0.270031 0.619775
7 0.880945 0.093554 0.078294 0.150509
7 0.643074 0.087003 0.087353 0.153581
4 0.082179 0.519991 0.163550 0.282360
0 0.665456 0.628682 0.173666 0.407341
5 0.634264 0.189758 0.102315 0.373360
0 0.235633 0.420451 0.093933 0.080724
5 0.873030 0.183746 0.094710 0.367491
7 0.724873 0.087831 0.072362 0.145686
5 0.949979 0.189554 0.100041 0.374463
7 0.786105 0.094762 0.064135 0.147022
6 0.416516 0.186323 0.040508 0.059036
5 0.715428 0.181863 0.084214 0.362722
6 0.060396 0.182432 0.029889 0.046114
7 0.957190 0.081852 0.080974 0.154259
5 0.826264 0.160809 0.072455 0.319477
7 0.936435 0.034251 0.047315 0.068350
5 0.677295 0.145317 0.064971 0.287870
5 0.783640 0.175990 0.082562 0.350162
7 0.836340 0.085644 0.047933 0.135239
5 0.600876 0.164506 0.044578 0.326712
7 0.598457 0.072123 0.041052 0.141601
5 0.761021 0.145675 0.071718 0.291350
5 0.922755 0.154921 0.071840 0.309633
7 0.684531 0.022389 0.048647 0.044412
3 0.878169 0.012649 0.020672 0.022401
5 0.859305 0.161296 0.059812 0.322358
3 0.720247 0.009137 0.024593 0.017907
7 0.755555 0.015473 0.041269 0.030473
7 0.915251 0.022778 0.045351 0.044910
3 0.645339 0.007112 0.021361 0.014188
3 0.211566 0.431290 0.024089 0.050610
5 0.981403 0.180502 0.037064 0.361003
7 0.925148 0.031214 0.052609 0.061590
5 0.680027 0.150702 0.038622 0.294518
5 0.843909 0.158364 0.054491 0.316687
7 0.681188 0.049382 0.053427 0.097852
7 0.765319 0.010165 0.033453 0.019458
3 0.610209 0.940271 0.058278 0.119457
7 0.851548 0.060194 0.038037 0.082614
7 0.588854 0.073759 0.023814 0.137167
5 0.912334 0.148127 0.041343 0.296255
5 0.854066 0.102620 0.035894 0.205240
5 0.937402 0.127355 0.044005 0.254710
7 0.691156 0.014368 0.048070 0.028002
3 0.786086 0.007846 0.021385 0.015692
