5 0.715065 0.290339 0.568053 0.579723
5 0.214891 0.760464 0.427745 0.362547
4 0.713737 0.465169 0.569138 0.228284
1 0.243381 0.759014 0.364235 0.195807
1 0.561968 0.256280 0.263892 0.272940
7 0.939537 0.863121 0.090489 0.098590
5 0.867694 0.888428 0.196014 0.223144
7 0.855282 0.888091 0.123742 0.124458
5 0.939615 0.878634 0.119610 0.234168
0 0.874413 0.801917 0.076974 0.037982
0 0.934071 0.782614 0.057608 0.033641
4 0.213558 0.879436 0.426734 0.119753
2 0.678015 0.066010 0.489094 0.131875
3 0.889825 0.831613 0.022369 0.018457
5 0.876288 0.678989 0.021315 0.030973
6 0.111784 0.559308 0.036680 0.036202
5 0.874439 0.670045 0.019289 0.030058
5 0.871789 0.656011 0.012969 0.018517
2 0.218573 0.608168 0.430201 0.057654
8 0.871453 0.643741 0.257093 0.132540
8 0.713733 0.647999 0.572535 0.136022
3 0.939519 0.813271 0.029456 0.020522
6 0.004990 0.566470 0.009981 0.024627
