5 0.180448 0.214417 0.359435 0.428487
8 0.179771 0.713152 0.359374 0.571219
5 0.488460 0.540095 0.255054 0.219863
0 0.702828 0.272002 0.093039 0.066185
0 0.821081 0.287840 0.139871 0.125515
3 0.068673 0.267773 0.137304 0.166360
2 0.078188 0.051836 0.156325 0.103231
5 0.635693 0.323062 0.391018 0.211712
5 0.146249 0.580767 0.059350 0.089178
7 0.146299 0.591050 0.050601 0.057027
4 0.768193 0.401812 0.166032 0.052560
3 0.735071 0.317699 0.042435 0.052579
4 0.174427 0.387170 0.348522 0.083578
3 0.693965 0.337965 0.055491 0.035278
3 0.708634 0.331288 0.060136 0.040676
