8 0.664030 0.750383 0.669662 0.498042
5 0.165127 0.246924 0.328737 0.493356
8 0.666820 0.250087 0.659294 0.497974
4 0.066503 0.319831 0.132984 0.261635
0 0.283602 0.613800 0.092922 0.091188
5 0.266473 0.778619 0.124914 0.441371
3 0.298567 0.701644 0.056569 0.049962
0 0.024236 0.748034 0.048349 0.104821
4 0.281967 0.838051 0.095899 0.247942
5 0.046141 0.842642 0.092283 0.314532
4 0.033932 0.930779 0.067691 0.138012
7 0.904924 0.377689 0.029268 0.056011
5 0.780762 0.236425 0.045250 0.131968
5 0.910126 0.409541 0.050242 0.173091
5 0.688527 0.448949 0.040768 0.068328
5 0.753598 0.047520 0.043495 0.092808
4 0.780525 0.219723 0.021802 0.040746
0 0.905228 0.335033 0.015507 0.019416
7 0.686748 0.449842 0.025603 0.036428
5 0.164174 0.440750 0.328008 0.120637
4 0.775705 0.216763 0.020702 0.041827
0 0.286961 0.922628 0.036347 0.037145
