5 0.133951 0.754354 0.267519 0.490455
5 0.133968 0.255480 0.267799 0.508979
1 0.135302 0.857430 0.268759 0.284575
6 0.789342 0.740371 0.410833 0.460740
4 0.135473 0.389343 0.270926 0.241639
2 0.136033 0.637399 0.271446 0.243400
7 0.822184 0.171104 0.189766 0.180812
9 0.378608 0.450423 0.130768 0.083122
5 0.805421 0.259765 0.274312 0.449256
1 0.082331 0.277577 0.164662 0.286902
0 0.700704 0.105806 0.067353 0.112809
3 0.726673 0.142655 0.032267 0.059280
9 0.417157 0.464479 0.057396 0.038442
3 0.726863 0.156273 0.028917 0.037644
4 0.133521 0.949701 0.267043 0.100599
