5 0.737771 0.753678 0.524164 0.490631
8 0.144036 0.736547 0.287509 0.449794
8 0.778783 0.256551 0.440892 0.505422
1 0.764265 0.577822 0.183108 0.134554
5 0.293349 0.255122 0.289687 0.508442
4 0.802184 0.882486 0.386439 0.234001
8 0.765330 0.146494 0.356923 0.292988
1 0.373339 0.104082 0.133178 0.207138
4 0.365823 0.327750 0.153778 0.363773
5 0.080296 0.735958 0.086861 0.142897
4 0.065710 0.722638 0.039232 0.050331
5 0.167995 0.556861 0.034613 0.081798
3 0.065619 0.693807 0.011973 0.012843
2 0.064484 0.678417 0.016961 0.015178
2 0.064353 0.672131 0.018035 0.018334
