5 0.784557 0.635012 0.430728 0.722676
5 0.287951 0.134717 0.558619 0.268976
4 0.709060 0.170263 0.201504 0.192534
4 0.785291 0.873615 0.429086 0.252418
8 0.222308 0.630483 0.444513 0.736518
8 0.488753 0.748960 0.163127 0.324218
5 0.689753 0.141474 0.235505 0.254068
2 0.694949 0.364520 0.251021 0.183144
4 0.239619 0.133854 0.390716 0.267640
0 0.631624 0.063751 0.115374 0.093620
1 0.674829 0.620940 0.211529 0.292444
0 0.626621 0.235870 0.116397 0.062720
5 0.846189 0.138351 0.089986 0.124036
4 0.852803 0.153041 0.063150 0.071880
0 0.836771 0.089694 0.063105 0.029279
3 0.625752 0.089858 0.037848 0.030573
5 0.677746 0.234294 0.224909 0.066534
