5 0.209478 0.154803 0.418956 0.309415
8 0.708032 0.651669 0.583497 0.684664
5 0.209148 0.680407 0.418254 0.637667
0 0.632413 0.233275 0.181446 0.148630
2 0.239409 0.494447 0.360255 0.200257
5 0.500052 0.155392 0.161106 0.306029
5 0.630629 0.230964 0.298803 0.154771
1 0.254503 0.771788 0.329576 0.325364
2 0.132091 0.121994 0.235199 0.241923
1 0.234350 0.218516 0.198146 0.186150
0 0.457143 0.084304 0.077189 0.167959
4 0.210216 0.940607 0.415511 0.118581
4 0.479603 0.250989 0.121352 0.115782
0 0.125486 0.122619 0.223972 0.243155
