5 0.533766 0.680658 0.140037 0.283661
4 0.538616 0.700058 0.081849 0.133798
5 0.084211 0.724700 0.168091 0.550345
2 0.542659 0.568345 0.071853 0.056879
7 0.231072 0.860803 0.116251 0.275390
5 0.712061 0.639057 0.141956 0.245042
0 0.196834 0.629091 0.056256 0.077333
4 0.717300 0.649659 0.067407 0.110672
5 0.785693 0.813941 0.180885 0.370616
5 0.236426 0.791842 0.129555 0.414452
5 0.561532 0.508340 0.034648 0.098369
7 0.426608 0.823321 0.066227 0.150791
5 0.839550 0.589442 0.091744 0.131755
4 0.901635 0.720039 0.060448 0.138487
1 0.547768 0.627258 0.037711 0.031243
4 0.812167 0.828075 0.091952 0.181533
5 0.906913 0.788493 0.110958 0.403102
0 0.428647 0.692365 0.046604 0.048179
4 0.840727 0.615052 0.052749 0.080263
5 0.422490 0.833517 0.091301 0.331887
2 0.766337 0.662621 0.081679 0.058983
2 0.976628 0.552394 0.041199 0.033730
2 0.743456 0.538015 0.048432 0.038840
2 0.894618 0.547530 0.027871 0.030242
5 0.674229 0.526366 0.038788 0.130662
2 0.857443 0.538288 0.030977 0.026090
2 0.889367 0.611345 0.058337 0.043063
4 0.095709 0.630039 0.145584 0.342744
1 0.181899 0.720168 0.023848 0.055981
4 0.561263 0.490634 0.022152 0.029422
4 0.676976 0.504842 0.022356 0.036826
1 0.740967 0.588879 0.022005 0.023059
5 0.966893 0.764882 0.065634 0.411779
1 0.764324 0.733535 0.033546 0.027460
1 0.431079 0.739691 0.025731 0.039956
4 0.967266 0.646204 0.058374 0.086530
1 0.442328 0.738748 0.018934 0.035664
5 0.889023 0.566967 0.047174 0.071823
1 0.177426 0.722024 0.020854 0.054625
1 0.981669 0.594061 0.024464 0.027752
1 0.882665 0.652669 0.026540 0.021644
5 0.979455 0.778661 0.040657 0.402249
1 0.893896 0.651718 0.024636 0.023953
1 0.970292 0.595021 0.023738 0.021230
1 0.855798 0.564212 0.021010 0.015131
1 0.741248 0.598865 0.021064 0.027391
1 0.190761 0.717809 0.034275 0.052591
7 0.097583 0.620666 0.141777 0.331423
5 0.648638 0.509297 0.031125 0.089720
4 0.646502 0.508356 0.020677 0.049127
2 0.988323 0.558760 0.022192 0.031362
3 0.207049 0.719349 0.033896 0.035784
