5 0.754808 0.234716 0.486432 0.468952
5 0.188602 0.234914 0.375973 0.469312
8 0.111974 0.911749 0.222932 0.176099
5 0.701109 0.734833 0.383075 0.529379
4 0.135061 0.243784 0.268840 0.450001
4 0.927021 0.116705 0.144857 0.232578
3 0.700088 0.593557 0.090334 0.138503
8 0.202248 0.557916 0.327559 0.175598
7 0.727102 0.810664 0.287976 0.377890
8 0.328433 0.942386 0.192516 0.115229
0 0.699225 0.492989 0.172811 0.048899
1 0.029258 0.089886 0.058466 0.179640
3 0.582564 0.942710 0.084054 0.110680
8 0.399374 0.556217 0.217526 0.175381
