5 0.184853 0.265550 0.368718 0.530197
5 0.182042 0.764595 0.362682 0.470673
8 0.723871 0.766159 0.548276 0.467387
8 0.649544 0.268252 0.550387 0.522894
1 0.269239 0.084129 0.199431 0.167023
4 0.191264 0.298179 0.354354 0.472144
1 0.164998 0.788495 0.126329 0.204182
5 0.098616 0.663289 0.112441 0.262625
8 0.431583 0.763025 0.122136 0.468429
2 0.221485 0.583150 0.150182 0.108104
4 0.166680 0.941184 0.305808 0.117531
5 0.573265 0.335584 0.049200 0.092403
5 0.048064 0.620166 0.083386 0.183254
4 0.051896 0.552963 0.046075 0.046511
5 0.292944 0.765744 0.153193 0.467426
4 0.118019 0.571273 0.046115 0.072525
5 0.050448 0.590300 0.070012 0.125907
