5 0.265180 0.275675 0.526075 0.550496
8 0.763487 0.255722 0.466319 0.509777
1 0.120429 0.239451 0.211646 0.246284
8 0.627528 0.795296 0.195934 0.409126
4 0.155949 0.421086 0.310776 0.256778
9 0.768276 0.938377 0.049870 0.068319
5 0.773179 0.180568 0.070980 0.184239
4 0.289963 0.744336 0.368980 0.315561
5 0.103351 0.776354 0.206554 0.445944
7 0.075584 0.621399 0.151137 0.144194
5 0.299924 0.774871 0.458210 0.446894
2 0.787079 0.102787 0.022110 0.024303
3 0.271033 0.579727 0.120262 0.058784
4 0.053141 0.790526 0.106085 0.280431
4 0.784891 0.165716 0.029881 0.058793
2 0.148668 0.030683 0.243931 0.060942
5 0.088398 0.632879 0.176579 0.167549
3 0.783700 0.129748 0.011816 0.014643
9 0.279730 0.746294 0.524349 0.392404
2 0.200008 0.027069 0.142589 0.054117
9 0.267389 0.646685 0.525678 0.190727
