9 0.825402 0.783727 0.346544 0.429009
5 0.670516 0.784067 0.220723 0.428985
5 0.357695 0.784512 0.312752 0.429658
7 0.641899 0.780425 0.166615 0.432459
5 0.214379 0.784664 0.255571 0.429387
5 0.472043 0.783818 0.184721 0.428710
5 0.092029 0.783704 0.183569 0.429212
4 0.499587 0.658371 0.117453 0.181807
4 0.065557 0.629020 0.099859 0.116633
6 0.709978 0.796614 0.031992 0.044983
4 0.329905 0.645869 0.147493 0.154443
4 0.221860 0.645925 0.104467 0.154022
5 0.041451 0.782610 0.082795 0.433103
3 0.600676 0.578450 0.042292 0.021159
4 0.134073 0.627143 0.075894 0.116026
4 0.581425 0.042839 0.042149 0.084534
5 0.599649 0.262940 0.079291 0.523823
