5 0.200268 0.834796 0.399179 0.329975
5 0.888371 0.834199 0.222083 0.329811
5 0.718644 0.834028 0.353386 0.331929
0 0.106284 0.731703 0.212094 0.125485
0 0.674728 0.753321 0.138855 0.164905
4 0.927103 0.909610 0.145149 0.180508
2 0.932716 0.731682 0.121664 0.125022
2 0.495385 0.923814 0.178439 0.151301
3 0.122379 0.866298 0.143910 0.094012
5 0.564339 0.917379 0.329835 0.164847
4 0.711518 0.947336 0.239403 0.105198
7 0.190717 0.946618 0.381373 0.106655
3 0.704219 0.874948 0.078150 0.081819
3 0.940115 0.858275 0.071711 0.060106
