5 0.390796 0.774534 0.196572 0.450541
5 0.859489 0.780011 0.280029 0.439061
8 0.723647 0.228476 0.467816 0.455710
4 0.424500 0.839600 0.129413 0.320801
6 0.808221 0.634206 0.202196 0.167753
4 0.256382 0.891124 0.115925 0.203439
5 0.269469 0.855071 0.170535 0.286876
4 0.148171 0.872360 0.080729 0.165499
1 0.245286 0.791651 0.038911 0.033964
2 0.085185 0.742008 0.049422 0.037437
4 0.047005 0.895421 0.092869 0.200498
1 0.140711 0.781429 0.038142 0.033816
5 0.100940 0.854247 0.128504 0.282792
2 0.020202 0.732459 0.039717 0.050270
5 0.056156 0.846443 0.111240 0.304944
2 0.249187 0.727505 0.044326 0.032839
4 0.090656 0.888651 0.094719 0.191815
3 0.463839 0.678273 0.052007 0.055671
2 0.983618 0.712370 0.032726 0.077750
2 0.032798 0.694853 0.044611 0.041130
2 0.132166 0.717139 0.036119 0.027686
5 0.152840 0.855385 0.134467 0.283859
0 0.446377 0.603217 0.085058 0.107090
4 0.973430 0.965842 0.053061 0.068316
1 0.021605 0.782746 0.039021 0.044414
1 0.246037 0.775277 0.044431 0.028540
2 0.249371 0.736703 0.046939 0.030360
9 0.974928 0.047598 0.049183 0.072663
1 0.236995 0.774146 0.028840 0.024885
1 0.084237 0.773313 0.043085 0.028553
1 0.083133 0.762877 0.053993 0.052589
1 0.246359 0.784102 0.042342 0.028546
1 0.141912 0.772477 0.041949 0.036520
1 0.015083 0.762250 0.028344 0.028645
1 0.084925 0.776015 0.029688 0.025359
1 0.016900 0.743727 0.033182 0.061408
2 0.133900 0.730390 0.044184 0.026869
2 0.250604 0.717821 0.037676 0.038099
1 0.045437 0.807650 0.038263 0.042384
2 0.085162 0.753485 0.056004 0.061612
2 0.021485 0.659637 0.039469 0.042237
