8 0.814257 0.255765 0.370897 0.506576
5 0.860832 0.754589 0.277307 0.487706
4 0.917536 0.783566 0.164929 0.432864
8 0.296536 0.753222 0.593072 0.492182
4 0.587133 0.556195 0.075371 0.096531
5 0.247234 0.869148 0.191556 0.261704
2 0.254902 0.761770 0.055907 0.037056
5 0.567549 0.661652 0.122533 0.307324
5 0.342292 0.659221 0.149269 0.300285
4 0.330772 0.585791 0.050236 0.105520
4 0.212463 0.851924 0.074031 0.110721
3 0.343414 0.522324 0.026968 0.023068
3 0.255122 0.804166 0.020582 0.022883
4 0.538418 0.530564 0.052758 0.043020
2 0.344060 0.519439 0.028486 0.020911
3 0.248447 0.800470 0.021376 0.019969
