5 0.228198 0.794522 0.456245 0.409762
5 0.729339 0.295737 0.539835 0.590192
4 0.731071 0.463446 0.537824 0.251760
1 0.138847 0.869100 0.277138 0.260566
5 0.742748 0.807943 0.232629 0.383700
5 0.170812 0.296194 0.333744 0.591818
7 0.722883 0.787302 0.135344 0.179784
1 0.783505 0.267632 0.432989 0.340196
4 0.107061 0.142766 0.143466 0.284685
0 0.687862 0.666010 0.088458 0.064532
5 0.519401 0.836217 0.124394 0.327457
2 0.101383 0.667794 0.202674 0.158033
7 0.497011 0.837434 0.075559 0.189003
2 0.766901 0.060078 0.444077 0.119217
0 0.471404 0.701020 0.024747 0.034991
3 0.470378 0.731689 0.018344 0.022986
3 0.693420 0.704567 0.040457 0.030198
3 0.705082 0.704163 0.039570 0.034321
