9 0.414052 0.211576 0.147947 0.290118
0 0.936866 0.588103 0.087204 0.085170
6 0.419691 0.073387 0.072279 0.146287
7 0.806320 0.729087 0.060444 0.120014
5 0.622381 0.738911 0.093977 0.272644
7 0.890720 0.825135 0.211292 0.343358
7 0.627086 0.686704 0.057183 0.102780
7 0.685154 0.702242 0.065458 0.110110
0 0.833077 0.644287 0.036798 0.038492
0 0.700458 0.620365 0.035370 0.036299
0 0.885151 0.649982 0.036707 0.037109
5 0.678674 0.752136 0.102798 0.308759
5 0.040029 0.732363 0.079978 0.524241
5 0.394495 0.699901 0.110932 0.393128
0 0.966778 0.678299 0.030699 0.038271
5 0.864505 0.803524 0.236834 0.392321
5 0.796757 0.787249 0.112290 0.339929
7 0.386042 0.649201 0.082968 0.165786
5 0.924578 0.767591 0.142103 0.460772
5 0.958633 0.814882 0.082486 0.369148
3 0.926600 0.668039 0.044355 0.048009
0 0.653459 0.624799 0.029205 0.038518
0 0.674320 0.635890 0.024423 0.036254
5 0.653846 0.731822 0.066395 0.248753
7 0.855044 0.712473 0.070108 0.102977
7 0.025617 0.710818 0.051059 0.346759
5 0.848566 0.784151 0.107529 0.314923
7 0.849385 0.811257 0.127011 0.332912
7 0.839420 0.712969 0.044566 0.092979
3 0.699381 0.653004 0.019873 0.022853
7 0.664653 0.691579 0.048323 0.103498
5 0.090585 0.201006 0.180648 0.402012
0 0.886499 0.640889 0.037965 0.041494
7 0.408782 0.617508 0.055007 0.102486
7 0.982836 0.788297 0.034329 0.176307
7 0.017162 0.685747 0.033793 0.323288
7 0.940940 0.792664 0.111891 0.258288
3 0.923443 0.650351 0.034180 0.037877
0 0.650543 0.634544 0.026828 0.040934
0 0.648655 0.642389 0.021580 0.027430
7 0.864754 0.757307 0.081851 0.194377
