5 0.183195 0.849240 0.366391 0.300110
5 0.126679 0.346300 0.253262 0.447779
8 0.537847 0.421341 0.335281 0.296636
7 0.109861 0.437394 0.218464 0.266345
4 0.126208 0.898018 0.245611 0.199438
8 0.765421 0.319249 0.450108 0.501676
0 0.079507 0.180977 0.157455 0.095318
2 0.162394 0.736774 0.125647 0.054658
5 0.266028 0.322670 0.205532 0.493512
7 0.294892 0.420737 0.146168 0.294417
3 0.064746 0.281522 0.092803 0.047136
0 0.339420 0.144464 0.058606 0.105673
3 0.123359 0.795304 0.097898 0.044615
8 0.687274 0.784250 0.625452 0.431501
3 0.354234 0.245185 0.027390 0.057009
8 0.973125 0.395667 0.053007 0.335718
3 0.348181 0.253209 0.040458 0.058634
