5 0.299789 0.280736 0.595120 0.559143
8 0.800076 0.277085 0.399298 0.552938
8 0.740137 0.305342 0.280607 0.387991
7 0.445717 0.244569 0.313623 0.487469
8 0.535789 0.920092 0.128821 0.159778
8 0.938332 0.638170 0.036838 0.062884
9 0.714852 0.691893 0.063171 0.093354
8 0.802698 0.662130 0.048479 0.079134
8 0.906504 0.637958 0.037617 0.070928
8 0.874909 0.646310 0.049243 0.072635
8 0.819338 0.646758 0.048943 0.092496
8 0.779894 0.668257 0.056970 0.082405
9 0.633921 0.712291 0.049080 0.105487
8 0.973581 0.632642 0.029074 0.054347
8 0.954545 0.634655 0.031320 0.056238
8 0.986279 0.633757 0.026513 0.053333
8 0.765318 0.671184 0.072607 0.085019
8 0.897979 0.642506 0.039986 0.072876
9 0.633531 0.737693 0.047020 0.054400
8 0.666365 0.689535 0.067695 0.110328
