8 0.270329 0.769280 0.540443 0.461054
8 0.769347 0.766621 0.460121 0.463869
8 0.769929 0.268695 0.459156 0.536636
5 0.329700 0.275877 0.420170 0.522597
4 0.341160 0.322964 0.260863 0.327414
5 0.125776 0.276991 0.251464 0.524372
0 0.312461 0.077465 0.217309 0.107413
8 0.610032 0.315040 0.144906 0.441450
8 0.875078 0.648943 0.131460 0.222928
3 0.286149 0.158946 0.088700 0.048092
8 0.776278 0.647729 0.137193 0.203942
8 0.751418 0.619268 0.101052 0.130201
5 0.958480 0.121726 0.042026 0.078580
4 0.055123 0.365359 0.110099 0.311523
8 0.976366 0.636069 0.046922 0.187878
9 0.673445 0.590452 0.040401 0.030356
3 0.023335 0.258175 0.046461 0.051650
4 0.955640 0.123708 0.022384 0.035378
