5 0.750096 0.699038 0.497119 0.597722
5 0.249936 0.699834 0.499871 0.596657
6 0.681707 0.715652 0.366906 0.568060
4 0.249656 0.893384 0.499306 0.212728
3 0.841194 0.843146 0.123577 0.137089
5 0.253009 0.194176 0.317602 0.351988
7 0.263869 0.283569 0.219131 0.170670
2 0.863031 0.524362 0.173104 0.193154
8 0.796599 0.051303 0.146272 0.102433
8 0.705083 0.282137 0.283218 0.174632
0 0.029951 0.150192 0.059753 0.096225
1 0.233711 0.605715 0.448908 0.239470
3 0.275183 0.199946 0.058637 0.061056
3 0.021284 0.280360 0.042568 0.052515
0 0.278474 0.080039 0.097180 0.104203
4 0.871525 0.966734 0.240315 0.066531
2 0.178223 0.461582 0.349185 0.066983
5 0.074323 0.231436 0.148479 0.276532
5 0.421059 0.208783 0.155212 0.324657
4 0.037178 0.325143 0.074248 0.087888
