5 0.849673 0.689662 0.299527 0.616286
4 0.849552 0.861565 0.299345 0.276477
8 0.426498 0.690578 0.218164 0.242762
8 0.244363 0.601845 0.474125 0.445477
5 0.553985 0.189570 0.242934 0.378179
1 0.918632 0.700623 0.162313 0.240198
7 0.291323 0.048957 0.182920 0.097857
5 0.087697 0.189729 0.174850 0.379459
5 0.312711 0.189733 0.294156 0.379118
5 0.298423 0.607667 0.032643 0.064417
5 0.410791 0.188760 0.141482 0.376601
4 0.052332 0.059643 0.104650 0.119235
2 0.855852 0.432842 0.287532 0.106763
5 0.656477 0.188207 0.085051 0.375909
4 0.565628 0.024189 0.114947 0.048073
5 0.207786 0.189799 0.096467 0.376656
