8 0.804560 0.411579 0.389918 0.473760
7 0.067084 0.374092 0.134169 0.290627
5 0.284960 0.375919 0.383707 0.689452
7 0.299334 0.337949 0.306771 0.271868
5 0.509831 0.358486 0.196434 0.716258
5 0.082062 0.393638 0.163412 0.645199
7 0.533262 0.310466 0.151692 0.311029
0 0.289608 0.086147 0.169910 0.089908
5 0.781588 0.445378 0.052502 0.122846
0 0.028993 0.133474 0.057947 0.072943
0 0.559604 0.031611 0.098239 0.062162
3 0.292134 0.178601 0.080284 0.039928
1 0.157207 0.966388 0.283517 0.066817
3 0.019303 0.212635 0.038606 0.039539
3 0.578979 0.119679 0.059678 0.046511
1 0.398094 0.972991 0.236848 0.053884
