8 0.795057 0.700904 0.409029 0.597739
5 0.420952 0.200308 0.342056 0.400213
0 0.912234 0.229874 0.113083 0.181400
3 0.435467 0.190557 0.090358 0.091283
5 0.459223 0.700027 0.259151 0.599561
5 0.878872 0.260717 0.241906 0.275859
0 0.400598 0.046289 0.167321 0.092408
5 0.268851 0.698803 0.438542 0.601571
5 0.125494 0.698531 0.250682 0.602937
7 0.886378 0.300288 0.227245 0.197686
7 0.248160 0.583803 0.259576 0.374551
4 0.510735 0.530476 0.152155 0.259154
7 0.191643 0.201702 0.370448 0.403404
7 0.441191 0.319505 0.293660 0.163201
5 0.181179 0.200286 0.361922 0.399387
5 0.509203 0.200358 0.163339 0.399155
4 0.047054 0.627574 0.093894 0.422423
7 0.075889 0.283356 0.151429 0.235312
