5 0.745406 0.249883 0.508549 0.477772
5 0.764985 0.727254 0.469725 0.479623
7 0.077349 0.349906 0.154645 0.279369
3 0.805351 0.367778 0.389298 0.236354
5 0.111226 0.744864 0.222056 0.509625
2 0.416109 0.112755 0.083268 0.081809
4 0.294426 0.379971 0.172762 0.218429
5 0.142969 0.258751 0.285802 0.456786
5 0.405473 0.270301 0.170201 0.434466
0 0.248584 0.137426 0.102253 0.108023
5 0.300051 0.279538 0.337391 0.419919
4 0.843446 0.553816 0.312544 0.131695
2 0.780404 0.134271 0.426446 0.180990
3 0.264598 0.267151 0.064481 0.068018
7 0.425733 0.342909 0.127760 0.291294
3 0.436906 0.226565 0.058152 0.065059
3 0.012971 0.221378 0.025942 0.071620
0 0.015236 0.093854 0.030397 0.146713
3 0.734038 0.502004 0.098446 0.026682
