5 0.251135 0.824782 0.500187 0.350173
7 0.880923 0.194966 0.054975 0.092781
0 0.295554 0.248900 0.164664 0.170956
1 0.223419 0.792066 0.443811 0.286912
4 0.390690 0.517627 0.219675 0.261237
5 0.600418 0.276745 0.116828 0.296829
5 0.292116 0.398240 0.415021 0.501278
4 0.250839 0.850753 0.501141 0.297469
0 0.873666 0.121983 0.032063 0.040615
5 0.887674 0.245913 0.108384 0.294083
7 0.593411 0.242640 0.066714 0.128220
0 0.582503 0.149033 0.031213 0.039036
3 0.341814 0.383191 0.085174 0.069146
5 0.614615 0.697272 0.140502 0.095351
3 0.589482 0.179669 0.016371 0.017083
3 0.877638 0.152923 0.017246 0.017070
