8 0.220306 0.783964 0.440612 0.432072
5 0.218892 0.296043 0.433023 0.546824
8 0.718595 0.745007 0.555683 0.347356
7 0.244839 0.346676 0.325318 0.297424
0 0.268262 0.083625 0.173154 0.097446
3 0.257458 0.179824 0.088915 0.046866
5 0.508260 0.341564 0.057572 0.189158
5 0.531876 0.409523 0.063917 0.162846
7 0.512788 0.307733 0.038039 0.070192
7 0.039476 0.357108 0.078935 0.354638
5 0.980051 0.168761 0.039584 0.191447
5 0.681579 0.212941 0.046345 0.189028
7 0.562100 0.289500 0.029879 0.045552
5 0.552580 0.331948 0.058788 0.192201
7 0.534652 0.365552 0.034050 0.057432
5 0.055244 0.296091 0.110489 0.548118
5 0.384387 0.295644 0.106705 0.548029
7 0.683518 0.180804 0.027814 0.062396
0 0.565267 0.251755 0.018063 0.024777
0 0.010215 0.098952 0.020431 0.076721
5 0.539013 0.356643 0.068124 0.256627
0 0.689369 0.130614 0.013535 0.020676
5 0.079178 0.844096 0.028686 0.051829
7 0.517382 0.297359 0.026525 0.052086
7 0.081931 0.839111 0.017673 0.035614
5 0.549674 0.368971 0.033434 0.117037
7 0.542840 0.311241 0.036683 0.082767
5 0.561738 0.316647 0.047224 0.166734
0 0.519291 0.255980 0.013240 0.014885
7 0.556346 0.302120 0.040563 0.084673
5 0.541157 0.370976 0.030110 0.086219
7 0.394415 0.360302 0.091116 0.333036
5 0.520107 0.359223 0.051509 0.232317
