5 0.754589 0.794806 0.490823 0.409420
5 0.210350 0.294771 0.420700 0.585698
8 0.255670 0.838749 0.511023 0.321714
5 0.611583 0.082774 0.203522 0.165274
4 0.116570 0.328407 0.231984 0.469109
5 0.902676 0.400838 0.193639 0.376859
5 0.734948 0.381463 0.352665 0.414857
7 0.696400 0.379043 0.227832 0.411440
7 0.738820 0.794883 0.456497 0.410196
4 0.586319 0.074818 0.151981 0.148772
0 0.636070 0.226102 0.058007 0.068376
7 0.924313 0.335675 0.151171 0.251005
3 0.170073 0.095405 0.070518 0.065444
7 0.559402 0.431435 0.098857 0.290149
5 0.581309 0.390488 0.141362 0.399621
4 0.782936 0.071778 0.128909 0.143128
0 0.203222 0.027169 0.150588 0.054337
1 0.640331 0.282231 0.027214 0.051211
3 0.917134 0.636514 0.152259 0.094529
5 0.775513 0.079374 0.195699 0.158473
5 0.196752 0.863406 0.020276 0.046049
4 0.951310 0.077908 0.086935 0.155715
5 0.609925 0.362601 0.117217 0.351683
4 0.977973 0.087892 0.044053 0.175784
5 0.390502 0.143260 0.236780 0.286520
4 0.717423 0.075392 0.065323 0.150785
