8 0.602444 0.448960 0.388813 0.340119
1 0.307284 0.219901 0.068291 0.082057
4 0.222691 0.696436 0.165952 0.309032
1 0.209063 0.061544 0.032426 0.044560
1 0.163129 0.114963 0.120055 0.178699
5 0.242252 0.701357 0.297920 0.592161
2 0.166537 0.443402 0.059405 0.055131
5 0.118566 0.711930 0.236086 0.570897
2 0.356891 0.371506 0.102072 0.099115
2 0.300862 0.132062 0.101296 0.099311
2 0.023628 0.476096 0.047255 0.073943
4 0.083510 0.768014 0.162057 0.382796
3 0.026462 0.573231 0.051809 0.056954
5 0.351817 0.651537 0.108085 0.696927
3 0.183758 0.526427 0.051757 0.055050
3 0.341798 0.467180 0.051238 0.058056
5 0.950621 0.451020 0.098230 0.341099
4 0.372299 0.676384 0.072130 0.394292
4 0.156953 0.213565 0.313906 0.131751
4 0.236035 0.126017 0.046583 0.073346
2 0.286486 0.021688 0.037289 0.036387
2 0.200290 0.015622 0.034639 0.024004
2 0.039703 0.118186 0.044251 0.063429
7 0.963899 0.381531 0.071856 0.203723
2 0.287425 0.030199 0.035474 0.029560
4 0.229843 0.111826 0.042760 0.061925
5 0.049530 0.762949 0.098974 0.471725
4 0.382097 0.231880 0.055041 0.096033
1 0.293396 0.057404 0.029403 0.028695
4 0.329101 0.251936 0.124983 0.057421
