5 0.321839 0.694508 0.637492 0.606904
5 0.819889 0.693183 0.358001 0.612020
2 0.507760 0.336215 0.108818 0.085616
2 0.559833 0.263129 0.096921 0.094097
1 0.264173 0.291189 0.030569 0.041068
2 0.354357 0.345998 0.097397 0.069638
1 0.819032 0.840452 0.361935 0.319096
2 0.139489 0.176187 0.180307 0.174710
4 0.323174 0.836079 0.639126 0.327089
1 0.220268 0.316914 0.108777 0.128568
1 0.250072 0.745473 0.450689 0.247050
2 0.818866 0.555958 0.362268 0.303480
2 0.230938 0.524043 0.459130 0.268984
1 0.588987 0.342039 0.068917 0.075726
2 0.043800 0.362078 0.037004 0.032898
2 0.091591 0.343583 0.037777 0.048436
4 0.820768 0.936845 0.357636 0.125976
4 0.293952 0.344344 0.047772 0.064729
2 0.253874 0.238449 0.034792 0.034884
5 0.572302 0.284474 0.137759 0.192247
2 0.256132 0.244680 0.029481 0.023966
2 0.071775 0.365311 0.030288 0.026932
2 0.519521 0.234139 0.022821 0.031178
5 0.515938 0.253760 0.050400 0.092409
2 0.346979 0.260560 0.031485 0.029227
2 0.347076 0.271070 0.028094 0.024524
