8 0.699872 0.695647 0.596684 0.608706
5 0.200324 0.766402 0.399359 0.466417
5 0.700351 0.197117 0.598059 0.389880
4 0.696933 0.202589 0.595566 0.374993
1 0.239826 0.035294 0.067049 0.070588
4 0.259902 0.218894 0.161857 0.337861
3 0.140821 0.855388 0.279686 0.197297
2 0.141664 0.609475 0.283328 0.135385
4 0.109061 0.196489 0.215469 0.392307
4 0.358650 0.270784 0.084630 0.237604
1 0.383090 0.082408 0.033367 0.090731
2 0.373037 0.011553 0.054012 0.022969
4 0.198986 0.962234 0.397972 0.075251
5 0.352815 0.192071 0.094691 0.383648
4 0.047774 0.197289 0.095548 0.391808
