5 0.189523 0.254856 0.378679 0.508430
8 0.682832 0.782104 0.613441 0.435458
5 0.443877 0.254643 0.130657 0.508923
7 0.648279 0.130346 0.112628 0.260471
1 0.294029 0.302285 0.171839 0.288592
7 0.435854 0.114998 0.113744 0.229790
5 0.077274 0.754320 0.153718 0.490577
5 0.641767 0.254633 0.169196 0.509195
4 0.190242 0.672484 0.130176 0.324286
5 0.707740 0.700475 0.099474 0.121591
5 0.200178 0.753799 0.186781 0.492131
4 0.070230 0.709986 0.139234 0.400931
7 0.719508 0.715362 0.072696 0.056347
2 0.291805 0.051495 0.173398 0.102074
4 0.190787 0.454831 0.373447 0.109660
0 0.720248 0.652579 0.034345 0.032386
0 0.718681 0.645255 0.028271 0.026172
