5 0.311831 0.209298 0.621813 0.418407
5 0.310188 0.708698 0.619317 0.578873
5 0.809215 0.817252 0.381072 0.365285
8 0.793088 0.169046 0.221515 0.336653
4 0.750876 0.797130 0.259669 0.218430
1 0.267815 0.650924 0.534248 0.325911
8 0.658748 0.108877 0.077080 0.102313
8 0.928482 0.209916 0.142741 0.419675
0 0.917691 0.679289 0.141845 0.070294
1 0.270711 0.323519 0.460601 0.190105
4 0.309936 0.875001 0.619464 0.249218
2 0.250767 0.084584 0.483451 0.168409
3 0.924967 0.733909 0.047434 0.044937
2 0.303211 0.463926 0.599583 0.086695
