5 0.269950 0.263280 0.539232 0.491941
5 0.341837 0.754740 0.392413 0.488577
5 0.863114 0.756095 0.272571 0.487093
1 0.320934 0.816016 0.126606 0.206568
1 0.134467 0.420149 0.268664 0.179870
2 0.153779 0.169265 0.307324 0.247682
5 0.831618 0.203130 0.198271 0.404581
2 0.367333 0.584018 0.151943 0.145984
0 0.938135 0.573438 0.086653 0.126617
5 0.256724 0.669985 0.090555 0.310821
5 0.192524 0.640614 0.087219 0.258276
4 0.957620 0.701227 0.084374 0.344313
7 0.840539 0.047306 0.150899 0.094109
4 0.200033 0.562528 0.044881 0.092969
4 0.346030 0.960484 0.257918 0.079031
4 0.263268 0.611496 0.042950 0.102341
1 0.514323 0.894267 0.050247 0.204565
9 0.028812 0.644933 0.057523 0.268363
