5 0.155713 0.275180 0.310242 0.548272
5 0.201152 0.774086 0.214980 0.450235
5 0.448664 0.274956 0.278486 0.549075
5 0.702686 0.274552 0.588919 0.548803
8 0.652947 0.806318 0.692270 0.387023
3 0.217380 0.231436 0.185163 0.357360
1 0.895747 0.072323 0.208453 0.144560
4 0.408016 0.420791 0.196593 0.259958
7 0.212564 0.782156 0.176519 0.314694
4 0.837465 0.359728 0.323674 0.380369
4 0.154006 0.444606 0.307997 0.211563
5 0.536238 0.786117 0.113285 0.126007
7 0.523443 0.800990 0.074380 0.054998
3 0.212053 0.594517 0.048320 0.071429
7 0.526729 0.814350 0.077432 0.047795
0 0.515514 0.742693 0.036360 0.033304
2 0.515088 0.742095 0.037014 0.033652
1 0.332956 0.163166 0.047205 0.205466
