5 0.210049 0.218598 0.418609 0.436851
5 0.709520 0.720847 0.579897 0.558236
7 0.212756 0.868692 0.114258 0.169685
7 0.349391 0.907125 0.124440 0.185187
0 0.384280 0.773915 0.051843 0.051263
7 0.066454 0.845261 0.095820 0.162714
0 0.321300 0.744540 0.045863 0.044831
7 0.294008 0.863693 0.121268 0.155827
0 0.687853 0.565458 0.418034 0.252201
3 0.628831 0.808086 0.199393 0.171005
0 0.114012 0.659691 0.037375 0.038122
4 0.208254 0.273563 0.416055 0.329124
4 0.623251 0.915078 0.398722 0.168476
7 0.133423 0.857656 0.100564 0.150108
0 0.056411 0.702869 0.038640 0.041055
0 0.157745 0.735589 0.041079 0.044862
0 0.180490 0.684048 0.033451 0.036224
0 0.282640 0.695429 0.039324 0.038264
0 0.023016 0.672599 0.037217 0.037195
0 0.234132 0.739049 0.040634 0.044247
0 0.203074 0.717115 0.038988 0.038662
3 0.310835 0.785497 0.027484 0.026445
5 0.052940 0.844101 0.105736 0.309790
5 0.334636 0.867827 0.164145 0.262555
5 0.125307 0.844591 0.152617 0.310387
7 0.268354 0.779233 0.065548 0.078022
5 0.375722 0.873677 0.086441 0.251883
3 0.151396 0.776070 0.025803 0.023565
3 0.107732 0.694651 0.022935 0.019824
3 0.275923 0.736806 0.027469 0.025561
3 0.226534 0.787481 0.025701 0.022857
5 0.194455 0.854374 0.143528 0.290842
5 0.272149 0.850524 0.158313 0.298066
3 0.372885 0.818896 0.028546 0.026248
0 0.093986 0.722203 0.043591 0.042975
7 0.186306 0.781102 0.053816 0.070531
3 0.047491 0.740959 0.026963 0.021773
7 0.104800 0.745956 0.069198 0.083033
3 0.201309 0.754224 0.021960 0.020549
7 0.030226 0.820279 0.059322 0.148532
7 0.397776 0.849302 0.041623 0.083932
7 0.395090 0.911050 0.046798 0.176404
5 0.028611 0.830934 0.057221 0.337524
0 0.010286 0.708762 0.020572 0.044606
7 0.017182 0.819119 0.034217 0.141425
3 0.178101 0.717437 0.015049 0.019762
0 0.224634 0.726688 0.034112 0.040793
5 0.093115 0.822472 0.133539 0.355055
3 0.092962 0.120650 0.185226 0.241034
1 0.091240 0.122278 0.181161 0.243157
3 0.087723 0.758829 0.021997 0.022594
3 0.027773 0.707043 0.017148 0.023887
5 0.020751 0.847415 0.041343 0.303426
7 0.017680 0.742801 0.033447 0.042850
3 0.007101 0.745939 0.013235 0.021816
7 0.123935 0.741797 0.035142 0.063612
3 0.195856 0.760375 0.026390 0.028696
