8 0.759678 0.362059 0.480645 0.442693
4 0.749846 0.851055 0.227246 0.213841
5 0.768335 0.837093 0.278815 0.322226
4 0.327734 0.190051 0.111733 0.239388
5 0.093939 0.292554 0.184404 0.584152
1 0.339275 0.047520 0.038821 0.046673
8 0.614427 0.428267 0.188895 0.318056
4 0.106016 0.146353 0.129619 0.292569
4 0.592097 0.810755 0.070239 0.082887
5 0.601601 0.793885 0.098941 0.144702
5 0.325653 0.297898 0.204640 0.594332
0 0.836897 0.737302 0.134675 0.106422
0 0.840152 0.934182 0.166395 0.096607
5 0.171293 0.854733 0.078402 0.242777
5 0.710194 0.379668 0.065059 0.180738
5 0.431153 0.299146 0.173660 0.582054
5 0.811895 0.936735 0.348003 0.122860
0 0.616939 0.741982 0.066494 0.035356
0 0.173554 0.751216 0.025944 0.028324
4 0.715385 0.332609 0.031221 0.041120
3 0.847890 0.766446 0.048643 0.033441
4 0.161034 0.814409 0.030065 0.065883
2 0.709057 0.297024 0.015983 0.014218
2 0.342114 0.007675 0.051493 0.015087
5 0.477219 0.332280 0.083019 0.539126
4 0.492150 0.213666 0.052710 0.330162
1 0.500942 0.056311 0.035381 0.061878
3 0.856478 0.992113 0.046068 0.015721
