5 0.488499 0.225147 0.299676 0.449298
5 0.759577 0.723472 0.479739 0.552408
6 0.902985 0.713648 0.194029 0.528303
0 0.709231 0.190525 0.183040 0.190603
3 0.436775 0.388213 0.187422 0.125221
3 0.709892 0.363453 0.104054 0.096934
5 0.240551 0.211274 0.193162 0.422543
4 0.749702 0.875081 0.274871 0.248694
5 0.712683 0.266742 0.369958 0.363981
0 0.484686 0.106325 0.298629 0.212281
5 0.873709 0.324139 0.252478 0.250567
3 0.758729 0.713558 0.105566 0.112154
2 0.780831 0.497236 0.155905 0.093969
4 0.040816 0.048922 0.080934 0.097843
4 0.247714 0.058316 0.103971 0.116389
0 0.968430 0.274975 0.062337 0.119516
3 0.968578 0.407304 0.062764 0.084057
5 0.051081 0.216869 0.102083 0.432995
