5 0.254073 0.739563 0.508026 0.518891
5 0.754791 0.739070 0.490197 0.518914
4 0.254028 0.875064 0.508056 0.248807
5 0.148925 0.239277 0.297851 0.477638
1 0.203906 0.643581 0.407285 0.322779
1 0.717290 0.718311 0.417052 0.319473
4 0.754795 0.913377 0.490014 0.172600
5 0.306180 0.188277 0.216337 0.376554
4 0.101524 0.080972 0.138120 0.161580
5 0.831586 0.058923 0.222333 0.117717
2 0.691551 0.511766 0.359982 0.065583
5 0.914551 0.046784 0.122102 0.093569
4 0.312964 0.023047 0.116983 0.045711
5 0.758167 0.053677 0.118677 0.106982
