5 0.793691 0.214851 0.412321 0.427867
5 0.295744 0.215912 0.591139 0.428690
4 0.793758 0.221782 0.411440 0.413130
2 0.746988 0.538780 0.054420 0.060250
4 0.917238 0.749228 0.165214 0.343282
4 0.228839 0.134313 0.380525 0.268070
4 0.821511 0.690554 0.157203 0.348871
5 0.696441 0.726732 0.215144 0.546429
4 0.691780 0.823590 0.168325 0.342113
5 0.802639 0.714237 0.303280 0.570776
5 0.887209 0.713135 0.225313 0.572355
7 0.665720 0.635188 0.154765 0.385100
3 0.950911 0.543130 0.044799 0.047707
3 0.858803 0.495788 0.045910 0.053617
2 0.966163 0.451896 0.059174 0.043700
3 0.698593 0.450441 0.047927 0.040504
1 0.724486 0.646605 0.055848 0.067610
5 0.952979 0.782447 0.093751 0.433225
3 0.726620 0.647012 0.056088 0.067413
