5 0.769228 0.664681 0.460681 0.669620
5 0.799560 0.164127 0.399150 0.327977
5 0.205271 0.167170 0.410542 0.321241
5 0.384474 0.164197 0.306256 0.328004
4 0.769553 0.857884 0.460101 0.283139
4 0.827976 0.164688 0.311700 0.328901
1 0.200953 0.175361 0.155034 0.097033
2 0.145846 0.064609 0.242513 0.093286
1 0.769302 0.621608 0.454270 0.238115
2 0.706801 0.426024 0.337432 0.192873
5 0.453737 0.065584 0.171930 0.131168
6 0.333611 0.675718 0.032131 0.102708
6 0.491980 0.642120 0.025568 0.075554
1 0.044629 0.066049 0.075756 0.074073
5 0.054408 0.050963 0.108404 0.100270
6 0.196773 0.525450 0.013072 0.036020
6 0.342833 0.533907 0.013323 0.038814
6 0.082820 0.508704 0.013834 0.036237
1 0.493870 0.119143 0.092113 0.060427
2 0.457979 0.034000 0.162888 0.067478
6 0.014850 0.767848 0.029700 0.175882
2 0.475716 0.232211 0.122746 0.042051
6 0.243151 0.500181 0.008522 0.019309
6 0.341208 0.523641 0.011929 0.034640
2 0.479074 0.216426 0.117663 0.049967
6 0.470652 0.532472 0.010422 0.029690
6 0.263450 0.512531 0.011242 0.031514
5 0.024753 0.161069 0.049506 0.322138
6 0.418458 0.511653 0.008466 0.022482
5 0.053633 0.165539 0.107131 0.330729
6 0.195086 0.508718 0.011120 0.027710
5 0.029005 0.053127 0.058010 0.100761
6 0.369411 0.514805 0.008966 0.028239
6 0.046711 0.484685 0.010578 0.031408
6 0.532127 0.519435 0.009761 0.027027
6 0.381012 0.507950 0.007745 0.020549
6 0.444502 0.515809 0.006518 0.021069
