5 0.367852 0.301597 0.341365 0.255496
5 0.769449 0.254125 0.461102 0.350006
5 0.397864 0.713895 0.284975 0.571415
5 0.210034 0.285889 0.418409 0.287443
8 0.669555 0.797834 0.194141 0.298794
1 0.710797 0.264035 0.169176 0.106779
4 0.373296 0.309236 0.332456 0.241123
7 0.398092 0.621794 0.179357 0.388172
5 0.620286 0.215038 0.166711 0.429139
2 0.776775 0.151920 0.249595 0.108973
5 0.916516 0.580485 0.055659 0.167449
5 0.899770 0.123423 0.174468 0.164171
2 0.125869 0.234629 0.251368 0.132394
1 0.894668 0.169191 0.092600 0.082087
1 0.071520 0.369901 0.142425 0.119838
2 0.877985 0.082977 0.132706 0.080928
2 0.894835 0.069638 0.208055 0.131923
5 0.966316 0.220965 0.067251 0.307940
0 0.929123 0.502553 0.017317 0.020190
5 0.969693 0.158966 0.060498 0.205076
2 0.774261 0.041944 0.157761 0.083871
1 0.963695 0.238106 0.064067 0.074858
2 0.969467 0.108719 0.060725 0.083110
1 0.385745 0.198110 0.057006 0.035111
5 0.971799 0.125693 0.055933 0.143403
5 0.931602 0.256547 0.136662 0.320214
8 0.940489 0.726484 0.119021 0.379210
1 0.957314 0.190265 0.083166 0.073917
