9 0.164500 0.810006 0.329001 0.379728
5 0.237533 0.077491 0.183282 0.154982
5 0.164453 0.212240 0.328498 0.424368
5 0.491338 0.309685 0.322069 0.618556
5 0.623238 0.808178 0.555582 0.382587
5 0.747124 0.310970 0.415897 0.620568
5 0.872981 0.809276 0.253446 0.378893
4 0.486360 0.114142 0.154401 0.227064
5 0.900227 0.310526 0.199545 0.620953
7 0.772703 0.162799 0.235838 0.325392
4 0.933763 0.863300 0.132335 0.272881
1 0.026502 0.167890 0.052170 0.101944
4 0.559168 0.847287 0.349577 0.305425
5 0.084288 0.206711 0.168095 0.410894
0 0.950895 0.655337 0.097873 0.073271
3 0.610063 0.674464 0.104171 0.050335
3 0.964288 0.723398 0.070737 0.056166
2 0.237855 0.042285 0.178822 0.084074
2 0.021988 0.055682 0.043532 0.092613
5 0.382573 0.256135 0.106975 0.511671
2 0.264657 0.253788 0.128488 0.052624
1 0.277414 0.133922 0.094573 0.064522
0 0.578299 0.636078 0.216822 0.034927
4 0.977762 0.202768 0.044169 0.396417
0 0.539702 0.635633 0.134983 0.034991
7 0.369118 0.140766 0.076772 0.281532
