9 0.724833 0.256129 0.548222 0.506776
5 0.225820 0.254899 0.451227 0.508400
8 0.169620 0.759101 0.339046 0.481386
1 0.141106 0.269863 0.278519 0.467835
6 0.671215 0.146289 0.051318 0.090621
5 0.755828 0.611593 0.053113 0.127206
6 0.745006 0.050414 0.016852 0.040585
6 0.900739 0.287375 0.084371 0.128934
6 0.536111 0.067176 0.016232 0.038362
6 0.720374 0.076605 0.023358 0.063288
6 0.576398 0.054910 0.014642 0.031626
6 0.455362 0.108734 0.009211 0.029037
6 0.770464 0.067076 0.019966 0.059329
6 0.596714 0.036906 0.011411 0.029063
6 0.618957 0.029501 0.009700 0.025863
6 0.903003 0.342745 0.100587 0.243162
6 0.477930 0.040000 0.009438 0.019344
4 0.746242 0.601706 0.024371 0.043153
6 0.654500 0.020596 0.008856 0.022554
6 0.789054 0.069127 0.020753 0.057595
