5 0.504134 0.174886 0.253040 0.349239
7 0.096830 0.732156 0.059922 0.126018
0 0.336479 0.542484 0.095683 0.102730
7 0.485658 0.171742 0.160574 0.343449
7 0.196420 0.818923 0.210189 0.361443
7 0.520308 0.726612 0.065810 0.133377
0 0.212236 0.560505 0.097527 0.093095
5 0.372765 0.742645 0.254350 0.512707
7 0.368056 0.789514 0.224191 0.354321
7 0.144931 0.698124 0.055006 0.087663
0 0.108428 0.636757 0.036374 0.038396
5 0.189632 0.752689 0.223179 0.494107
5 0.094608 0.799924 0.085172 0.345475
0 0.485392 0.626770 0.051030 0.056748
3 0.339756 0.629987 0.048540 0.049125
5 0.519312 0.794157 0.082955 0.363941
3 0.210308 0.646688 0.044956 0.045266
5 0.132769 0.780570 0.092539 0.335271
7 0.463611 0.750909 0.077330 0.178067
0 0.166314 0.632259 0.038955 0.037812
0 0.510658 0.644806 0.030821 0.044241
0 0.506535 0.636672 0.029084 0.046638
3 0.107967 0.667759 0.015051 0.017649
5 0.465901 0.784463 0.096766 0.370111
0 0.258480 0.651630 0.026415 0.036137
5 0.258594 0.657123 0.031114 0.046740
3 0.167606 0.656409 0.020306 0.013582
3 0.479610 0.667191 0.020285 0.020936
5 0.256074 0.662279 0.021555 0.030577
