8 0.169409 0.209513 0.337886 0.418297
8 0.449818 0.199249 0.185995 0.261439
8 0.646358 0.707477 0.623908 0.574380
7 0.869105 0.811961 0.076817 0.135256
7 0.497659 0.792165 0.063735 0.119291
8 0.243839 0.794480 0.188819 0.410893
7 0.758151 0.830360 0.088068 0.146256
7 0.974269 0.832679 0.051461 0.153505
5 0.496374 0.840287 0.113149 0.303598
0 0.883605 0.703833 0.046119 0.042835
5 0.857761 0.842321 0.126264 0.314084
0 0.798858 0.731338 0.045989 0.046399
0 0.839561 0.727883 0.031982 0.033577
5 0.753581 0.850401 0.122250 0.298604
5 0.957947 0.844808 0.083778 0.310010
0 0.516963 0.697119 0.032453 0.032555
5 0.125736 0.195799 0.040777 0.095100
7 0.822940 0.814250 0.055569 0.121861
5 0.813696 0.853570 0.084659 0.291057
7 0.943091 0.876254 0.035347 0.079081
0 0.992781 0.714824 0.014014 0.036638
8 0.426328 0.363434 0.149620 0.111819
8 0.855262 0.335258 0.289476 0.168063
0 0.983119 0.744983 0.028279 0.031816
5 0.939803 0.877861 0.070234 0.243158
3 0.833055 0.763173 0.018301 0.020183
1 0.511321 0.728170 0.022073 0.018145
3 0.830728 0.760379 0.013512 0.016557
7 0.122441 0.199461 0.019148 0.041030
0 0.989819 0.745890 0.019182 0.024768
3 0.510349 0.730224 0.021209 0.018610
8 0.868165 0.709419 0.263670 0.581162
