5 0.586414 0.640752 0.454226 0.717199
1 0.481656 0.599478 0.243945 0.214995
5 0.792592 0.643627 0.414759 0.712694
4 0.506411 0.864031 0.294345 0.271904
5 0.541914 0.139465 0.316234 0.278920
2 0.511772 0.391943 0.291014 0.184131
5 0.179873 0.101231 0.359708 0.202462
0 0.580756 0.126908 0.070126 0.080740
4 0.903928 0.882952 0.191619 0.233850
0 0.746348 0.199344 0.041124 0.053802
5 0.737680 0.186011 0.212311 0.183813
7 0.552640 0.239239 0.150682 0.078589
3 0.745420 0.245670 0.034027 0.034103
1 0.106560 0.054868 0.210828 0.109369
