8 0.421455 0.517664 0.355892 0.458525
5 0.109776 0.144523 0.219438 0.288048
8 0.240885 0.697035 0.477890 0.605547
7 0.083825 0.139002 0.166493 0.176406
4 0.707723 0.610433 0.116594 0.195247
4 0.898977 0.610037 0.136448 0.197167
5 0.752466 0.643422 0.306207 0.578180
5 0.902380 0.730743 0.194914 0.538414
0 0.182254 0.058674 0.066192 0.107934
2 0.689810 0.400271 0.076267 0.079452
3 0.696078 0.497073 0.052943 0.047474
3 0.168474 0.109981 0.032052 0.050971
3 0.163447 0.100116 0.028842 0.055051
4 0.986828 0.581143 0.026129 0.154095
4 0.613811 0.664765 0.026859 0.104047
