8 0.824850 0.765706 0.349123 0.466604
8 0.263369 0.739902 0.525596 0.518857
5 0.495947 0.717211 0.119337 0.268527
8 0.825174 0.596485 0.346519 0.234566
4 0.502047 0.692992 0.075487 0.094542
5 0.140924 0.409578 0.047182 0.136837
8 0.870258 0.332315 0.258992 0.292429
0 0.282860 0.416164 0.018838 0.028419
8 0.253274 0.370271 0.029579 0.033752
9 0.221968 0.380127 0.034162 0.031642
4 0.142454 0.394893 0.025386 0.053718
5 0.276861 0.439901 0.047471 0.081224
3 0.499477 0.639005 0.020604 0.029221
2 0.500715 0.598339 0.024345 0.019913
0 0.145637 0.351651 0.017518 0.019020
9 0.008551 0.364384 0.015174 0.024980
9 0.276821 0.384950 0.027446 0.032740
