8 0.190352 0.431443 0.380704 0.471814
8 0.690613 0.417338 0.610052 0.502850
7 0.913267 0.448665 0.061931 0.090691
7 0.160041 0.842771 0.318664 0.314055
5 0.180883 0.833932 0.361766 0.331885
5 0.898443 0.489216 0.115101 0.238631
9 0.684869 0.746500 0.037565 0.030204
5 0.748700 0.910768 0.070525 0.178465
8 0.846951 0.772547 0.031733 0.042557
5 0.767185 0.812798 0.057639 0.144096
4 0.751739 0.902653 0.032094 0.079144
9 0.725642 0.742415 0.028609 0.025406
0 0.762430 0.840508 0.025835 0.037339
4 0.765109 0.789533 0.033533 0.058886
0 0.894454 0.392155 0.023759 0.029322
9 0.758679 0.730463 0.032259 0.030277
0 0.781509 0.751086 0.022198 0.030227
0 0.902015 0.393353 0.028983 0.026623
0 0.884091 0.389093 0.025482 0.033287
9 0.895476 0.772134 0.037156 0.026913
0 0.910590 0.392441 0.027687 0.023141
