5 0.587274 0.806456 0.315454 0.384261
5 0.592483 0.510097 0.326862 0.202189
8 0.212889 0.747045 0.425778 0.454593
4 0.687363 0.730897 0.127286 0.221845
5 0.173592 0.186725 0.272764 0.373120
5 0.815229 0.818148 0.167489 0.363150
0 0.872697 0.657938 0.108893 0.066253
4 0.801812 0.891507 0.141337 0.216085
0 0.921001 0.746031 0.078008 0.064531
5 0.872954 0.857522 0.252423 0.284324
3 0.849398 0.753250 0.063103 0.052207
7 0.198336 0.049847 0.158724 0.099217
5 0.873072 0.516751 0.234896 0.215947
0 0.952761 0.794196 0.044375 0.054782
4 0.907684 0.960284 0.184569 0.079400
4 0.640477 0.446204 0.191419 0.074627
5 0.779918 0.770405 0.040587 0.054726
0 0.984287 0.788533 0.031420 0.075140
0 0.805009 0.739030 0.029995 0.044136
5 0.294802 0.860409 0.026935 0.045993
5 0.914814 0.796795 0.091322 0.159561
5 0.934352 0.846536 0.072997 0.156088
3 0.976753 0.879642 0.039537 0.034699
3 0.903748 0.815631 0.035196 0.028361
5 0.760028 0.736907 0.031530 0.108901
0 0.755064 0.720352 0.026472 0.071789
0 0.777334 0.767667 0.036426 0.045925
4 0.546182 0.510954 0.214054 0.196711
4 0.920000 0.889059 0.065160 0.062381
5 0.757506 0.769975 0.029696 0.069591
3 0.488629 0.470373 0.043475 0.049441
5 0.021065 0.697595 0.027404 0.032536
0 0.985353 0.807894 0.029266 0.052342
5 0.754353 0.752787 0.029724 0.081176
3 0.932815 0.843769 0.025963 0.023031
5 0.026764 0.702452 0.017136 0.025190
5 0.800135 0.758022 0.036847 0.089365
4 0.813162 0.572438 0.121878 0.103144
