5 0.635435 0.120487 0.149464 0.240914
8 0.091717 0.790329 0.183414 0.393755
5 0.216014 0.099356 0.162703 0.196961
8 0.428934 0.921663 0.554540 0.156445
5 0.507956 0.161917 0.222369 0.323044
7 0.648033 0.016293 0.094986 0.032197
7 0.509627 0.040044 0.105299 0.080009
5 0.555890 0.139948 0.145028 0.278335
5 0.934337 0.912734 0.130876 0.174269
5 0.934393 0.764020 0.130764 0.469998
7 0.214293 0.017499 0.094758 0.034819
5 0.489154 0.982745 0.043336 0.034336
5 0.595680 0.111268 0.139796 0.222127
7 0.561515 0.015541 0.101111 0.030830
5 0.597613 0.081563 0.103639 0.163126
4 0.972714 0.684735 0.054348 0.288176
