9 0.234143 0.785788 0.466665 0.428425
4 0.552417 0.077615 0.164097 0.154851
8 0.157949 0.279491 0.315821 0.558638
8 0.654445 0.865957 0.216152 0.268085
8 0.243030 0.183435 0.284297 0.365147
8 0.517237 0.878202 0.097282 0.239499
5 0.717059 0.150461 0.496199 0.300231
5 0.263679 0.656813 0.396459 0.176207
5 0.287235 0.171343 0.033507 0.079084
3 0.142635 0.589035 0.070061 0.041191
8 0.806260 0.948758 0.119746 0.099059
8 0.912620 0.911125 0.174760 0.176473
5 0.724009 0.271883 0.517527 0.543766
9 0.808347 0.950334 0.116536 0.094999
