8 0.451724 0.857666 0.253527 0.284585
8 0.162864 0.112525 0.325727 0.225049
8 0.240464 0.850235 0.477550 0.299047
4 0.904157 0.459618 0.181202 0.141534
5 0.770127 0.362484 0.375787 0.300708
4 0.759283 0.730514 0.069092 0.114257
0 0.860328 0.280782 0.099039 0.067160
0 0.951645 0.306551 0.096711 0.133179
5 0.748288 0.785744 0.119959 0.340790
3 0.887885 0.329070 0.048595 0.052526
3 0.840817 0.344519 0.056722 0.036550
3 0.762985 0.665195 0.021535 0.022273
8 0.689751 0.480654 0.219557 0.098516
2 0.766742 0.630718 0.024443 0.025429
8 0.049218 0.770557 0.098436 0.452432
3 0.879712 0.338072 0.042218 0.040136
