5 0.775626 0.788791 0.447606 0.420709
5 0.276298 0.788556 0.548711 0.419236
4 0.275927 0.796015 0.550371 0.405083
8 0.775368 0.289834 0.447412 0.577572
4 0.773376 0.826409 0.448298 0.345907
7 0.239814 0.302556 0.145713 0.320578
1 0.684498 0.638975 0.269919 0.116624
7 0.429391 0.323673 0.131301 0.269112
5 0.406505 0.329860 0.219409 0.498163
0 0.432299 0.124226 0.067819 0.083948
5 0.224708 0.294899 0.249028 0.568295
0 0.290102 0.073742 0.076052 0.101014
3 0.425848 0.204419 0.031041 0.036442
3 0.288853 0.148606 0.024705 0.040017
5 0.883866 0.290766 0.231345 0.579397
