8 0.187716 0.756446 0.374868 0.484225
4 0.158115 0.855871 0.047308 0.103277
5 0.174639 0.872130 0.136572 0.255585
5 0.677053 0.734158 0.432626 0.529076
6 0.685900 0.733041 0.426482 0.533205
9 0.506087 0.129669 0.092999 0.255975
5 0.398699 0.833419 0.119290 0.333145
2 0.403558 0.696807 0.045588 0.060568
5 0.357263 0.674157 0.084607 0.320942
4 0.358340 0.604886 0.051691 0.106712
4 0.414183 0.780342 0.081609 0.171898
3 0.497008 0.754614 0.074896 0.147420
5 0.644432 0.380575 0.043453 0.171391
2 0.170048 0.762276 0.034597 0.027405
7 0.950691 0.431610 0.028396 0.065765
5 0.949416 0.417933 0.041775 0.098906
2 0.359480 0.526451 0.028676 0.021253
3 0.171593 0.792575 0.021215 0.019277
0 0.651974 0.303804 0.014740 0.020860
0 0.951145 0.380801 0.015379 0.023041
4 0.504866 0.912974 0.092559 0.172608
