8 0.403997 0.659429 0.538211 0.679968
7 0.439427 0.176558 0.055741 0.105242
5 0.437942 0.195974 0.115068 0.248730
5 0.509887 0.182136 0.065942 0.162533
0 0.441808 0.093284 0.031366 0.033635
7 0.513064 0.158639 0.039519 0.055833
7 0.011143 0.169177 0.022286 0.056040
5 0.131588 0.969626 0.030066 0.059793
0 0.522254 0.116030 0.027811 0.027864
0 0.474954 0.084545 0.034552 0.028973
5 0.019493 0.199285 0.038986 0.156144
0 0.024421 0.137080 0.019316 0.025401
7 0.130806 0.977741 0.017732 0.038555
0 0.510403 0.117325 0.014311 0.021031
6 0.598858 0.251518 0.014978 0.031312
8 0.039521 0.934007 0.077611 0.087183
5 0.011365 0.211856 0.022730 0.206306
0 0.515284 0.115249 0.022141 0.023602
6 0.580222 0.221928 0.012683 0.024911
3 0.471184 0.110212 0.024701 0.019956
