8 0.794586 0.794060 0.410328 0.410620
8 0.689467 0.167742 0.204630 0.332958
8 0.852251 0.673958 0.113182 0.171026
8 0.724164 0.388427 0.180989 0.303954
8 0.304308 0.792806 0.562987 0.407261
5 0.493734 0.644804 0.066784 0.112058
9 0.791525 0.019246 0.083309 0.037844
9 0.870133 0.020679 0.066050 0.037598
9 0.712163 0.015134 0.094187 0.030268
7 0.493543 0.615643 0.021927 0.043833
9 0.617001 0.021127 0.054057 0.040535
9 0.899610 0.018404 0.097003 0.035903
5 0.766334 0.672252 0.018627 0.042137
5 0.742819 0.367176 0.019394 0.029078
7 0.500009 0.615051 0.029897 0.053701
7 0.514356 0.610486 0.018219 0.032746
