9 0.813071 0.321849 0.372768 0.271029
5 0.147501 0.353118 0.066735 0.134123
5 0.216260 0.333423 0.069527 0.146188
6 0.718357 0.201413 0.035133 0.062185
0 0.203315 0.276313 0.022970 0.025205
6 0.550916 0.227653 0.026568 0.049733
0 0.147537 0.299944 0.023694 0.025940
4 0.217804 0.310957 0.033266 0.044354
6 0.580399 0.157521 0.013073 0.025625
4 0.144905 0.354660 0.035442 0.060990
6 0.650224 0.144101 0.016056 0.032046
6 0.812002 0.111800 0.016902 0.039096
6 0.502238 0.212960 0.015473 0.033159
6 0.829076 0.059917 0.008918 0.021826
6 0.807345 0.082873 0.012622 0.028412
6 0.858877 0.077942 0.013029 0.029037
6 0.765181 0.075328 0.010581 0.022334
6 0.914038 0.048102 0.012604 0.022439
6 0.961148 0.057597 0.013713 0.025804
6 0.671304 0.102560 0.011239 0.023135
6 0.737877 0.101573 0.013002 0.025103
6 0.809079 0.098037 0.013979 0.041630
6 0.706241 0.091739 0.007401 0.016501
