5 0.244297 0.243913 0.486892 0.487122
5 0.744196 0.752506 0.510958 0.494348
5 0.829569 0.244233 0.331420 0.483296
5 0.366232 0.743559 0.248456 0.510441
7 0.802501 0.303729 0.166730 0.336794
2 0.669871 0.706568 0.364330 0.327584
0 0.756235 0.069610 0.098139 0.137635
5 0.227430 0.730394 0.201246 0.482458
5 0.099168 0.703483 0.186690 0.429027
1 0.694086 0.934397 0.404674 0.130921
7 0.078687 0.124515 0.157029 0.248672
3 0.768055 0.164950 0.038554 0.052107
5 0.040553 0.686894 0.081107 0.392866
4 0.347166 0.522237 0.146214 0.067648
4 0.097575 0.538911 0.080468 0.100832
4 0.315941 0.515604 0.107901 0.053122
0 0.824078 0.145079 0.039052 0.050478
7 0.305022 0.248050 0.375724 0.496100
1 0.677448 0.964404 0.379714 0.071193
4 0.375195 0.515602 0.119483 0.054299
