5 0.288678 0.675770 0.576785 0.647441
4 0.286635 0.839670 0.573270 0.318194
1 0.354491 0.527904 0.450399 0.267936
5 0.851365 0.745299 0.223797 0.508569
4 0.874488 0.832832 0.176041 0.332087
2 0.885542 0.526276 0.064213 0.066813
3 0.883650 0.625304 0.054305 0.055405
6 0.742857 0.217511 0.011113 0.030588
6 0.591342 0.243065 0.015899 0.035147
6 0.632029 0.224341 0.011050 0.026980
6 0.768329 0.208427 0.007906 0.022079
2 0.350458 0.371511 0.474121 0.043106
6 0.685972 0.229060 0.011616 0.030289
6 0.780246 0.211963 0.010886 0.026622
6 0.744996 0.210774 0.009903 0.025781
6 0.848437 0.171080 0.014638 0.027321
2 0.323162 0.385257 0.535898 0.069367
6 0.940773 0.181212 0.008553 0.016065
6 0.689667 0.218939 0.011559 0.031947
6 0.771689 0.209583 0.012660 0.027638
