5 0.300002 0.766138 0.599105 0.467297
8 0.485834 0.264021 0.227944 0.527819
0 0.178759 0.122298 0.184392 0.244094
0 0.281850 0.414656 0.188338 0.230213
5 0.134229 0.262145 0.267116 0.523644
1 0.163161 0.912865 0.325843 0.174214
5 0.240482 0.397822 0.473614 0.261011
8 0.804052 0.634677 0.389389 0.212947
4 0.827655 0.325476 0.173345 0.346287
2 0.210526 0.716920 0.420946 0.287400
1 0.097811 0.247239 0.119703 0.218624
5 0.889016 0.265270 0.220450 0.529997
7 0.658199 0.128462 0.113728 0.256727
2 0.881932 0.060338 0.057090 0.061439
7 0.806278 0.149042 0.174830 0.297158
7 0.073081 0.283145 0.146162 0.508372
5 0.794333 0.268378 0.279142 0.517959
7 0.237380 0.446049 0.467152 0.165982
4 0.942441 0.210183 0.115119 0.340688
5 0.688849 0.262505 0.170667 0.523792
5 0.953238 0.285358 0.093524 0.490263
4 0.315140 0.949789 0.571065 0.100366
3 0.983979 0.032506 0.030961 0.054976
4 0.979174 0.282118 0.041515 0.292886
1 0.085705 0.231883 0.142003 0.379872
3 0.837746 0.009385 0.039027 0.018363
1 0.861735 0.156717 0.052330 0.067022
3 0.987247 0.044441 0.025506 0.051565
