4 0.247333 0.759933 0.133733 0.155592
5 0.277021 0.793814 0.288714 0.410986
5 0.898318 0.108629 0.203194 0.213973
0 0.474097 0.082335 0.074245 0.106840
7 0.473438 0.290546 0.153874 0.281329
0 0.220596 0.638479 0.069515 0.063976
7 0.419654 0.256874 0.082572 0.184604
9 0.928395 0.824872 0.141898 0.350075
5 0.446393 0.223966 0.177684 0.429079
0 0.397138 0.128796 0.034812 0.057466
3 0.227146 0.683397 0.043975 0.033065
6 0.659075 0.759824 0.021304 0.036596
6 0.866476 0.693023 0.030214 0.056010
6 0.751535 0.721385 0.021691 0.043303
5 0.906502 0.327628 0.186234 0.219371
6 0.576250 0.804107 0.019874 0.036409
3 0.449887 0.127103 0.030750 0.059418
6 0.990839 0.665125 0.018322 0.072164
4 0.966424 0.253399 0.066745 0.085704
5 0.429240 0.284539 0.136294 0.307331
