5 0.824792 0.753364 0.350415 0.491084
5 0.866231 0.254307 0.267173 0.508094
5 0.429967 0.756689 0.442769 0.485394
0 0.469463 0.637580 0.207104 0.230827
7 0.764869 0.701520 0.230173 0.383684
9 0.796106 0.131353 0.292817 0.262705
3 0.494210 0.823291 0.081003 0.093919
7 0.885656 0.254746 0.228569 0.509093
7 0.388307 0.888546 0.363082 0.222361
0 0.023856 0.557593 0.047441 0.097332
5 0.711071 0.254389 0.123791 0.504671
9 0.241191 0.888308 0.366681 0.223151
5 0.106260 0.755075 0.212361 0.488629
7 0.036674 0.819484 0.073349 0.359780
3 0.013344 0.645934 0.026595 0.072293
5 0.053153 0.754319 0.105745 0.489588
