8 0.672911 0.749972 0.650705 0.500056
5 0.524759 0.749636 0.223305 0.499876
1 0.157663 0.236909 0.262823 0.472612
7 0.468902 0.783674 0.094328 0.291455
5 0.042518 0.751535 0.085027 0.495747
5 0.923229 0.362971 0.049856 0.174636
5 0.807361 0.180656 0.038504 0.179032
3 0.462710 0.560238 0.030865 0.043461
7 0.953295 0.286272 0.030815 0.061426
8 0.380246 0.384988 0.059577 0.220298
5 0.524899 0.116935 0.039200 0.166219
7 0.923758 0.330869 0.033121 0.062321
0 0.909253 0.227275 0.014207 0.020247
5 0.954213 0.315588 0.039135 0.174578
0 0.806765 0.102756 0.014501 0.018229
7 0.807133 0.151681 0.025366 0.058630
7 0.908221 0.263975 0.020531 0.043397
1 0.022698 0.293413 0.045395 0.247971
1 0.032374 0.273173 0.064692 0.288636
5 0.908157 0.254926 0.031656 0.080226
8 0.958318 0.159691 0.083268 0.285182
0 0.953227 0.235177 0.013536 0.015389
1 0.316895 0.280635 0.068158 0.312139
