8 0.159955 0.254984 0.319358 0.509434
9 0.732849 0.254109 0.532925 0.507773
8 0.158187 0.727892 0.316256 0.436276
5 0.451745 0.255109 0.264615 0.509183
7 0.649957 0.760308 0.133583 0.231583
7 0.432368 0.248481 0.226454 0.490848
5 0.402986 0.817368 0.170084 0.365109
5 0.648808 0.790789 0.222578 0.417107
0 0.566037 0.637386 0.054236 0.086843
5 0.489760 0.627400 0.141923 0.197497
0 0.384451 0.680927 0.061461 0.076733
7 0.362431 0.811500 0.086899 0.216870
7 0.495050 0.662454 0.096536 0.103838
6 0.534319 0.209115 0.033738 0.047819
0 0.475083 0.560365 0.046986 0.060016
0 0.455444 0.591881 0.033343 0.046495
3 0.388327 0.012931 0.046766 0.025776
5 0.453567 0.633271 0.088841 0.188656
1 0.388631 0.737430 0.027423 0.048941
1 0.484945 0.614263 0.032179 0.034136
7 0.456102 0.664754 0.062680 0.098940
