5 0.785476 0.227651 0.428795 0.453708
8 0.365936 0.756354 0.410225 0.395058
4 0.276563 0.155349 0.089283 0.195602
0 0.382793 0.099613 0.050312 0.064217
4 0.436474 0.095850 0.057560 0.104697
5 0.379079 0.239212 0.186069 0.352713
5 0.435231 0.158811 0.123024 0.317621
5 0.240435 0.220418 0.198589 0.440835
4 0.358002 0.184191 0.062863 0.100643
4 0.862320 0.077819 0.270771 0.154860
0 0.453325 0.014047 0.034288 0.027804
3 0.257390 0.050678 0.027370 0.034652
0 0.271690 0.013430 0.068584 0.026732
9 0.728641 0.949802 0.218062 0.099775
3 0.446618 0.047135 0.018774 0.020817
4 0.619781 0.941722 0.019208 0.032804
0 0.621193 0.915718 0.014080 0.017521
5 0.618275 0.948246 0.037804 0.089125
8 0.720884 0.948404 0.270384 0.101700
0 0.991612 0.978287 0.016409 0.033894
