8 0.296003 0.799899 0.309498 0.397786
1 0.641026 0.689531 0.070770 0.101055
4 0.709816 0.861286 0.163821 0.276759
1 0.604939 0.803274 0.088588 0.130470
5 0.696004 0.799739 0.241737 0.399216
2 0.553305 0.685935 0.125948 0.112631
5 0.335641 0.136083 0.151406 0.271042
4 0.647065 0.934228 0.273621 0.129339
6 0.486716 0.054262 0.069447 0.107869
4 0.878610 0.807253 0.232024 0.385494
8 0.054663 0.735271 0.109071 0.269839
2 0.622601 0.617609 0.087895 0.036971
9 0.095847 0.024923 0.146215 0.049717
1 0.955536 0.616814 0.088129 0.032540
4 0.509351 0.907053 0.118070 0.184394
5 0.847882 0.799939 0.304236 0.398670
1 0.980863 0.755085 0.038275 0.282716
5 0.500264 0.663156 0.062426 0.124566
4 0.497266 0.948979 0.094752 0.100719
8 0.724385 0.301921 0.540880 0.603495
