4 0.821332 0.890861 0.084747 0.190067
0 0.816249 0.736230 0.056645 0.066191
4 0.950008 0.864476 0.099983 0.269422
4 0.504821 0.340549 0.117362 0.056727
5 0.931760 0.800151 0.136389 0.397469
5 0.820893 0.848982 0.133387 0.301344
2 0.566630 0.275664 0.045129 0.046131
5 0.468873 0.307339 0.254523 0.122948
7 0.411180 0.973275 0.053118 0.052415
5 0.714804 0.680742 0.027403 0.114636
0 0.419770 0.917008 0.034809 0.040661
4 0.715561 0.658832 0.014109 0.028679
5 0.410214 0.946977 0.069386 0.104508
0 0.702630 0.970369 0.025525 0.031112
0 0.983724 0.652263 0.032553 0.127676
0 0.717064 0.632989 0.013637 0.016909
5 0.337032 0.974511 0.069288 0.050956
5 0.688102 0.975091 0.072382 0.049750
2 0.337405 0.964937 0.024113 0.023471
4 0.765475 0.972938 0.034684 0.052882
5 0.170768 0.083659 0.016761 0.036340
0 0.337324 0.963433 0.022775 0.023104
