5 0.252340 0.788688 0.503906 0.419992
7 0.258443 0.692465 0.228781 0.225930
5 0.775156 0.371606 0.447061 0.417549
2 0.606181 0.271587 0.184076 0.163543
1 0.777381 0.465719 0.132470 0.136805
2 0.751936 0.142452 0.090951 0.068439
5 0.661428 0.354023 0.305456 0.451456
2 0.776331 0.272594 0.143252 0.147602
5 0.738714 0.197825 0.131471 0.191165
3 0.590927 0.479480 0.088910 0.093479
0 0.208526 0.424616 0.066244 0.074783
4 0.202753 0.538582 0.117836 0.081857
5 0.196739 0.480562 0.175451 0.197544
5 0.920876 0.293055 0.158249 0.574610
3 0.708535 0.236996 0.044689 0.049511
5 0.290614 0.547199 0.044970 0.063668
4 0.974888 0.454663 0.050022 0.245559
2 0.535833 0.040559 0.054476 0.081117
5 0.561596 0.295448 0.105570 0.578139
