5 0.169329 0.768892 0.338265 0.461337
5 0.669773 0.769886 0.657567 0.459894
1 0.169876 0.740193 0.339291 0.318632
2 0.563357 0.656073 0.426197 0.235689
1 0.553810 0.907394 0.412142 0.184805
5 0.772750 0.234092 0.036072 0.087189
5 0.725959 0.047767 0.064593 0.095534
5 0.655629 0.036491 0.088535 0.072981
0 0.311584 0.307508 0.057427 0.160772
4 0.170612 0.918615 0.339079 0.162667
7 0.027577 0.190699 0.055133 0.353103
7 0.837154 0.240416 0.042731 0.061300
5 0.834674 0.249434 0.049135 0.078378
5 0.043043 0.271004 0.085999 0.542009
0 0.846585 0.229101 0.018661 0.032376
7 0.641144 0.014799 0.054080 0.028681
7 0.720782 0.025682 0.043631 0.051365
0 0.774446 0.214242 0.023164 0.036663
5 0.306977 0.380584 0.067472 0.320693
3 0.041483 0.024930 0.027723 0.041548
2 0.170256 0.567252 0.340513 0.057462
7 0.654170 0.012233 0.040288 0.024294
