9 0.555381 0.172454 0.102209 0.096294
5 0.675843 0.290523 0.234435 0.581046
7 0.655766 0.147291 0.152305 0.288064
7 0.823472 0.078471 0.090599 0.143258
5 0.292409 0.162008 0.142491 0.323823
7 0.281501 0.053104 0.091937 0.105926
5 0.183250 0.229451 0.216867 0.458035
5 0.836969 0.228039 0.165039 0.454467
5 0.801178 0.789029 0.395972 0.421315
4 0.839290 0.790846 0.276304 0.417713
9 0.701700 0.152069 0.225587 0.143541
7 0.172925 0.108040 0.118823 0.212785
4 0.926033 0.785654 0.147922 0.416447
5 0.207952 0.928730 0.184767 0.142286
7 0.194267 0.079033 0.132559 0.158066
9 0.671451 0.179166 0.183487 0.172768
5 0.242136 0.170211 0.121637 0.336556
5 0.127108 0.157565 0.109262 0.308974
7 0.341912 0.021881 0.082095 0.043762
