1 0.743195 0.297071 0.080127 0.119095
4 0.116553 0.890131 0.170577 0.215753
8 0.668083 0.763425 0.652427 0.426880
8 0.865554 0.733275 0.267929 0.366169
5 0.130336 0.801297 0.259523 0.396739
4 0.460632 0.346730 0.240309 0.408771
4 0.652866 0.390241 0.119844 0.315666
5 0.478007 0.272050 0.278202 0.544100
4 0.906189 0.419763 0.172270 0.262348
1 0.698062 0.192701 0.060539 0.087746
2 0.776197 0.179922 0.107903 0.098814
2 0.142195 0.682533 0.104698 0.144706
4 0.735304 0.456573 0.231695 0.187015
1 0.388807 0.107209 0.100346 0.142737
5 0.667312 0.297948 0.184560 0.499277
2 0.934283 0.175273 0.097012 0.088910
5 0.257353 0.218534 0.163573 0.435852
2 0.712415 0.098708 0.089975 0.085959
2 0.932540 0.064599 0.033362 0.034454
1 0.942538 0.268899 0.054522 0.085607
3 0.118739 0.810389 0.058638 0.059248
2 0.768745 0.050447 0.023713 0.029177
5 0.060121 0.208054 0.120174 0.411995
1 0.925179 0.104296 0.023029 0.018998
5 0.766915 0.082176 0.037410 0.095536
1 0.919724 0.115133 0.029168 0.029371
5 0.677893 0.092621 0.022552 0.051743
4 0.768359 0.091195 0.023342 0.066431
4 0.767605 0.105856 0.020775 0.039582
4 0.166187 0.917835 0.076989 0.164329
1 0.907748 0.119952 0.020939 0.028275
4 0.769272 0.079244 0.027111 0.094990
5 0.927155 0.095544 0.054056 0.091667
2 0.397801 0.013426 0.116908 0.026852
1 0.930083 0.094423 0.020782 0.015433
