9 0.306294 0.881098 0.588217 0.237448
8 0.308811 0.234364 0.582958 0.466492
8 0.432345 0.206339 0.351667 0.409467
8 0.770677 0.086941 0.247703 0.158381
6 0.206808 0.629746 0.024867 0.057184
6 0.023359 0.850566 0.046543 0.131026
6 0.479652 0.645562 0.021218 0.051408
5 0.590268 0.396408 0.037511 0.139675
6 0.469364 0.606228 0.016072 0.033112
6 0.249187 0.587803 0.016268 0.035655
6 0.359178 0.562093 0.009039 0.023999
6 0.552543 0.613719 0.012540 0.029742
6 0.158734 0.557052 0.010742 0.021546
6 0.442295 0.570106 0.007552 0.021523
6 0.592023 0.598577 0.009676 0.023877
6 0.179905 0.548301 0.006799 0.023089
6 0.297526 0.565859 0.013048 0.032932
6 0.362228 0.562903 0.009773 0.023820
5 0.645491 0.708333 0.071545 0.476246
8 0.803138 0.070568 0.381043 0.141136
5 0.310391 0.168010 0.031806 0.052425
6 0.294817 0.558631 0.013372 0.034213
