8 0.364254 0.640702 0.726681 0.717973
5 0.168094 0.139407 0.335808 0.278709
7 0.142436 0.163577 0.284872 0.230630
0 0.144896 0.024905 0.148138 0.049378
3 0.124553 0.112353 0.057094 0.065324
6 0.748846 0.239470 0.026136 0.075395
6 0.957168 0.133873 0.010740 0.025170
5 0.895205 0.075919 0.013341 0.033674
7 0.200125 0.169064 0.151662 0.219884
5 0.944427 0.085698 0.013734 0.032458
5 0.851450 0.072011 0.016619 0.036261
5 0.848018 0.081395 0.018651 0.055408
5 0.847825 0.079444 0.015164 0.038117
5 0.942443 0.106450 0.016120 0.070166
