0 0.684669 0.814382 0.167682 0.091920
5 0.703700 0.882165 0.287011 0.234822
8 0.610232 0.531880 0.097515 0.111973
4 0.710845 0.932936 0.245548 0.134070
8 0.836371 0.488423 0.135201 0.135091
4 0.788968 0.768081 0.210698 0.157682
5 0.191808 0.253712 0.383431 0.505445
5 0.760951 0.824814 0.255347 0.274860
5 0.949615 0.742643 0.089234 0.109387
4 0.956138 0.736920 0.068860 0.083123
6 0.202798 0.899808 0.024182 0.054877
3 0.650620 0.874963 0.034085 0.033677
5 0.910944 0.740050 0.056494 0.102585
9 0.583090 0.388342 0.038019 0.037183
8 0.373053 0.055709 0.093322 0.111418
