5 0.830335 0.236771 0.338608 0.366225
5 0.829500 0.736482 0.338940 0.526025
0 0.750005 0.188038 0.182522 0.210083
7 0.211526 0.294144 0.166825 0.245960
5 0.092435 0.229989 0.184852 0.376431
1 0.827951 0.864190 0.335087 0.271339
5 0.236794 0.244439 0.292005 0.346768
0 0.128874 0.154791 0.074036 0.111033
3 0.777783 0.352276 0.117285 0.105831
7 0.043489 0.302485 0.086790 0.233942
2 0.812294 0.651793 0.306606 0.202754
0 0.022289 0.107904 0.044533 0.097949
3 0.156236 0.216677 0.027009 0.039938
3 0.021640 0.193336 0.034452 0.047977
