4 0.801897 0.607330 0.067551 0.110117
8 0.324555 0.773746 0.643970 0.451621
5 0.843194 0.240585 0.313219 0.357414
8 0.251105 0.209254 0.489232 0.417537
8 0.414570 0.607623 0.528278 0.377098
5 0.804920 0.657495 0.109135 0.331430
2 0.970224 0.141061 0.059454 0.089600
5 0.653238 0.551976 0.049087 0.103857
4 0.954444 0.357053 0.091067 0.125475
5 0.220607 0.865852 0.039775 0.057125
7 0.666625 0.541267 0.023267 0.032836
2 0.785848 0.511707 0.025400 0.020955
3 0.786601 0.546963 0.020150 0.023273
3 0.978602 0.292558 0.042563 0.114822
3 0.980089 0.265676 0.039822 0.081166
3 0.976396 0.244731 0.046638 0.064139
2 0.666799 0.507399 0.013917 0.013923
4 0.666611 0.541422 0.023333 0.033359
5 0.074237 0.404040 0.022437 0.032158
