5 0.184599 0.734726 0.368834 0.530146
1 0.184308 0.873454 0.365973 0.252557
2 0.183981 0.628415 0.367010 0.283069
7 0.553225 0.810105 0.226277 0.336344
0 0.636201 0.563890 0.086350 0.086706
5 0.542977 0.751389 0.316127 0.495222
5 0.856176 0.525605 0.278391 0.113436
0 0.491417 0.549477 0.049008 0.059875
7 0.424022 0.668467 0.113012 0.385326
5 0.432636 0.734167 0.128077 0.529267
5 0.455687 0.671438 0.106801 0.311098
4 0.185268 0.947222 0.367682 0.105184
6 0.563468 0.915634 0.123640 0.162441
4 0.834508 0.511398 0.189757 0.085690
1 0.465630 0.604908 0.025258 0.037574
5 0.474817 0.229904 0.210148 0.459755
1 0.470619 0.594216 0.021282 0.030972
4 0.462818 0.179672 0.184809 0.358380
7 0.465138 0.668047 0.066447 0.159717
5 0.060202 0.232995 0.120404 0.465777
