5 0.693771 0.778945 0.393450 0.442110
6 0.612499 0.274660 0.260357 0.517677
5 0.818909 0.723993 0.324550 0.331687
2 0.702203 0.377613 0.086307 0.092108
5 0.663231 0.436373 0.378817 0.243617
8 0.359180 0.694364 0.082953 0.252086
8 0.243382 0.593169 0.163295 0.072360
7 0.732260 0.594367 0.271838 0.071355
5 0.047756 0.287347 0.095198 0.543561
3 0.636618 0.527955 0.065100 0.059811
7 0.875662 0.585738 0.153170 0.053564
8 0.350483 0.768502 0.097263 0.422635
6 0.260304 0.666339 0.022115 0.044939
6 0.259733 0.685736 0.024635 0.066737
