5 0.189268 0.765835 0.378399 0.468089
8 0.190140 0.265420 0.377352 0.525549
8 0.307789 0.400683 0.143756 0.255465
8 0.923143 0.855150 0.153602 0.289584
8 0.749651 0.871651 0.211180 0.256697
8 0.783164 0.267910 0.431460 0.531580
8 0.569053 0.226313 0.284574 0.444776
2 0.296891 0.659806 0.162802 0.238272
5 0.624644 0.264405 0.037062 0.047654
8 0.453723 0.943784 0.145763 0.112375
5 0.168051 0.333707 0.027340 0.081577
7 0.167000 0.319101 0.016548 0.027914
9 0.602848 0.976504 0.097974 0.046054
5 0.254822 0.508760 0.048864 0.042393
1 0.319920 0.926860 0.118210 0.145717
5 0.543429 0.976862 0.017961 0.026185
8 0.339033 0.266865 0.079839 0.129741
6 0.772353 0.539602 0.017539 0.021631
5 0.230228 0.511388 0.030175 0.033129
