5 0.774724 0.155240 0.448947 0.310480
8 0.773222 0.653525 0.452687 0.689107
5 0.197623 0.653811 0.395246 0.687649
5 0.369455 0.651511 0.362469 0.689321
5 0.160087 0.154260 0.276437 0.308377
7 0.173118 0.162329 0.163024 0.291961
7 0.381064 0.163678 0.159327 0.291753
3 0.644445 0.200644 0.190459 0.217405
5 0.348197 0.154540 0.276279 0.309079
5 0.644967 0.652955 0.190503 0.689092
7 0.621711 0.624929 0.137307 0.334881
0 0.250195 0.026783 0.079968 0.053254
4 0.126581 0.458153 0.251584 0.291823
4 0.456018 0.471618 0.189419 0.320191
2 0.684092 0.336668 0.086222 0.054588
3 0.664490 0.400412 0.041608 0.047733
3 0.362912 0.028807 0.022946 0.035553
3 0.226067 0.063884 0.028493 0.035201
4 0.769445 0.251957 0.459538 0.116222
3 0.190113 0.329862 0.072770 0.039254
