5 0.670843 0.858633 0.654921 0.282422
7 0.133750 0.341123 0.118835 0.313430
0 0.303421 0.154431 0.064714 0.098082
5 0.701106 0.304850 0.198145 0.312396
4 0.703074 0.267673 0.136632 0.160154
0 0.149425 0.101735 0.073075 0.096358
5 0.148455 0.274476 0.174974 0.448586
2 0.747024 0.811301 0.466426 0.146741
7 0.314196 0.348288 0.050687 0.278103
5 0.305017 0.299909 0.068749 0.400430
3 0.314546 0.230856 0.026688 0.030205
2 0.679299 0.166851 0.035598 0.017858
3 0.759564 0.976439 0.433923 0.046744
3 0.163787 0.188061 0.023840 0.035097
