8 0.214028 0.859122 0.427532 0.279743
6 0.518098 0.857597 0.167101 0.284373
8 0.060077 0.370346 0.119971 0.333869
8 0.113766 0.358141 0.227124 0.715372
5 0.721811 0.483192 0.556378 0.470398
2 0.763555 0.467940 0.096013 0.088861
9 0.165610 0.152204 0.053595 0.081122
2 0.749096 0.954686 0.097769 0.085499
3 0.778640 0.644602 0.062895 0.068580
5 0.649379 0.952914 0.428447 0.092601
8 0.236436 0.103000 0.066130 0.104705
8 0.361578 0.034017 0.026487 0.049769
9 0.279932 0.051062 0.019151 0.021358
5 0.740998 0.562199 0.473100 0.313106
9 0.317223 0.031685 0.016727 0.020353
9 0.307624 0.032137 0.024904 0.029741
8 0.392488 0.028995 0.071387 0.057291
9 0.304040 0.042038 0.016253 0.019406
9 0.297032 0.045615 0.017096 0.022096
8 0.367879 0.031397 0.040050 0.061809
