9 0.307689 0.209528 0.589275 0.418810
5 0.799551 0.707403 0.398064 0.577707
8 0.721418 0.171194 0.244404 0.341903
4 0.741775 0.668558 0.280511 0.372183
8 0.784137 0.224014 0.055699 0.052693
8 0.928879 0.245653 0.057600 0.077237
3 0.777295 0.466954 0.104250 0.058221
9 0.688425 0.207328 0.041152 0.055365
8 0.977654 0.244703 0.044662 0.112261
8 0.736044 0.188554 0.041304 0.045849
8 0.866875 0.234318 0.041959 0.066723
5 0.055850 0.208750 0.111587 0.417476
8 0.847166 0.231112 0.041207 0.063685
6 0.081993 0.014550 0.034373 0.028867
8 0.900905 0.238450 0.048733 0.076104
5 0.926695 0.712167 0.146610 0.567773
8 0.983763 0.253443 0.032468 0.093586
6 0.055602 0.014374 0.035893 0.028748
5 0.967747 0.811977 0.064506 0.376047
5 0.630328 0.116441 0.020434 0.026753
