5 0.799622 0.713608 0.400402 0.570232
8 0.800323 0.202573 0.398341 0.404073
4 0.767173 0.880822 0.334687 0.236837
1 0.871466 0.647023 0.160588 0.258064
8 0.530061 0.376262 0.140150 0.105230
8 0.642798 0.290191 0.083669 0.182613
5 0.090293 0.046015 0.043910 0.080220
9 0.389607 0.666439 0.039981 0.032533
5 0.544966 0.149677 0.038193 0.103671
9 0.488257 0.814824 0.051019 0.054188
0 0.090285 0.032544 0.020243 0.036697
7 0.549016 0.135265 0.023661 0.040013
0 0.554682 0.102939 0.012551 0.014165
9 0.545157 0.821118 0.036606 0.032689
5 0.581162 0.368441 0.019552 0.035032
4 0.551016 0.133496 0.024264 0.037078
