5 0.726033 0.225363 0.547009 0.448853
8 0.233483 0.226074 0.434753 0.451872
9 0.936877 0.632720 0.059590 0.054719
8 0.856759 0.893902 0.286482 0.211957
1 0.740672 0.247970 0.226239 0.259572
8 0.388698 0.158400 0.123772 0.264137
4 0.796614 0.347944 0.406771 0.203826
9 0.783108 0.624877 0.053467 0.049586
8 0.220485 0.730506 0.440971 0.534868
9 0.558387 0.592539 0.044131 0.043349
9 0.664782 0.618315 0.050211 0.046246
9 0.693829 0.620000 0.055834 0.044899
9 0.502934 0.492341 0.025925 0.024741
9 0.683716 0.589337 0.038009 0.030934
8 0.477603 0.770665 0.055525 0.145785
9 0.544148 0.486706 0.032726 0.028895
9 0.516320 0.490820 0.028951 0.026057
5 0.325765 0.187919 0.027151 0.063455
9 0.560889 0.569458 0.027180 0.020593
9 0.536313 0.489177 0.028418 0.028360
