5 0.164523 0.300797 0.328830 0.599657
9 0.663540 0.356369 0.670449 0.487604
6 0.908381 0.096969 0.044001 0.086450
6 0.692761 0.147681 0.055922 0.102225
6 0.834410 0.012827 0.022144 0.025523
6 0.592688 0.016304 0.016484 0.031718
6 0.682808 0.021562 0.019717 0.036517
6 0.558787 0.034127 0.016544 0.037594
6 0.447293 0.043888 0.015742 0.035076
6 0.921629 0.018329 0.012461 0.025232
6 0.497179 0.024474 0.014057 0.030319
6 0.370198 0.050475 0.015126 0.033008
6 0.706360 0.010453 0.017414 0.020905
6 0.962720 0.007297 0.019104 0.014593
6 0.342206 0.054625 0.013856 0.031741
6 0.571685 0.007957 0.009744 0.015914
6 0.520049 0.012930 0.009836 0.023969
6 0.501395 0.025992 0.013300 0.028166
6 0.631213 0.006694 0.015091 0.013388
6 0.364278 0.046656 0.013897 0.029406
6 0.407685 0.028938 0.010342 0.024558
