8 0.773976 0.230098 0.448744 0.459183
4 0.428230 0.887068 0.164970 0.225863
4 0.253763 0.873306 0.203341 0.253116
5 0.236177 0.794258 0.337429 0.409162
5 0.396409 0.816160 0.302445 0.367162
5 0.102321 0.748528 0.204642 0.502563
2 0.309038 0.645400 0.083727 0.071347
2 0.471396 0.680321 0.065196 0.058661
2 0.144161 0.558166 0.094535 0.092454
3 0.290194 0.740535 0.057293 0.058189
2 0.022533 0.575902 0.045038 0.064422
4 0.072679 0.835645 0.144810 0.328507
3 0.456365 0.758164 0.054400 0.052882
3 0.147703 0.668169 0.043052 0.066756
5 0.035953 0.758938 0.071897 0.479110
3 0.014429 0.673893 0.028858 0.052255
4 0.011867 0.775222 0.023649 0.181677
