5 0.683249 0.708598 0.633503 0.580859
8 0.151259 0.686558 0.301705 0.619011
5 0.922628 0.184728 0.153643 0.368001
8 0.209417 0.548698 0.322005 0.358427
7 0.939862 0.164078 0.119160 0.223431
3 0.719517 0.903708 0.176749 0.173722
5 0.743261 0.184657 0.123684 0.369184
2 0.483312 0.822811 0.229476 0.338107
7 0.749373 0.154958 0.099476 0.196395
3 0.745808 0.040601 0.031597 0.030967
0 0.749404 0.006954 0.058541 0.013789
4 0.855576 0.939788 0.286654 0.120374
3 0.932538 0.036953 0.037197 0.032221
5 0.402540 0.189198 0.067946 0.353230
4 0.384022 0.174867 0.029774 0.164655
0 0.937416 0.006541 0.074408 0.013082
