5 0.804366 0.774169 0.391168 0.450177
4 0.803808 0.847920 0.391105 0.303707
7 0.347170 0.214995 0.109131 0.217405
0 0.381515 0.081392 0.056199 0.079709
0 0.557013 0.068701 0.052056 0.077146
5 0.353160 0.268093 0.160543 0.451888
7 0.452325 0.083101 0.088208 0.094126
0 0.440274 0.008467 0.043731 0.016610
0 0.466078 0.015313 0.028183 0.029730
5 0.458989 0.067632 0.130044 0.135205
5 0.493565 0.065321 0.102660 0.129926
8 0.654360 0.378867 0.091707 0.346054
0 0.452301 0.014356 0.055135 0.027929
5 0.571543 0.239325 0.075459 0.460935
7 0.593746 0.189800 0.035401 0.230481
1 0.571744 0.114736 0.026360 0.043981
1 0.443860 0.038709 0.026915 0.032476
7 0.481039 0.077878 0.057326 0.091753
3 0.497235 0.013407 0.020643 0.020960
5 0.925672 0.118343 0.148656 0.235638
