5 0.208133 0.688192 0.388377 0.615286
5 0.616710 0.682824 0.104140 0.217635
5 0.083634 0.686699 0.165929 0.614936
7 0.288169 0.035175 0.051291 0.070349
4 0.220709 0.714349 0.268406 0.517572
5 0.281405 0.109837 0.112406 0.216576
4 0.612377 0.679870 0.051386 0.106008
8 0.888281 0.621143 0.222997 0.420540
3 0.320152 0.447481 0.056660 0.059059
2 0.634461 0.593437 0.026959 0.022853
5 0.407029 0.355120 0.090534 0.049445
7 0.413485 0.358315 0.061635 0.043960
5 0.021612 0.071991 0.043223 0.143982
4 0.028550 0.641648 0.056856 0.342751
3 0.634655 0.619348 0.017308 0.017657
0 0.396901 0.347058 0.019360 0.028827
7 0.019395 0.011146 0.034215 0.022259
0 0.020479 0.413202 0.040957 0.066946
0 0.416918 0.359443 0.049714 0.040377
