5 0.779450 0.855080 0.439130 0.289278
8 0.248407 0.850163 0.496815 0.299239
8 0.308617 0.417518 0.123927 0.243031
8 0.043043 0.281957 0.085453 0.167785
8 0.306984 0.353073 0.504203 0.687527
8 0.496167 0.937975 0.128042 0.124006
2 0.915137 0.841948 0.169682 0.200067
9 0.153236 0.083381 0.028732 0.032639
9 0.382217 0.047166 0.034983 0.030573
9 0.339969 0.054400 0.032283 0.030572
9 0.437488 0.040812 0.039307 0.036264
9 0.262634 0.065067 0.031560 0.031450
9 0.290474 0.061218 0.028548 0.029242
9 0.228355 0.072457 0.030522 0.031200
9 0.178213 0.082631 0.031786 0.029257
9 0.426197 0.043208 0.040073 0.031293
1 0.921262 0.954391 0.157068 0.091206
9 0.408374 0.045102 0.024021 0.027141
9 0.303052 0.060441 0.023186 0.026640
9 0.188427 0.078098 0.036157 0.034584
9 0.372467 0.048668 0.031268 0.031258
9 0.486865 0.020877 0.038282 0.028968
9 0.195662 0.074141 0.028966 0.032588
9 0.163973 0.081840 0.027122 0.030542
