5 0.283424 0.240667 0.566771 0.479919
8 0.784977 0.237962 0.429996 0.475925
5 0.827287 0.778057 0.345418 0.443487
8 0.311255 0.753477 0.514461 0.488137
8 0.148552 0.848364 0.293364 0.302307
4 0.805170 0.911412 0.198544 0.177042
2 0.790520 0.609157 0.101704 0.103710
5 0.400932 0.803376 0.092620 0.210328
7 0.384672 0.766298 0.054098 0.079223
8 0.903964 0.123817 0.192071 0.246966
3 0.795633 0.769582 0.063856 0.061684
0 0.401442 0.714674 0.026181 0.025860
0 0.396324 0.716347 0.029259 0.028131
0 0.414910 0.716307 0.018584 0.026164
