5 0.287927 0.803800 0.572882 0.391783
8 0.712460 0.875977 0.280545 0.247899
0 0.331468 0.274411 0.183423 0.292020
2 0.370054 0.690612 0.218135 0.166815
8 0.811323 0.804593 0.324259 0.390523
5 0.308549 0.346712 0.500234 0.471914
1 0.360829 0.851658 0.155596 0.115656
4 0.332658 0.923564 0.359603 0.152683
0 0.514753 0.058046 0.106822 0.115118
8 0.156795 0.237869 0.312712 0.474919
0 0.695685 0.060696 0.117193 0.119202
5 0.653740 0.304768 0.167384 0.608451
7 0.306767 0.380930 0.466947 0.313223
1 0.296946 0.422533 0.071216 0.074639
5 0.471930 0.330879 0.194005 0.533357
8 0.643733 0.953942 0.143408 0.092073
1 0.537530 0.149450 0.061599 0.220890
4 0.609595 0.202767 0.083032 0.405535
5 0.868664 0.569497 0.039583 0.078527
