5 0.657842 0.252435 0.677590 0.495661
5 0.585875 0.750774 0.304795 0.497054
4 0.159500 0.748751 0.118223 0.196779
5 0.427297 0.749715 0.216043 0.499323
0 0.042371 0.549365 0.084742 0.096692
5 0.097063 0.749778 0.193752 0.497800
4 0.082883 0.805710 0.165649 0.358668
5 0.772318 0.749692 0.324195 0.497846
4 0.567691 0.593121 0.186005 0.186663
4 0.273051 0.730648 0.092203 0.296631
5 0.254361 0.750661 0.130143 0.497621
5 0.909597 0.746213 0.179909 0.490920
0 0.125306 0.578401 0.059858 0.062012
2 0.653784 0.184821 0.653798 0.338599
4 0.936926 0.620131 0.126141 0.241335
4 0.387361 0.634833 0.138135 0.274434
5 0.176477 0.768017 0.205091 0.463483
4 0.756281 0.620815 0.226821 0.241479
1 0.683220 0.418979 0.594879 0.162926
5 0.103925 0.063799 0.111503 0.126247
0 0.274395 0.526070 0.088384 0.046283
3 0.058236 0.622195 0.045894 0.041686
3 0.143162 0.624663 0.032832 0.030177
3 0.153263 0.624367 0.032421 0.031979
5 0.371519 0.735452 0.108520 0.511686
