8 0.684287 0.284013 0.627984 0.567412
5 0.228187 0.284434 0.280552 0.568359
3 0.277760 0.189583 0.094877 0.142683
0 0.249652 0.060303 0.186632 0.119147
7 0.249893 0.385806 0.239993 0.357234
9 0.112346 0.918520 0.101172 0.144953
1 0.879726 0.662892 0.088707 0.126567
7 0.042323 0.870777 0.084439 0.255166
5 0.078265 0.787192 0.156292 0.425585
0 0.202291 0.684697 0.041644 0.066641
7 0.228478 0.825568 0.075287 0.169157
4 0.895597 0.868158 0.207219 0.263278
1 0.679513 0.646636 0.060819 0.084428
5 0.236862 0.787397 0.162563 0.424944
8 0.435691 0.430286 0.136303 0.274806
4 0.954605 0.791691 0.090791 0.416618
4 0.544903 0.796124 0.352250 0.406638
4 0.749185 0.828329 0.217160 0.343310
5 0.930788 0.783795 0.137034 0.429907
1 0.918818 0.585479 0.063674 0.033078
2 0.841212 0.587832 0.125710 0.038964
2 0.677505 0.586536 0.097470 0.036473
0 0.011437 0.663634 0.022307 0.059509
3 0.009816 0.737424 0.018852 0.043714
1 0.538601 0.589345 0.107535 0.041824
2 0.658415 0.587178 0.050075 0.033917
