5 0.160903 0.204289 0.276417 0.406986
5 0.579832 0.704689 0.560234 0.590621
5 0.122374 0.703191 0.244002 0.592023
7 0.190073 0.091549 0.217766 0.182087
0 0.843022 0.253806 0.183841 0.116616
0 0.479379 0.284776 0.134011 0.108715
5 0.799578 0.296229 0.400832 0.226706
0 0.780779 0.707178 0.427507 0.583699
4 0.055602 0.726866 0.111204 0.545758
3 0.491249 0.365225 0.076432 0.059053
5 0.540705 0.315906 0.368379 0.188084
0 0.881225 0.053318 0.155949 0.084201
7 0.375686 0.734520 0.153952 0.530961
3 0.804138 0.341711 0.066286 0.068124
3 0.016526 0.445064 0.032639 0.059202
