9 0.501367 0.800203 0.266009 0.399502
8 0.550357 0.278724 0.361562 0.556241
0 0.185498 0.868332 0.369103 0.259185
8 0.682877 0.302885 0.633639 0.604524
5 0.185026 0.839663 0.369529 0.319353
9 0.893475 0.797994 0.212895 0.404013
6 0.567255 0.806106 0.039107 0.053729
5 0.082064 0.296170 0.163402 0.591955
0 0.075882 0.149999 0.151042 0.299463
5 0.498773 0.318386 0.047931 0.081312
4 0.505917 0.317553 0.024894 0.036056
5 0.936800 0.278689 0.107490 0.202181
9 0.947977 0.800155 0.103243 0.399689
0 0.911679 0.209834 0.026973 0.044262
