5 0.276673 0.884247 0.550337 0.230978
1 0.239637 0.868275 0.475822 0.200737
7 0.463567 0.277814 0.097534 0.261807
0 0.767485 0.818165 0.115642 0.095849
7 0.249240 0.240358 0.068013 0.170899
9 0.527218 0.316067 0.048294 0.089567
0 0.466952 0.054098 0.039141 0.057595
0 0.261168 0.093411 0.046667 0.066181
9 0.375199 0.322801 0.076349 0.142358
5 0.744320 0.884269 0.272611 0.231154
5 0.448580 0.379107 0.146450 0.757761
5 0.245873 0.333816 0.085095 0.665460
3 0.784246 0.924356 0.048556 0.064124
3 0.469670 0.123754 0.031366 0.042883
4 0.275388 0.949470 0.550775 0.100363
7 0.728678 0.962556 0.226571 0.074888
9 0.926814 0.902829 0.146100 0.194123
9 0.621562 0.901184 0.138922 0.197600
4 0.276034 0.898407 0.552068 0.201879
