0 0.210026 0.710578 0.211594 0.245571
8 0.139136 0.116957 0.278061 0.233395
5 0.234316 0.789850 0.373406 0.419990
5 0.859164 0.636263 0.096129 0.137752
7 0.920712 0.406268 0.080429 0.115356
5 0.917932 0.437046 0.125959 0.234644
4 0.083454 0.829462 0.166909 0.340304
0 0.034097 0.539255 0.068006 0.186194
5 0.793680 0.679272 0.065134 0.112702
5 0.105435 0.717789 0.210194 0.564371
4 0.226886 0.946299 0.221966 0.107145
5 0.834406 0.533184 0.087509 0.176976
5 0.773551 0.875292 0.046996 0.089498
7 0.867819 0.610323 0.062509 0.087066
0 0.931583 0.341230 0.039566 0.043654
0 0.873250 0.593240 0.029705 0.044917
7 0.834453 0.493853 0.054447 0.084072
5 0.714669 0.900459 0.055996 0.074827
7 0.712401 0.893636 0.045790 0.060348
3 0.264080 0.873146 0.043740 0.062297
0 0.770286 0.855991 0.023769 0.037042
0 0.830739 0.471609 0.039002 0.048161
8 0.214682 0.176396 0.428987 0.122759
0 0.705324 0.883472 0.022627 0.035558
7 0.793954 0.653838 0.044003 0.060393
0 0.791591 0.643690 0.030140 0.040016
3 0.925146 0.370851 0.020954 0.022059
7 0.973856 0.104507 0.052051 0.208108
7 0.871121 0.594084 0.040423 0.049701
7 0.692212 0.824280 0.032613 0.049932
5 0.692811 0.833500 0.050584 0.081673
