5 0.154464 0.780499 0.308732 0.437049
5 0.517204 0.225357 0.413301 0.450536
5 0.783114 0.225999 0.432902 0.451099
1 0.151546 0.874534 0.302911 0.244152
4 0.866639 0.226000 0.264839 0.355885
7 0.248922 0.126177 0.047600 0.094230
4 0.476722 0.153712 0.300851 0.302510
5 0.240616 0.177741 0.092783 0.288086
0 0.253180 0.054491 0.030795 0.039690
2 0.157507 0.690036 0.303292 0.213765
3 0.905807 0.026656 0.109468 0.051575
5 0.029048 0.415429 0.058096 0.069892
7 0.018922 0.417100 0.037845 0.065319
3 0.570064 0.009386 0.085727 0.018315
0 0.041233 0.397914 0.018687 0.026667
3 0.254902 0.081111 0.015498 0.016569
0 0.032082 0.407618 0.029549 0.047099
