5 0.180498 0.754019 0.360559 0.488593
5 0.697773 0.255530 0.507392 0.508993
4 0.600093 0.401052 0.230559 0.217469
2 0.604931 0.054127 0.094154 0.086717
5 0.896404 0.846079 0.051111 0.170451
3 0.606382 0.224846 0.071092 0.080773
5 0.547678 0.845090 0.060866 0.174848
4 0.896574 0.819379 0.026291 0.054229
5 0.566635 0.839285 0.039676 0.168211
4 0.551766 0.827570 0.030913 0.073581
2 0.903724 0.770479 0.015975 0.015144
2 0.898896 0.768804 0.015303 0.015136
4 0.558195 0.832967 0.024544 0.087018
2 0.557973 0.768238 0.013680 0.014327
