8 0.809160 0.804204 0.381378 0.389486
5 0.313127 0.249193 0.610862 0.495279
7 0.901354 0.268926 0.197292 0.277137
5 0.848855 0.340640 0.272907 0.528625
7 0.798738 0.246461 0.131864 0.242882
0 0.483207 0.922128 0.170134 0.155527
7 0.266913 0.310667 0.442826 0.368534
0 0.893132 0.126874 0.127840 0.085713
5 0.404382 0.871351 0.425070 0.256171
3 0.298927 0.032331 0.247244 0.064389
0 0.026299 0.811696 0.052598 0.274400
5 0.883685 0.047468 0.220778 0.094019
5 0.836090 0.036404 0.243476 0.072469
5 0.462029 0.917003 0.314145 0.165383
0 0.929647 0.031867 0.140589 0.063286
7 0.897634 0.051533 0.116759 0.088454
0 0.901852 0.053081 0.127619 0.090917
4 0.895115 0.054053 0.114482 0.090410
0 0.244815 0.035650 0.249260 0.071298
2 0.022755 0.762866 0.045342 0.166595
5 0.031557 0.828691 0.063113 0.342073
0 0.829629 0.027002 0.140962 0.053818
