5 0.244452 0.794488 0.487888 0.406994
4 0.245287 0.797224 0.489556 0.403100
8 0.739691 0.793783 0.509074 0.411340
5 0.327404 0.295622 0.324257 0.590334
4 0.357765 0.384425 0.268330 0.419400
4 0.803215 0.175541 0.348041 0.347965
1 0.393928 0.091109 0.100779 0.179455
5 0.821199 0.293598 0.356564 0.586089
1 0.256396 0.647832 0.475381 0.116855
5 0.572694 0.294428 0.167143 0.588857
5 0.524368 0.652432 0.065729 0.119099
4 0.542177 0.261342 0.105983 0.483988
4 0.955503 0.163793 0.088841 0.323564
5 0.910890 0.291227 0.178053 0.582283
4 0.537389 0.145116 0.096993 0.290231
3 0.962509 0.086712 0.074612 0.173424
