9 0.127292 0.208671 0.098072 0.088817
8 0.645961 0.745278 0.323332 0.469643
9 0.203901 0.223019 0.079588 0.148487
7 0.271789 0.206865 0.094273 0.276588
8 0.086315 0.662559 0.172292 0.306902
5 0.247991 0.256177 0.141348 0.509280
6 0.551862 0.370116 0.031776 0.099434
6 0.392169 0.325024 0.023190 0.074920
0 0.292939 0.016023 0.047810 0.032047
6 0.880991 0.456411 0.044142 0.103240
6 0.697499 0.228318 0.011446 0.032885
6 0.631509 0.210441 0.009138 0.026511
6 0.959553 0.206416 0.010465 0.026848
6 0.906661 0.209128 0.010891 0.030025
6 0.814995 0.218242 0.012687 0.034264
6 0.757605 0.205785 0.008268 0.023967
6 0.854667 0.203648 0.009156 0.025388
6 0.981850 0.196053 0.008604 0.025741
6 0.548126 0.228026 0.011604 0.032132
6 0.553529 0.210456 0.010577 0.027629
6 0.392533 0.203872 0.008920 0.019534
6 0.417805 0.207514 0.008811 0.026495
6 0.655157 0.198345 0.008304 0.018825
6 0.355426 0.198086 0.008525 0.018194
6 0.963780 0.205947 0.013372 0.029163
6 0.464086 0.222670 0.012008 0.032367
6 0.481484 0.199919 0.007891 0.022715
6 0.444471 0.202271 0.007640 0.020677
6 0.983514 0.199352 0.012716 0.027074
6 0.993511 0.201315 0.011537 0.026248
6 0.706009 0.202631 0.007244 0.021129
6 0.529765 0.206601 0.010515 0.028249
6 0.493210 0.199370 0.008382 0.025548
