5 0.799468 0.244353 0.399153 0.488370
8 0.419164 0.624415 0.287190 0.271111
5 0.930637 0.779816 0.138354 0.439158
4 0.759581 0.846423 0.130376 0.305816
4 0.947981 0.862403 0.104037 0.271487
5 0.768578 0.754854 0.177306 0.488250
2 0.963080 0.597881 0.072931 0.065212
2 0.641937 0.612074 0.078441 0.063847
2 0.775164 0.551873 0.091919 0.081501
5 0.655455 0.786651 0.107600 0.426699
3 0.792134 0.346539 0.147761 0.285074
7 0.697494 0.297571 0.195119 0.383754
4 0.652367 0.866757 0.101053 0.265356
3 0.970616 0.705482 0.053610 0.052521
5 0.390054 0.096280 0.229279 0.191800
0 0.914945 0.246060 0.170110 0.482517
3 0.657638 0.712768 0.042122 0.041959
3 0.810181 0.669982 0.026860 0.066145
7 0.401819 0.034753 0.186139 0.069473
