5 0.295164 0.775409 0.587935 0.448396
5 0.177390 0.274252 0.354688 0.548268
5 0.799501 0.274195 0.396241 0.547913
5 0.718134 0.774872 0.259847 0.450256
4 0.702242 0.648689 0.142739 0.196372
1 0.419553 0.805155 0.339680 0.305773
4 0.797328 0.286620 0.283460 0.506799
7 0.150560 0.276600 0.301121 0.550858
2 0.295447 0.646491 0.590485 0.193582
3 0.691503 0.026203 0.062787 0.052212
5 0.916717 0.275032 0.166415 0.550064
3 0.042701 0.024040 0.074282 0.048079
4 0.295127 0.927556 0.589342 0.144620
4 0.943365 0.314986 0.113236 0.458532
5 0.650716 0.776031 0.128190 0.447937
