5 0.161891 0.785009 0.323288 0.429098
5 0.636498 0.285838 0.295463 0.569020
5 0.858458 0.784035 0.283038 0.430079
5 0.710482 0.784370 0.240351 0.430451
4 0.584781 0.341056 0.193627 0.470151
0 0.292942 0.778412 0.405640 0.436753
4 0.714970 0.845994 0.174823 0.306490
5 0.552930 0.783968 0.130198 0.431808
9 0.264178 0.324138 0.069424 0.074842
3 0.735378 0.617442 0.096255 0.096435
4 0.866254 0.881047 0.266474 0.236431
9 0.197114 0.332238 0.043387 0.052051
3 0.565277 0.107509 0.075416 0.079505
1 0.540256 0.384353 0.102959 0.164778
4 0.532015 0.788168 0.086717 0.423665
9 0.013886 0.312497 0.027189 0.044804
9 0.024097 0.322142 0.028436 0.032350
3 0.820415 0.659301 0.049414 0.167746
9 0.294799 0.301093 0.018690 0.029887
