5 0.225646 0.774416 0.450626 0.450184
4 0.225056 0.909425 0.449910 0.180804
5 0.599730 0.774366 0.283595 0.450722
8 0.799979 0.376454 0.398326 0.348795
9 0.111600 0.274069 0.222615 0.547083
5 0.790268 0.775258 0.237536 0.448288
4 0.782913 0.793000 0.153413 0.323401
4 0.607462 0.827964 0.190683 0.340364
1 0.143527 0.745429 0.286646 0.283913
8 0.910592 0.267043 0.178816 0.533885
5 0.943715 0.774775 0.112006 0.449930
3 0.581230 0.642561 0.055731 0.055690
3 0.755781 0.611090 0.053805 0.053138
3 0.930465 0.569699 0.054202 0.037907
6 0.188420 0.342164 0.033180 0.051001
4 0.957109 0.779733 0.085721 0.405671
2 0.571629 0.563842 0.085781 0.028675
9 0.428898 0.214050 0.043133 0.370441
5 0.496292 0.794128 0.094056 0.411453
8 0.662547 0.035169 0.417619 0.070338
2 0.748110 0.557019 0.069676 0.015051
4 0.471184 0.868990 0.041379 0.258154
