5 0.174721 0.688117 0.348235 0.619519
4 0.175398 0.864983 0.350796 0.269760
3 0.211695 0.654327 0.277626 0.326102
5 0.914177 0.573383 0.170248 0.385564
4 0.399210 0.493751 0.098056 0.225090
5 0.501986 0.120304 0.133689 0.234297
5 0.585935 0.689057 0.250189 0.618491
5 0.427003 0.685345 0.155798 0.616317
4 0.663433 0.441354 0.098160 0.123846
4 0.553272 0.456405 0.128882 0.153053
5 0.688920 0.637253 0.218470 0.512577
5 0.820054 0.607698 0.181155 0.457043
4 0.482795 0.060547 0.076456 0.088496
5 0.453677 0.413763 0.061934 0.071832
2 0.535888 0.019179 0.036097 0.022562
4 0.456570 0.421214 0.047406 0.080016
3 0.533385 0.035613 0.026008 0.021928
4 0.803225 0.404355 0.065706 0.048157
4 0.732474 0.430564 0.073343 0.098771
5 0.748948 0.501383 0.107687 0.238668
4 0.934365 0.467167 0.078623 0.171776
