8 0.194577 0.205002 0.388978 0.408788
8 0.834181 0.705175 0.330443 0.588669
7 0.877228 0.330532 0.087302 0.150290
7 0.618697 0.278793 0.095013 0.142688
7 0.951585 0.338715 0.096055 0.146166
7 0.516647 0.276098 0.084143 0.152371
8 0.847831 0.523820 0.197925 0.230286
7 0.571841 0.247746 0.063704 0.123996
7 0.703946 0.272852 0.091957 0.134342
0 0.884852 0.214423 0.039783 0.038923
0 0.969132 0.215622 0.047579 0.044468
8 0.101640 0.737340 0.202989 0.491552
7 0.430229 0.267549 0.081752 0.150847
5 0.606431 0.275513 0.141908 0.268013
0 0.817036 0.190552 0.036779 0.040880
7 0.764380 0.262563 0.075459 0.127047
0 0.552390 0.105667 0.030902 0.031699
0 0.623776 0.164854 0.035215 0.036269
0 0.772339 0.152148 0.035267 0.034995
0 0.535147 0.159069 0.039751 0.039092
0 0.584119 0.144179 0.035444 0.036915
0 0.859552 0.160903 0.037622 0.035250
0 0.681859 0.147782 0.033653 0.034102
7 0.480506 0.236214 0.069502 0.136527
0 0.718864 0.168938 0.036952 0.035781
0 0.952020 0.167409 0.040846 0.036231
8 0.284236 0.761744 0.208338 0.435024
0 0.498048 0.122554 0.034024 0.034975
0 0.466370 0.110695 0.032249 0.033061
0 0.648011 0.126543 0.029450 0.032417
5 0.433508 0.257609 0.089555 0.303075
5 0.801877 0.284503 0.123126 0.251724
0 0.405552 0.123785 0.032100 0.038262
5 0.867716 0.300431 0.132394 0.219036
3 0.580136 0.179513 0.021667 0.018727
5 0.678085 0.272896 0.115113 0.275666
3 0.853882 0.200827 0.026888 0.025162
5 0.751981 0.272612 0.113389 0.274574
5 0.515916 0.270536 0.114396 0.278570
5 0.563691 0.271604 0.100788 0.283742
7 0.807172 0.304267 0.088265 0.152211
3 0.493415 0.163544 0.026326 0.022655
0 0.442564 0.144055 0.036412 0.039128
7 0.849688 0.248473 0.045889 0.053504
3 0.675109 0.180745 0.023723 0.020918
7 0.923518 0.258313 0.049094 0.072533
3 0.621664 0.205332 0.023192 0.019187
3 0.766998 0.188269 0.023685 0.018520
5 0.412234 0.254099 0.052090 0.309732
3 0.526851 0.197143 0.018575 0.020625
5 0.838909 0.282173 0.092156 0.256582
5 0.933349 0.296714 0.111853 0.225627
5 0.467931 0.256654 0.099193 0.305310
7 0.538091 0.178979 0.068062 0.061458
7 0.666234 0.224238 0.062061 0.067100
3 0.960050 0.255893 0.026454 0.021347
3 0.880406 0.253468 0.023208 0.020226
3 0.812374 0.229996 0.022900 0.017715
3 0.711576 0.209553 0.023625 0.021111
3 0.551685 0.141212 0.017972 0.018370
3 0.437796 0.183609 0.027986 0.026920
7 0.842155 0.283885 0.054952 0.124212
3 0.469310 0.144843 0.018405 0.020313
3 0.402396 0.165176 0.020896 0.023054
3 0.649150 0.158600 0.017650 0.022458
3 0.942927 0.201166 0.020855 0.022005
7 0.650104 0.190253 0.029814 0.025296
7 0.662044 0.196023 0.051975 0.036473
7 0.404602 0.225831 0.032664 0.111952
0 0.442608 0.154087 0.041624 0.059587
5 0.645344 0.158055 0.054805 0.102182
5 0.646451 0.271005 0.091146 0.279093
7 0.410511 0.260693 0.044239 0.157184
5 0.494936 0.289174 0.068431 0.373890
5 0.548668 0.289194 0.077971 0.399417
5 0.961528 0.298776 0.076943 0.223031
5 0.545735 0.151131 0.065669 0.136893
7 0.923171 0.243818 0.038844 0.041925
0 0.930811 0.216408 0.019098 0.017009
