8 0.209395 0.894260 0.418324 0.211231
8 0.206035 0.286745 0.410879 0.448755
8 0.074061 0.573639 0.147645 0.288919
8 0.315883 0.294973 0.053562 0.095975
9 0.063822 0.189276 0.088709 0.056173
4 0.598847 0.334055 0.081068 0.242973
5 0.606025 0.428271 0.102274 0.658079
0 0.628734 0.133323 0.051062 0.069107
9 0.343577 0.199970 0.037201 0.053767
9 0.292795 0.205164 0.069331 0.062273
9 0.016179 0.199264 0.031967 0.060194
5 0.046044 0.556373 0.021050 0.028845
9 0.201078 0.159927 0.024297 0.022615
8 0.111089 0.894034 0.222177 0.211883
