8 0.752498 0.209144 0.495004 0.418225
5 0.252338 0.710200 0.498685 0.579453
1 0.544406 0.504423 0.070588 0.072617
8 0.634055 0.210652 0.268020 0.416667
2 0.569850 0.744866 0.104326 0.095447
1 0.977929 0.729217 0.044141 0.060791
2 0.539564 0.835478 0.079347 0.092712
2 0.973079 0.634235 0.053842 0.060450
5 0.809376 0.709694 0.267335 0.578087
1 0.556757 0.938328 0.088984 0.089229
5 0.809326 0.923856 0.238301 0.152289
1 0.601449 0.843968 0.064949 0.064709
5 0.924249 0.597138 0.151262 0.354845
1 0.829723 0.515638 0.063495 0.075012
1 0.379715 0.675945 0.242953 0.427941
2 0.771999 0.902746 0.091552 0.074730
5 0.609640 0.861262 0.212467 0.274191
4 0.821193 0.739406 0.195951 0.363359
1 0.795764 0.981132 0.085168 0.037737
5 0.618001 0.609899 0.233717 0.382629
2 0.785433 0.440182 0.106136 0.043101
4 0.643052 0.924022 0.112039 0.148226
2 0.535850 0.433509 0.074174 0.030352
5 0.938009 0.770240 0.123157 0.356946
5 0.810720 0.516317 0.268896 0.191978
4 0.963509 0.803625 0.069956 0.090164
4 0.306827 0.906418 0.389176 0.186860
5 0.546812 0.719302 0.092412 0.500916
4 0.962302 0.617806 0.075253 0.313568
4 0.972793 0.903804 0.054069 0.190038
4 0.588181 0.980472 0.135417 0.038483
5 0.960800 0.868317 0.078399 0.262804
4 0.523211 0.720632 0.045200 0.198855
1 0.715709 0.439676 0.077975 0.042591
4 0.961934 0.554167 0.076132 0.161795
