5 0.729526 0.784993 0.537812 0.430013
4 0.831247 0.786140 0.335698 0.426986
4 0.616946 0.385506 0.311752 0.320790
9 0.667039 0.280007 0.415238 0.556078
0 0.898783 0.055706 0.186954 0.107999
5 0.816693 0.394569 0.366392 0.350768
4 0.747465 0.072658 0.188594 0.145187
4 0.872566 0.466223 0.254869 0.204459
5 0.641023 0.318515 0.364522 0.496026
3 0.902428 0.142861 0.117152 0.065931
5 0.848298 0.217879 0.302908 0.435689
1 0.933927 0.623620 0.132095 0.109439
3 0.642960 0.230191 0.114639 0.069221
2 0.659265 0.122782 0.194765 0.072966
7 0.867641 0.263229 0.264719 0.274269
2 0.958297 0.284044 0.083397 0.079717
3 0.957526 0.386650 0.084820 0.077154
5 0.742325 0.078761 0.340541 0.156723
3 0.752580 0.011423 0.077373 0.022721
