5 0.204710 0.679184 0.408981 0.636659
5 0.754753 0.179586 0.489355 0.358967
0 0.162725 0.519988 0.325451 0.321315
0 0.471730 0.405607 0.124694 0.092807
3 0.174466 0.805795 0.199801 0.164454
7 0.789082 0.174537 0.421800 0.348634
4 0.204972 0.916723 0.408951 0.166124
5 0.086995 0.179104 0.173042 0.357606
3 0.461834 0.500184 0.079963 0.071946
5 0.544850 0.678976 0.270008 0.640194
4 0.511993 0.736110 0.207563 0.484738
5 0.928075 0.676616 0.143582 0.638282
5 0.482324 0.702300 0.145317 0.592965
5 0.498152 0.797280 0.179091 0.404131
0 0.038351 0.072722 0.076580 0.145411
4 0.034542 0.073034 0.069083 0.146068
7 0.035093 0.072920 0.070186 0.145840
