9 0.658660 0.225478 0.674343 0.450948
8 0.202205 0.852175 0.234678 0.155059
8 0.757939 0.722860 0.483155 0.546952
8 0.096704 0.720309 0.192768 0.355038
9 0.070645 0.944984 0.140883 0.109742
8 0.222592 0.554331 0.108732 0.204893
9 0.215592 0.953172 0.177133 0.092563
8 0.256829 0.735477 0.124691 0.211547
9 0.140588 0.945536 0.090184 0.099199
9 0.274687 0.905071 0.087081 0.049306
9 0.287224 0.941410 0.063120 0.112221
5 0.194519 0.895991 0.028537 0.045723
9 0.248281 0.980725 0.113681 0.038550
9 0.289698 0.902551 0.056643 0.042932
0 0.311625 0.305518 0.015609 0.045895
