5 0.205724 0.658808 0.410691 0.678397
5 0.565368 0.659058 0.313571 0.681884
2 0.523426 0.382145 0.134766 0.127058
5 0.615779 0.159886 0.251833 0.319772
2 0.681885 0.386191 0.174526 0.135663
5 0.861078 0.658989 0.276251 0.681058
8 0.242697 0.184536 0.331383 0.268644
4 0.593305 0.112053 0.126718 0.223779
3 0.140000 0.461037 0.205107 0.279590
5 0.715328 0.658556 0.464856 0.682888
1 0.831305 0.365677 0.140452 0.094877
4 0.548269 0.796810 0.277544 0.406381
4 0.767359 0.779877 0.286815 0.436857
1 0.524787 0.558101 0.117062 0.118971
3 0.693794 0.578931 0.076341 0.072706
7 0.228543 0.700235 0.351121 0.599530
4 0.879901 0.632761 0.240098 0.603118
0 0.117287 0.363285 0.234574 0.087250
3 0.578362 0.346270 0.053088 0.051912
5 0.295040 0.301858 0.038829 0.034336
5 0.464833 0.658465 0.111124 0.680975
