5 0.632437 0.139954 0.730525 0.278760
1 0.724136 0.082132 0.528332 0.164149
1 0.098314 0.612140 0.195431 0.492314
6 0.324661 0.529724 0.020933 0.061575
6 0.539867 0.556001 0.025538 0.080200
6 0.773790 0.655354 0.039627 0.123141
6 0.858549 0.551181 0.022229 0.072557
6 0.468770 0.497423 0.014892 0.047598
6 0.758515 0.499569 0.015867 0.053657
4 0.632206 0.216557 0.733680 0.127231
1 0.221419 0.672456 0.097181 0.296271
6 0.598434 0.504930 0.017041 0.054199
6 0.394105 0.958426 0.049296 0.083148
6 0.292592 0.473486 0.013151 0.037048
6 0.405500 0.479894 0.013551 0.041661
6 0.351572 0.456109 0.011182 0.029480
6 0.880153 0.440227 0.011049 0.034861
6 0.896105 0.485505 0.014366 0.047491
6 0.930547 0.463755 0.017141 0.059756
6 0.783688 0.425503 0.009487 0.026851
6 0.534561 0.440562 0.008556 0.024820
6 0.481863 0.447095 0.007068 0.022823
6 0.657752 0.456535 0.010370 0.030637
6 0.755523 0.432138 0.008724 0.025870
6 0.404728 0.463541 0.009615 0.026765
6 0.682458 0.436331 0.008018 0.023157
6 0.691237 0.426729 0.008448 0.027118
6 0.962046 0.438934 0.011122 0.032312
6 0.685548 0.432671 0.007990 0.024846
6 0.821717 0.438651 0.008920 0.026986
6 0.593530 0.427537 0.006283 0.023803
6 0.606822 0.433423 0.007616 0.024380
