8 0.678442 0.755031 0.640316 0.487188
5 0.669268 0.255693 0.617425 0.509019
8 0.097526 0.254309 0.194400 0.505814
1 0.683882 0.342287 0.181246 0.194028
5 0.714955 0.754863 0.440207 0.488050
2 0.727199 0.068428 0.220635 0.134874
7 0.790214 0.803114 0.190909 0.374255
8 0.042732 0.393487 0.084785 0.229093
4 0.658136 0.437658 0.431540 0.144019
0 0.783903 0.563347 0.085461 0.092843
5 0.434058 0.582733 0.148581 0.145851
2 0.127975 0.984930 0.102244 0.030140
8 0.214272 0.189268 0.067391 0.102855
9 0.137519 0.231429 0.049348 0.077140
8 0.344264 0.128741 0.026501 0.042599
9 0.280337 0.134319 0.019301 0.018592
6 0.320914 0.822006 0.077358 0.352973
9 0.273483 0.144526 0.017830 0.024658
9 0.178008 0.205360 0.025546 0.028691
9 0.258870 0.138365 0.016480 0.018839
9 0.272170 0.136457 0.019639 0.021254
9 0.278124 0.142137 0.017392 0.020171
9 0.291096 0.132689 0.013488 0.015563
8 0.337716 0.131170 0.020858 0.037969
9 0.152570 0.227530 0.027689 0.064654
5 0.169324 0.983655 0.336395 0.032690
9 0.304168 0.120616 0.016326 0.018370
