5 0.791413 0.680890 0.416669 0.625763
8 0.422369 0.675725 0.316517 0.613640
7 0.247499 0.738242 0.090491 0.139844
7 0.097286 0.745259 0.083573 0.128241
5 0.544375 0.539445 0.068726 0.112557
5 0.254542 0.796933 0.154805 0.357997
5 0.116063 0.797532 0.169777 0.354654
1 0.858370 0.746977 0.279878 0.474837
6 0.383004 0.912905 0.130709 0.173934
0 0.089224 0.643535 0.040216 0.035995
0 0.216131 0.644098 0.042630 0.046910
7 0.018455 0.753750 0.036910 0.168830
5 0.062946 0.811812 0.125365 0.374140
7 0.548996 0.552717 0.061837 0.083877
8 0.528932 0.186085 0.102017 0.366396
3 0.089831 0.677531 0.028037 0.023860
2 0.540933 0.496213 0.029424 0.022882
3 0.222967 0.675559 0.016201 0.023771
3 0.542914 0.523589 0.019918 0.017539
7 0.562319 0.550268 0.036564 0.083464
3 0.226735 0.673928 0.017921 0.024884
7 0.566692 0.534214 0.028391 0.049449
3 0.541080 0.521444 0.013968 0.013158
