5 0.794142 0.879988 0.410812 0.239540
9 0.294660 0.074792 0.285569 0.149585
5 0.423100 0.880168 0.330385 0.239300
7 0.437084 0.879001 0.298109 0.241668
9 0.490958 0.082841 0.192715 0.165233
1 0.894930 0.353663 0.210075 0.290507
9 0.272951 0.811566 0.316738 0.103268
3 0.760615 0.967313 0.333003 0.065194
1 0.664870 0.364600 0.151997 0.554731
5 0.139761 0.880105 0.279241 0.238789
9 0.547020 0.369396 0.083020 0.704954
9 0.556187 0.234834 0.065408 0.467715
0 0.051261 0.805128 0.102521 0.088123
9 0.149391 0.812444 0.077798 0.104332
