5 0.164961 0.784006 0.329923 0.430230
8 0.165330 0.285590 0.330616 0.571083
5 0.666862 0.336223 0.660216 0.465816
4 0.165108 0.816869 0.329451 0.365358
7 0.634564 0.869131 0.203834 0.261738
1 0.766963 0.411031 0.461260 0.312223
5 0.143637 0.286115 0.286365 0.571274
0 0.609185 0.614139 0.115367 0.087972
5 0.639999 0.786033 0.289913 0.427935
4 0.728600 0.860107 0.070986 0.144814
7 0.066385 0.281167 0.126701 0.293047
2 0.736545 0.230873 0.499335 0.194022
0 0.688662 0.750863 0.050473 0.085670
5 0.727554 0.845423 0.112659 0.253018
3 0.026338 0.063481 0.036445 0.041993
2 0.024357 0.011744 0.047969 0.023488
3 0.691886 0.771360 0.038226 0.045029
