7 0.421993 0.200193 0.048771 0.093742
5 0.662347 0.581433 0.111261 0.213095
7 0.671798 0.545937 0.068325 0.131343
5 0.426950 0.253914 0.087901 0.299709
0 0.421389 0.120710 0.032630 0.043369
7 0.120586 0.219502 0.054944 0.128137
5 0.122064 0.259472 0.085877 0.309772
0 0.116153 0.124694 0.031216 0.039669
0 0.626881 0.508053 0.026210 0.049640
5 0.201735 0.731426 0.387965 0.086659
3 0.419925 0.153096 0.017070 0.017955
3 0.118988 0.156307 0.015155 0.016523
5 0.766588 0.842857 0.092922 0.311379
5 0.300357 0.740195 0.599377 0.106883
