5 0.194168 0.820832 0.388336 0.358336
5 0.697096 0.823194 0.604886 0.352662
5 0.669566 0.496934 0.174687 0.281518
4 0.673910 0.458941 0.119067 0.126879
2 0.675097 0.759987 0.376241 0.195743
4 0.152364 0.819460 0.068557 0.091134
5 0.153515 0.773412 0.102770 0.192639
3 0.077702 0.668209 0.053399 0.058149
1 0.127381 0.761684 0.028448 0.046113
5 0.656593 0.031164 0.115640 0.061705
2 0.146883 0.699690 0.053280 0.041522
2 0.665429 0.371946 0.041033 0.019571
3 0.661713 0.963955 0.383949 0.071946
4 0.054173 0.802186 0.108169 0.318612
5 0.327956 0.893399 0.127109 0.212681
