5 0.849871 0.650753 0.299719 0.698205
8 0.500559 0.151498 0.399497 0.296039
8 0.199833 0.139770 0.399666 0.279181
5 0.391398 0.667116 0.560413 0.665767
4 0.847066 0.808277 0.304230 0.383445
2 0.328798 0.486308 0.143265 0.143565
1 0.822419 0.573782 0.226330 0.250828
4 0.386925 0.873611 0.265737 0.252234
4 0.930304 0.260367 0.139280 0.079022
5 0.898996 0.214703 0.201702 0.170565
0 0.931604 0.169913 0.119073 0.070770
6 0.524747 0.625114 0.270746 0.582136
3 0.347443 0.713849 0.101080 0.100463
2 0.808053 0.351712 0.213479 0.102323
3 0.940425 0.232215 0.078451 0.034690
5 0.587831 0.105018 0.032549 0.058340
