5 0.589262 0.764404 0.179751 0.468625
7 0.587650 0.797599 0.176026 0.404784
5 0.780672 0.762675 0.251056 0.468959
8 0.432612 0.125943 0.134121 0.251590
5 0.730500 0.274505 0.280145 0.509528
9 0.304838 0.731039 0.094581 0.080434
5 0.063962 0.216466 0.127546 0.432931
7 0.207241 0.720439 0.099491 0.276470
7 0.049057 0.158607 0.097862 0.316911
7 0.761314 0.824351 0.189397 0.351298
7 0.720788 0.337706 0.146182 0.319655
5 0.937678 0.764681 0.124258 0.470637
7 0.036360 0.685441 0.059662 0.145961
0 0.689273 0.097624 0.088394 0.149711
5 0.196184 0.763532 0.137490 0.470247
3 0.740701 0.627470 0.050556 0.049592
0 0.048667 0.552746 0.032232 0.045440
0 0.740661 0.549138 0.094195 0.038273
7 0.954495 0.793938 0.090905 0.371361
5 0.038982 0.764223 0.077718 0.469851
9 0.961293 0.305773 0.077170 0.141333
0 0.217784 0.539504 0.032694 0.023981
9 0.165920 0.747470 0.180541 0.136926
3 0.694129 0.200368 0.032566 0.043963
3 0.042040 0.591479 0.021158 0.027636
3 0.990819 0.577391 0.018210 0.045586
3 0.509801 0.562645 0.018280 0.033623
