1 0.640240 0.604812 0.086372 0.115073
5 0.815028 0.169898 0.369215 0.339796
7 0.857367 0.170466 0.285266 0.337992
1 0.841068 0.552671 0.064715 0.086112
2 0.825701 0.455566 0.107838 0.097867
4 0.658417 0.840880 0.234854 0.318240
1 0.580606 0.501793 0.063478 0.095388
4 0.826276 0.787380 0.170672 0.421746
2 0.593679 0.399052 0.094203 0.094806
1 0.948489 0.409898 0.080590 0.140182
2 0.663558 0.473681 0.109791 0.111703
4 0.572858 0.726378 0.085245 0.378669
1 0.908031 0.360372 0.025843 0.040712
5 0.597353 0.671994 0.136367 0.649779
4 0.931702 0.720440 0.135450 0.441311
1 0.967339 0.447395 0.064414 0.216494
5 0.551686 0.385954 0.042101 0.092998
5 0.643313 0.386922 0.041294 0.080096
8 0.257622 0.170209 0.515245 0.340418
4 0.891375 0.446102 0.048129 0.074851
4 0.636194 0.393289 0.028426 0.054627
5 0.654170 0.388781 0.026187 0.065873
