5 0.255724 0.850342 0.506248 0.299192
5 0.112628 0.460036 0.225235 0.475521
7 0.072506 0.357599 0.144617 0.202120
4 0.292045 0.857494 0.433670 0.284391
0 0.889166 0.918928 0.086289 0.062047
5 0.596161 0.213300 0.065495 0.099432
5 0.675549 0.373624 0.041268 0.083131
5 0.543326 0.200511 0.071606 0.122744
0 0.647825 0.970915 0.075490 0.054259
7 0.734704 0.364015 0.036828 0.056759
5 0.907661 0.939272 0.184269 0.120979
5 0.733617 0.379113 0.045333 0.086813
7 0.587861 0.197710 0.038123 0.056419
1 0.398877 0.780204 0.222236 0.160010
7 0.525521 0.179163 0.035786 0.079072
7 0.921865 0.969956 0.122649 0.059949
0 0.531622 0.983890 0.032595 0.026117
0 0.739965 0.350924 0.021197 0.029998
0 0.586301 0.971500 0.045412 0.029624
0 0.675272 0.354353 0.021314 0.032451
3 0.894580 0.958218 0.027708 0.025508
5 0.528810 0.105984 0.041093 0.134240
5 0.658839 0.970623 0.144234 0.058276
5 0.596416 0.976242 0.107196 0.047431
0 0.737560 0.356939 0.026755 0.041312
0 0.590689 0.977586 0.040184 0.028483
7 0.675330 0.358025 0.023258 0.037556
0 0.584373 0.178495 0.016384 0.026225
7 0.518235 0.083198 0.015335 0.054760
5 0.913353 0.966412 0.173293 0.067147
