5 0.214417 0.733980 0.428833 0.528556
8 0.713906 0.234903 0.570446 0.466491
2 0.661648 0.586344 0.070127 0.063120
9 0.341638 0.392937 0.090117 0.145210
8 0.525079 0.113890 0.193294 0.227593
4 0.897247 0.646962 0.132073 0.225053
5 0.717935 0.695725 0.214632 0.296275
9 0.186636 0.360456 0.095824 0.084863
5 0.905455 0.663868 0.175908 0.391197
7 0.269317 0.333693 0.115166 0.245955
7 0.196936 0.737824 0.393157 0.524353
5 0.265997 0.236101 0.205925 0.470174
0 0.292746 0.135528 0.036490 0.052000
2 0.936308 0.481888 0.048219 0.026324
3 0.280190 0.195869 0.035370 0.041613
3 0.929936 0.524492 0.039557 0.035407
3 0.184665 0.487871 0.153443 0.037393
5 0.982721 0.767713 0.034557 0.381698
