5 0.754475 0.255028 0.490307 0.506973
5 0.306259 0.753984 0.407684 0.492033
5 0.336392 0.255550 0.345199 0.507398
1 0.425792 0.853817 0.162169 0.182054
2 0.440624 0.595409 0.139108 0.173653
1 0.665874 0.223487 0.314069 0.359429
5 0.556669 0.727120 0.082480 0.220071
0 0.360099 0.071752 0.092713 0.142991
4 0.720122 0.704524 0.028346 0.049165
4 0.356037 0.934660 0.310398 0.130545
4 0.548314 0.682771 0.036108 0.058742
4 0.424232 0.201320 0.169756 0.381895
5 0.703723 0.750329 0.089598 0.212528
0 0.554973 0.630534 0.021346 0.024659
4 0.749921 0.437090 0.480684 0.145835
0 0.722438 0.659775 0.020352 0.023465
