5 0.735342 0.770244 0.528818 0.458968
8 0.328921 0.769094 0.282499 0.461812
4 0.734643 0.901028 0.528477 0.197112
1 0.918751 0.769435 0.161765 0.267155
5 0.544101 0.268101 0.150547 0.535694
5 0.360172 0.755853 0.091269 0.182694
2 0.754455 0.603611 0.441438 0.130865
3 0.509613 0.259090 0.082712 0.481964
7 0.361509 0.739172 0.036605 0.065955
2 0.551527 0.594647 0.165218 0.113601
4 0.360449 0.737665 0.034468 0.063581
3 0.355022 0.704569 0.015043 0.013133
2 0.356103 0.680751 0.020391 0.017442
2 0.641246 0.596693 0.343813 0.117804
3 0.379604 0.705316 0.017244 0.015838
