1 0.757030 0.447002 0.082754 0.121279
8 0.119485 0.292129 0.238260 0.582157
8 0.199188 0.445685 0.227924 0.231799
8 0.546732 0.841731 0.426212 0.316441
2 0.567394 0.322432 0.092820 0.085981
2 0.789997 0.245694 0.085367 0.083196
2 0.393480 0.108225 0.131691 0.159354
1 0.805622 0.340292 0.062951 0.093066
4 0.850091 0.509888 0.131105 0.256689
4 0.599368 0.539726 0.168446 0.197570
1 0.487434 0.241665 0.030580 0.042486
1 0.564192 0.414711 0.063496 0.082980
1 0.441420 0.287079 0.098071 0.167443
4 0.449664 0.481260 0.221297 0.315862
4 0.765143 0.574475 0.219729 0.128413
5 0.833968 0.415617 0.190405 0.440361
2 0.724243 0.325804 0.111463 0.105637
5 0.925559 0.349871 0.148086 0.585015
5 0.066204 0.371430 0.034889 0.060246
5 0.281772 0.819767 0.101939 0.359925
4 0.955840 0.461378 0.088237 0.355824
4 0.505825 0.317215 0.038212 0.071584
5 0.823696 0.232277 0.019639 0.058618
2 0.751294 0.217086 0.020467 0.021747
1 0.570484 0.249740 0.023862 0.024851
5 0.829523 0.237582 0.017522 0.052267
5 0.452436 0.890689 0.035395 0.078458
5 0.821650 0.215732 0.016873 0.079181
2 0.634154 0.352965 0.041401 0.058206
5 0.807757 0.201727 0.012736 0.043447
5 0.742103 0.239040 0.039919 0.085440
4 0.747433 0.240687 0.027335 0.076135
5 0.745125 0.246006 0.026735 0.057877
4 0.373117 0.421980 0.085459 0.413044
2 0.570567 0.233461 0.019907 0.014089
