5 0.698882 0.818580 0.600110 0.361358
5 0.619268 0.137120 0.238624 0.274006
4 0.618049 0.134942 0.161704 0.269884
5 0.181604 0.324208 0.298608 0.632823
7 0.624711 0.526386 0.192905 0.223172
5 0.868718 0.456581 0.242281 0.363001
5 0.628475 0.455127 0.219823 0.364174
4 0.866146 0.839584 0.266341 0.320525
4 0.184322 0.350780 0.138714 0.312027
2 0.162486 0.093509 0.100255 0.154998
5 0.446708 0.135949 0.119600 0.271636
0 0.575231 0.313980 0.072883 0.083961
7 0.833272 0.450360 0.170412 0.370809
0 0.723218 0.327085 0.047933 0.063790
4 0.424465 0.133035 0.073770 0.264696
5 0.832010 0.110213 0.142708 0.219280
5 0.721172 0.457510 0.056155 0.327454
1 0.737705 0.383823 0.019505 0.045248
1 0.537446 0.009241 0.055829 0.018311
4 0.828275 0.105817 0.098832 0.159717
1 0.819032 0.028122 0.030599 0.028777
5 0.920300 0.105749 0.156867 0.211314
3 0.156527 0.205919 0.032695 0.036769
4 0.930028 0.079036 0.097770 0.141776
5 0.336582 0.859221 0.102657 0.281524
5 0.938001 0.456942 0.123997 0.361571
7 0.973085 0.353052 0.053696 0.157859
3 0.788655 0.660155 0.230092 0.041028
6 0.490083 0.608700 0.036315 0.057483
1 0.921063 0.006401 0.047698 0.012802
