8 0.308403 0.809627 0.562083 0.379518
8 0.793074 0.309258 0.407879 0.617404
5 0.173676 0.155176 0.062402 0.135227
5 0.347654 0.789764 0.099294 0.116496
5 0.245663 0.166076 0.052851 0.118315
7 0.346216 0.806380 0.065631 0.081794
7 0.015858 0.879117 0.031717 0.142891
2 0.349088 0.744410 0.029468 0.019973
4 0.241645 0.169252 0.026498 0.058484
4 0.170244 0.131636 0.030665 0.043621
5 0.022831 0.872788 0.045560 0.254395
3 0.345561 0.771656 0.020276 0.017669
0 0.239858 0.118453 0.018403 0.024463
0 0.185385 0.100627 0.018148 0.022306
5 0.540255 0.972211 0.081813 0.055472
5 0.522954 0.974092 0.040332 0.050924
