8 0.769424 0.765008 0.459537 0.468889
7 0.279673 0.600472 0.092101 0.166607
5 0.898082 0.331411 0.193148 0.273245
4 0.888434 0.300287 0.124227 0.129761
7 0.128161 0.611198 0.095711 0.170067
5 0.277600 0.681766 0.098117 0.427243
7 0.198383 0.578688 0.092076 0.146184
7 0.036937 0.606587 0.073874 0.182172
7 0.509823 0.614894 0.063106 0.151884
7 0.423081 0.610531 0.068973 0.149250
5 0.121159 0.694773 0.111924 0.454884
0 0.466397 0.479054 0.033277 0.022435
0 0.519978 0.489725 0.039319 0.042157
0 0.357624 0.486202 0.037193 0.034895
0 0.424461 0.482519 0.035772 0.027937
0 0.284216 0.480892 0.039376 0.025570
7 0.359304 0.606442 0.068342 0.140302
2 0.906830 0.214162 0.045799 0.028367
7 0.323430 0.526226 0.046535 0.062616
5 0.418123 0.674124 0.083885 0.408803
0 0.128437 0.482332 0.040879 0.027282
7 0.240075 0.498668 0.057141 0.058556
5 0.351559 0.674077 0.088728 0.409322
5 0.038373 0.695378 0.076746 0.469577
7 0.080247 0.550898 0.071670 0.092449
3 0.128957 0.520335 0.025350 0.023134
3 0.466273 0.510083 0.020880 0.017886
3 0.358108 0.525587 0.024415 0.019518
3 0.199179 0.500334 0.027006 0.023423
5 0.506839 0.683474 0.072328 0.415868
7 0.473191 0.593710 0.056033 0.134116
3 0.282684 0.520314 0.022612 0.023520
3 0.022587 0.510933 0.028759 0.028769
7 0.494913 0.520864 0.024350 0.032960
3 0.518715 0.532007 0.022794 0.022037
3 0.079354 0.495173 0.025833 0.021898
5 0.074759 0.660651 0.080761 0.401629
5 0.470793 0.657157 0.076089 0.382507
5 0.231841 0.650537 0.070561 0.371586
3 0.422551 0.520461 0.022282 0.021452
5 0.315293 0.639957 0.062582 0.352137
5 0.042309 0.233425 0.084009 0.466600
5 0.196340 0.670475 0.099670 0.411624
3 0.314990 0.494713 0.021909 0.020299
7 0.409609 0.508818 0.072212 0.073044
7 0.026766 0.087541 0.053396 0.174028
0 0.021825 0.476927 0.043265 0.017928
0 0.196593 0.474145 0.036567 0.013266
7 0.388687 0.506937 0.044240 0.058010
5 0.160179 0.668219 0.070579 0.412347
5 0.389191 0.639761 0.055678 0.342625
7 0.437537 0.501839 0.066735 0.039061
7 0.078215 0.591948 0.074254 0.167494
7 0.158817 0.615163 0.047834 0.181102
7 0.099340 0.539898 0.032657 0.053251
5 0.390005 0.509422 0.040166 0.076934
5 0.391816 0.532774 0.051830 0.128692
