5 0.399131 0.179965 0.307715 0.359740
8 0.772760 0.676293 0.407307 0.630428
5 0.226214 0.517059 0.168432 0.323073
5 0.111550 0.722824 0.194561 0.279145
5 0.462754 0.540136 0.210456 0.362128
2 0.129159 0.612072 0.055473 0.041286
8 0.234454 0.606418 0.463464 0.489292
4 0.220493 0.458856 0.054385 0.100708
4 0.471436 0.432925 0.094012 0.143596
4 0.076903 0.691317 0.075497 0.105156
6 0.904278 0.135045 0.052451 0.069530
7 0.396798 0.060734 0.195536 0.121438
5 0.670460 0.399199 0.037943 0.069281
5 0.424634 0.413294 0.101664 0.108477
3 0.243009 0.402011 0.024151 0.020791
2 0.246180 0.371956 0.032359 0.022808
3 0.127809 0.652859 0.020871 0.026291
6 0.993764 0.168566 0.012107 0.026843
3 0.471212 0.370095 0.039816 0.023630
3 0.123974 0.650013 0.020875 0.024500
8 0.972060 0.550645 0.055879 0.366584
7 0.392384 0.025201 0.199585 0.050402
2 0.473779 0.370052 0.044305 0.024369
8 0.792669 0.380554 0.176623 0.043600
8 0.960746 0.655188 0.078215 0.593505
