8 0.735963 0.749836 0.528074 0.498448
5 0.822899 0.249903 0.353762 0.497403
9 0.374943 0.158379 0.107999 0.093404
7 0.277366 0.141340 0.140329 0.281310
5 0.386714 0.749778 0.161996 0.498801
5 0.222052 0.717330 0.244255 0.433899
5 0.261514 0.252765 0.233656 0.497042
0 0.821261 0.251357 0.357478 0.486068
7 0.096492 0.072681 0.091270 0.143748
5 0.081323 0.227843 0.159214 0.455686
7 0.233024 0.537873 0.155388 0.075459
7 0.422663 0.544974 0.094963 0.089906
9 0.222198 0.145310 0.196248 0.160308
5 0.562899 0.660371 0.029955 0.077108
3 0.963215 0.396913 0.073415 0.201161
9 0.193472 0.142875 0.102357 0.149714
8 0.911343 0.897176 0.177314 0.205094
5 0.557290 0.665735 0.022263 0.063303
