5 0.252098 0.734676 0.504196 0.530000
5 0.754771 0.235911 0.489121 0.467844
8 0.753753 0.733701 0.492493 0.531102
9 0.220990 0.234549 0.441920 0.466598
1 0.733558 0.355101 0.448694 0.228423
7 0.440581 0.331665 0.137879 0.271889
7 0.312241 0.733040 0.380882 0.531166
2 0.742869 0.165108 0.473143 0.265690
8 0.570197 0.837444 0.122195 0.325113
5 0.423495 0.243039 0.171124 0.453169
5 0.834863 0.797820 0.043516 0.086693
4 0.841557 0.803537 0.019720 0.039407
2 0.851626 0.759049 0.015621 0.016590
2 0.845697 0.768535 0.011221 0.014279
