5 0.805100 0.795413 0.388614 0.408209
8 0.315631 0.794890 0.586607 0.409516
5 0.387219 0.296586 0.446860 0.591746
5 0.925448 0.294436 0.149026 0.588167
3 0.830384 0.900467 0.338687 0.192549
5 0.050179 0.839720 0.100359 0.318938
4 0.264133 0.854772 0.050341 0.100136
2 0.829807 0.653587 0.340126 0.129270
5 0.065966 0.716390 0.090425 0.253957
7 0.459841 0.295055 0.294532 0.590043
5 0.250813 0.871517 0.153819 0.256966
4 0.027911 0.793344 0.055716 0.153556
4 0.063136 0.635279 0.054146 0.092225
0 0.922136 0.293275 0.155728 0.537287
2 0.249807 0.764278 0.037282 0.026269
2 0.024119 0.709339 0.040393 0.052197
3 0.247971 0.793253 0.019974 0.019011
4 0.801808 0.979434 0.396383 0.041086
2 0.259606 0.957532 0.034007 0.030085
