9 0.143791 0.809261 0.287363 0.380710
8 0.498984 0.809002 0.421369 0.378256
7 0.766466 0.782718 0.077035 0.141641
8 0.587233 0.188594 0.597581 0.375669
7 0.917716 0.769368 0.071197 0.126167
5 0.433292 0.652392 0.091352 0.067990
5 0.906156 0.821637 0.134390 0.348936
5 0.770228 0.830622 0.117922 0.338528
0 0.787744 0.684682 0.039564 0.043686
6 0.667326 0.945803 0.096087 0.108393
0 0.915495 0.667692 0.038354 0.035771
7 0.432612 0.650392 0.053960 0.062547
6 0.392861 0.939345 0.073136 0.121257
7 0.984287 0.764282 0.031427 0.145823
3 0.915978 0.702299 0.025549 0.021041
3 0.783047 0.717451 0.015666 0.022317
5 0.981348 0.804363 0.037142 0.352690
7 0.439647 0.631435 0.042306 0.025721
