8 0.784024 0.768035 0.431219 0.460553
8 0.817581 0.411281 0.364817 0.256095
8 0.851464 0.292206 0.296512 0.496756
5 0.320333 0.768977 0.209311 0.458911
4 0.145098 0.649080 0.147328 0.216622
4 0.317396 0.656687 0.120659 0.232205
5 0.196728 0.206287 0.054139 0.082023
5 0.148582 0.769539 0.230131 0.460177
5 0.688732 0.581616 0.049072 0.097893
5 0.468255 0.768804 0.172519 0.459927
5 0.061383 0.769558 0.122059 0.460571
0 0.193590 0.191439 0.022587 0.032855
8 0.728007 0.600899 0.184698 0.125951
8 0.631545 0.603730 0.116075 0.130571
4 0.461553 0.728266 0.065630 0.261417
4 0.528857 0.753750 0.081611 0.410895
4 0.696709 0.578960 0.017760 0.037275
4 0.521616 0.665142 0.091665 0.250701
4 0.699777 0.575836 0.022392 0.045711
4 0.196262 0.190489 0.025971 0.037296
8 0.876468 0.571022 0.213738 0.065834
4 0.546790 0.749451 0.042694 0.298452
4 0.017349 0.627339 0.034697 0.184042
2 0.016675 0.623746 0.032678 0.175548
