5 0.695254 0.150681 0.608856 0.300824
5 0.224743 0.150091 0.329188 0.299106
8 0.743603 0.610228 0.511887 0.621715
7 0.249308 0.125271 0.258976 0.248564
4 0.694918 0.155296 0.610146 0.290080
7 0.165750 0.547216 0.157809 0.348263
1 0.833794 0.146591 0.332413 0.292780
5 0.192460 0.650661 0.253807 0.697691
0 0.319091 0.358701 0.072774 0.112492
0 0.168503 0.323714 0.077818 0.045356
7 0.351466 0.539207 0.072135 0.301479
5 0.334887 0.648497 0.100490 0.695247
5 0.828891 0.416780 0.034993 0.072444
3 0.331392 0.431136 0.025552 0.031100
5 0.763019 0.428362 0.026743 0.048921
3 0.179316 0.384065 0.021361 0.035330
