5 0.205140 0.695567 0.410281 0.606810
8 0.678501 0.194451 0.544896 0.387844
4 0.206258 0.880983 0.406344 0.237500
1 0.263283 0.647337 0.295178 0.255891
8 0.661064 0.835164 0.285081 0.328422
8 0.841691 0.251694 0.315935 0.275347
8 0.855792 0.874087 0.041777 0.066609
8 0.571833 0.771997 0.320558 0.455614
8 0.715300 0.868629 0.049946 0.056129
9 0.667415 0.893282 0.046724 0.053542
8 0.887302 0.872371 0.042432 0.074323
2 0.293267 0.446620 0.233199 0.113895
8 0.977768 0.856307 0.042936 0.098979
8 0.917509 0.872253 0.055100 0.073435
8 0.775089 0.890640 0.053490 0.068281
8 0.834437 0.876202 0.029457 0.060785
8 0.827726 0.878524 0.032377 0.055950
8 0.987372 0.860914 0.025256 0.092626
8 0.782307 0.881864 0.038917 0.055070
8 0.865477 0.873660 0.036748 0.070122
8 0.785937 0.876757 0.028494 0.041096
