8 0.289243 0.318322 0.578486 0.636031
8 0.789474 0.311585 0.420043 0.623064
5 0.227114 0.820005 0.454228 0.359589
6 0.864994 0.832637 0.023298 0.050870
6 0.675452 0.961897 0.045141 0.076069
6 0.883794 0.795343 0.014356 0.031660
6 0.685960 0.801528 0.014375 0.028582
0 0.141445 0.613046 0.021957 0.026687
6 0.919753 0.764345 0.008543 0.020306
6 0.844955 0.761046 0.006994 0.021091
6 0.659997 0.780610 0.009695 0.022426
4 0.123842 0.945326 0.247680 0.109186
6 0.799109 0.787568 0.013639 0.027819
6 0.762037 0.764555 0.008972 0.022236
6 0.759751 0.764915 0.008676 0.021472
6 0.606124 0.770897 0.007838 0.017955
5 0.142763 0.617601 0.045207 0.045169
5 0.138337 0.621117 0.029947 0.035802
6 0.662603 0.783642 0.008597 0.021170
