8 0.583359 0.130882 0.698665 0.261257
5 0.612698 0.624337 0.772534 0.690138
5 0.167011 0.129617 0.119237 0.259234
3 0.398563 0.762209 0.177725 0.195455
2 0.725651 0.659693 0.426545 0.346888
4 0.333055 0.853721 0.202921 0.172954
7 0.169503 0.087497 0.054359 0.108775
5 0.096003 0.091019 0.054030 0.172749
7 0.095336 0.066389 0.038661 0.055221
0 0.187016 0.016085 0.024650 0.030386
0 0.090771 0.017714 0.025417 0.032464
0 0.116916 0.018414 0.035732 0.035421
0 0.129011 0.016624 0.023158 0.031759
0 0.177019 0.011624 0.041181 0.023247
4 0.288119 0.809657 0.115873 0.085267
