5 0.769238 0.819146 0.460582 0.359458
5 0.769047 0.321155 0.461071 0.639966
8 0.206829 0.820225 0.413650 0.358992
4 0.730250 0.455962 0.386121 0.368480
4 0.769325 0.852065 0.460926 0.294917
1 0.782522 0.706522 0.433689 0.135990
4 0.432874 0.605471 0.050179 0.065760
8 0.320554 0.905460 0.423290 0.188641
5 0.431457 0.575134 0.113767 0.127980
1 0.586709 0.156564 0.096390 0.254031
2 0.422059 0.535913 0.030192 0.037403
5 0.166651 0.605299 0.179324 0.066392
2 0.233081 0.605118 0.019949 0.034622
2 0.232529 0.595759 0.018350 0.030191
5 0.233508 0.607826 0.034027 0.060168
