5 0.169745 0.700280 0.339226 0.596571
1 0.170137 0.832852 0.340274 0.333628
2 0.168357 0.603920 0.336125 0.275019
5 0.767502 0.106337 0.072607 0.208802
5 0.629723 0.080682 0.071541 0.159710
9 0.417005 0.073710 0.033860 0.033222
9 0.451708 0.055626 0.030621 0.028753
4 0.619145 0.025037 0.036285 0.049576
9 0.477886 0.039151 0.028049 0.027748
4 0.170538 0.937006 0.340002 0.124991
0 0.755985 0.011899 0.023837 0.023308
9 0.468489 0.046001 0.021892 0.022068
9 0.562884 0.041659 0.032541 0.039463
4 0.764109 0.081797 0.033630 0.075505
9 0.363970 0.088638 0.048841 0.031549
5 0.167012 0.185355 0.334023 0.370047
