9 0.690101 0.768511 0.536430 0.458990
7 0.498842 0.135170 0.106563 0.237687
5 0.863768 0.190444 0.065345 0.147254
6 0.729517 0.507113 0.035264 0.066545
5 0.668276 0.204496 0.103385 0.408922
4 0.657704 0.102320 0.063489 0.169273
6 0.957598 0.575962 0.035972 0.080286
5 0.502922 0.204318 0.131675 0.408534
6 0.578423 0.481692 0.022522 0.044956
6 0.452167 0.492428 0.018559 0.036515
4 0.865376 0.183370 0.038378 0.070862
5 0.982497 0.114438 0.034866 0.228731
5 0.559861 0.099143 0.034217 0.103416
0 0.861688 0.136277 0.019858 0.029413
4 0.716839 0.190571 0.020851 0.046840
9 0.409207 0.422577 0.036260 0.026539
3 0.514212 0.015563 0.026686 0.029319
5 0.723707 0.187502 0.031054 0.070056
0 0.556119 0.060752 0.016303 0.022567
3 0.672862 0.013637 0.022304 0.026610
5 0.984962 0.044224 0.027594 0.088447
4 0.557727 0.091880 0.022413 0.058942
6 0.385910 0.461766 0.008264 0.016152
4 0.557812 0.095647 0.027379 0.089834
0 0.985167 0.018970 0.023501 0.037940
