5 0.294172 0.713681 0.588071 0.568566
4 0.295426 0.872131 0.589233 0.254853
5 0.551340 0.161195 0.069141 0.201197
5 0.405444 0.206207 0.067420 0.243942
1 0.263372 0.702967 0.523537 0.372927
8 0.775377 0.810923 0.374864 0.376883
5 0.658327 0.224215 0.136945 0.408860
9 0.475539 0.081654 0.033830 0.030279
2 0.281299 0.490751 0.552098 0.124083
0 0.407615 0.103490 0.022698 0.034529
8 0.448451 0.066699 0.028544 0.029073
4 0.554975 0.115075 0.028848 0.058322
0 0.561695 0.072589 0.016394 0.018156
4 0.407644 0.171442 0.031713 0.098496
3 0.617808 0.029794 0.056786 0.059587
