5 0.795912 0.219782 0.407679 0.438841
5 0.794587 0.720364 0.408735 0.557718
5 0.400340 0.721203 0.375817 0.557594
0 0.467536 0.072296 0.076698 0.101451
7 0.100037 0.364179 0.149831 0.151082
1 0.762542 0.100360 0.187641 0.198615
5 0.125086 0.364495 0.224173 0.147854
4 0.753889 0.278927 0.321522 0.319233
1 0.501342 0.831260 0.174153 0.237036
7 0.494226 0.286723 0.103905 0.300362
3 0.780742 0.894873 0.384042 0.209413
0 0.794807 0.622251 0.406483 0.364533
0 0.199846 0.380268 0.070835 0.118175
2 0.501287 0.516898 0.175367 0.154773
5 0.488041 0.226713 0.130754 0.423404
4 0.455945 0.940150 0.270283 0.119425
3 0.467621 0.148371 0.022917 0.036185
5 0.179452 0.018976 0.085377 0.037952
5 0.269281 0.016027 0.129599 0.032054
7 0.784755 0.958128 0.430490 0.083682
