8 0.793510 0.260167 0.411373 0.516917
0 0.675309 0.875359 0.171136 0.247071
8 0.248879 0.915082 0.098328 0.134546
8 0.201645 0.794677 0.329354 0.410646
0 0.850543 0.864299 0.170264 0.137865
0 0.746613 0.695397 0.147966 0.122026
0 0.915677 0.775406 0.150878 0.174954
0 0.643061 0.810866 0.108790 0.119081
8 0.033763 0.903116 0.067405 0.126568
4 0.647213 0.690284 0.088954 0.130944
4 0.655593 0.937023 0.132014 0.122428
4 0.783869 0.957349 0.168449 0.085289
5 0.487615 0.063431 0.109669 0.126420
0 0.756840 0.763304 0.210842 0.255826
4 0.824902 0.686766 0.102730 0.126132
5 0.814733 0.897698 0.266835 0.204040
5 0.821983 0.684202 0.194398 0.215042
5 0.647656 0.669335 0.120710 0.211827
5 0.909185 0.816185 0.180136 0.259195
5 0.618448 0.028945 0.054655 0.057568
4 0.754000 0.823059 0.121315 0.122153
4 0.844516 0.557304 0.134309 0.077049
5 0.838531 0.561453 0.190615 0.087328
4 0.967859 0.856329 0.064124 0.146531
2 0.802332 0.598909 0.070063 0.051054
0 0.933866 0.977159 0.132269 0.045683
0 0.779881 0.543059 0.144329 0.049395
5 0.674923 0.875705 0.172000 0.248302
4 0.899248 0.938848 0.104084 0.115716
0 0.805484 0.895318 0.287013 0.208629
3 0.765627 0.767464 0.061997 0.031690
5 0.658270 0.549919 0.135182 0.063360
4 0.610867 0.568725 0.045237 0.100858
3 0.637057 0.897148 0.067571 0.034163
5 0.773742 0.570720 0.228214 0.105441
4 0.732141 0.846453 0.115320 0.109414
8 0.399376 0.938760 0.083877 0.088655
5 0.796451 0.551541 0.218956 0.065047
5 0.954096 0.807937 0.091807 0.315731
0 0.776927 0.717556 0.198486 0.179679
5 0.748982 0.717139 0.190695 0.176118
