5 0.754650 0.724748 0.489704 0.550429
9 0.892416 0.079917 0.167193 0.159046
2 0.800675 0.536931 0.397861 0.173464
5 0.710740 0.225093 0.399091 0.449744
1 0.857910 0.744130 0.282845 0.347988
8 0.216502 0.853449 0.433005 0.292928
3 0.586520 0.301130 0.153488 0.182556
4 0.778493 0.256062 0.314225 0.397826
2 0.611378 0.095734 0.202727 0.190197
4 0.754317 0.905442 0.489416 0.188265
3 0.757510 0.077858 0.104914 0.109428
9 0.472620 0.407873 0.072355 0.084577
5 0.326957 0.389559 0.037109 0.106963
7 0.327238 0.377318 0.021008 0.038074
5 0.888638 0.080864 0.160853 0.160250
5 0.945885 0.226395 0.108231 0.451749
8 0.422096 0.605869 0.172351 0.313853
0 0.327148 0.344606 0.013119 0.013006
