6 0.694590 0.262708 0.609527 0.516761
5 0.194386 0.857490 0.387606 0.284513
0 0.416303 0.892966 0.053515 0.087712
5 0.307468 0.259730 0.161337 0.515574
0 0.705357 0.898840 0.052086 0.056447
0 0.862961 0.906039 0.056385 0.057461
0 0.944328 0.916464 0.045774 0.045281
0 0.631930 0.891530 0.077842 0.079792
0 0.477453 0.937794 0.050421 0.053158
5 0.629455 0.924305 0.159349 0.151343
2 0.239628 0.787187 0.299268 0.124978
5 0.857957 0.935858 0.144698 0.128009
1 0.232865 0.943329 0.308380 0.113241
5 0.715116 0.933301 0.144074 0.133114
5 0.945163 0.945893 0.109457 0.108035
3 0.945936 0.959850 0.027615 0.024712
3 0.704427 0.949476 0.031383 0.028614
3 0.863683 0.953295 0.030100 0.026705
3 0.409273 0.974156 0.038094 0.042141
3 0.486181 0.987159 0.032152 0.023485
5 0.444595 0.924103 0.112545 0.151630
4 0.851757 0.984983 0.091964 0.030034
5 0.490713 0.954121 0.118456 0.091722
4 0.622795 0.979887 0.087584 0.040039
7 0.712617 0.982023 0.105172 0.035931
4 0.711704 0.982730 0.102770 0.034505
0 0.360122 0.046234 0.062011 0.092469
3 0.649167 0.955161 0.034992 0.038177
4 0.953245 0.986784 0.087996 0.026433
7 0.853633 0.983584 0.099975 0.032833
5 0.103395 0.255615 0.141906 0.511231
