5 0.114619 0.544189 0.227314 0.211977
9 0.719902 0.490667 0.101359 0.088827
4 0.332040 0.541697 0.163563 0.203532
1 0.070856 0.329088 0.141711 0.220097
5 0.317255 0.541491 0.225036 0.206819
8 0.826332 0.099735 0.255846 0.198482
7 0.112276 0.890333 0.206956 0.216486
4 0.117290 0.542695 0.157592 0.207302
1 0.319294 0.386704 0.218385 0.104143
5 0.118066 0.823745 0.234988 0.351888
0 0.158756 0.690986 0.082425 0.084958
7 0.588455 0.528056 0.111064 0.178748
5 0.574265 0.702341 0.232922 0.527721
7 0.456896 0.489820 0.051161 0.103025
9 0.617303 0.507491 0.128101 0.140666
0 0.019078 0.705656 0.038155 0.072363
5 0.464590 0.653881 0.070882 0.428825
5 0.024399 0.826329 0.048741 0.347021
2 0.017210 0.700780 0.034345 0.059453
