8 0.296891 0.167732 0.360109 0.334708
5 0.302429 0.770286 0.287138 0.203669
8 0.784496 0.440373 0.349713 0.458010
8 0.447330 0.347101 0.322166 0.463187
5 0.570752 0.815520 0.079757 0.260204
2 0.578904 0.724846 0.056375 0.036521
5 0.575291 0.234478 0.037990 0.063649
4 0.286233 0.683485 0.166697 0.031084
5 0.197368 0.193897 0.028147 0.053195
2 0.590513 0.722356 0.036244 0.029890
5 0.580422 0.230088 0.052273 0.075541
5 0.204041 0.188812 0.024376 0.058451
8 0.475931 0.031132 0.260493 0.061742
5 0.191404 0.202521 0.029602 0.047533
