8 0.343203 0.825230 0.680695 0.349218
0 0.509653 0.041164 0.053838 0.082328
5 0.801657 0.770836 0.223730 0.240752
5 0.911709 0.888256 0.176067 0.223401
4 0.531923 0.188955 0.078899 0.177618
5 0.301494 0.295186 0.070441 0.159364
5 0.166566 0.175434 0.055464 0.292833
4 0.299644 0.290643 0.045168 0.082699
5 0.521044 0.317620 0.113326 0.631219
0 0.678091 0.036948 0.023678 0.068891
0 0.302717 0.237845 0.022107 0.038257
0 0.180216 0.046698 0.021396 0.024611
5 0.462798 0.288327 0.033872 0.078761
7 0.666258 0.236295 0.046305 0.226823
5 0.658320 0.330823 0.060879 0.621646
4 0.165986 0.124775 0.037479 0.101252
4 0.465216 0.299716 0.020528 0.050720
0 0.640849 0.151824 0.020294 0.029175
3 0.678643 0.102614 0.017845 0.031934
3 0.512201 0.100879 0.017709 0.029203
3 0.515266 0.098281 0.020842 0.032282
3 0.182046 0.073374 0.012886 0.016902
3 0.181894 0.078607 0.014024 0.019465
5 0.854939 0.721699 0.130004 0.140899
5 0.640076 0.194408 0.029382 0.113649
4 0.462008 0.290644 0.016835 0.035389
