5 0.256688 0.751403 0.513376 0.496791
6 0.893241 0.423132 0.198358 0.189315
5 0.126729 0.647436 0.069021 0.105286
5 0.423230 0.735513 0.156817 0.286824
3 0.259793 0.914102 0.143144 0.126617
6 0.750381 0.367942 0.146651 0.075919
2 0.243220 0.595445 0.185996 0.154911
7 0.703234 0.042890 0.114133 0.085781
5 0.707993 0.164637 0.171554 0.327724
5 0.882831 0.132145 0.102635 0.264267
2 0.417123 0.606856 0.037085 0.029611
4 0.263306 0.961922 0.383875 0.075919
3 0.417824 0.642651 0.021269 0.019108
4 0.413141 0.668903 0.057933 0.056588
9 0.597627 0.009358 0.087037 0.018207
9 0.757709 0.019182 0.111372 0.038365
4 0.415047 0.652984 0.041970 0.031584
