8 0.858689 0.763627 0.280787 0.470131
5 0.361111 0.265638 0.709158 0.528481
9 0.829113 0.080393 0.155550 0.160622
5 0.809604 0.266592 0.182202 0.527060
2 0.312351 0.594866 0.196043 0.131749
5 0.289439 0.763814 0.499813 0.470335
7 0.233764 0.207895 0.456329 0.415790
1 0.261087 0.782579 0.092711 0.174911
4 0.790698 0.283634 0.147234 0.472557
4 0.353660 0.928574 0.297160 0.142627
5 0.943693 0.264056 0.112613 0.528083
8 0.861284 0.576242 0.277081 0.094057
3 0.736988 0.061055 0.037096 0.107289
4 0.970264 0.238690 0.059012 0.409907
5 0.816709 0.081784 0.149611 0.162434
4 0.978306 0.278714 0.043235 0.225120
