8 0.811476 0.793117 0.375993 0.413117
8 0.272309 0.798352 0.544070 0.403054
8 0.902863 0.933938 0.131103 0.132076
8 0.620703 0.885897 0.123619 0.179247
5 0.348401 0.274272 0.223096 0.547318
7 0.316986 0.078831 0.148408 0.156905
9 0.758891 0.674183 0.029505 0.025830
9 0.734322 0.680166 0.025517 0.027534
9 0.808007 0.658637 0.030572 0.029112
9 0.955268 0.621448 0.031173 0.026738
9 0.864682 0.643012 0.027090 0.028656
9 0.840673 0.647433 0.027580 0.028728
9 0.915868 0.632760 0.027654 0.028802
9 0.885195 0.639594 0.020132 0.027393
9 0.944094 0.625514 0.025129 0.024967
5 0.960550 0.974727 0.029438 0.048087
9 0.923594 0.630813 0.021118 0.025361
9 0.946197 0.623091 0.034037 0.031213
9 0.991189 0.618861 0.016470 0.024374
9 0.961487 0.621379 0.020937 0.021122
9 0.782768 0.662805 0.027958 0.027608
9 0.931872 0.629147 0.046832 0.030541
