8 0.239605 0.857676 0.475913 0.283161
8 0.739564 0.395113 0.520545 0.647708
8 0.906880 0.503261 0.185536 0.408847
8 0.132980 0.866886 0.183822 0.189486
8 0.570198 0.328214 0.174515 0.195332
5 0.199556 0.866220 0.034712 0.091517
5 0.629742 0.325047 0.034686 0.089000
2 0.628489 0.289773 0.013069 0.016951
4 0.195291 0.868523 0.016009 0.039739
4 0.626137 0.331454 0.016663 0.041374
8 0.630860 0.764634 0.301431 0.091978
2 0.195041 0.828420 0.010929 0.012691
3 0.195774 0.843270 0.010678 0.010916
4 0.199764 0.866134 0.018087 0.043271
8 0.424032 0.940255 0.107567 0.119408
2 0.196034 0.822943 0.011888 0.013434
3 0.628847 0.305717 0.009505 0.010573
