8 0.808863 0.287308 0.380872 0.463904
5 0.310780 0.759212 0.618747 0.480265
7 0.813854 0.819589 0.095619 0.163793
0 0.761447 0.666090 0.037883 0.039657
0 0.713294 0.607775 0.037256 0.037539
7 0.709208 0.817433 0.075118 0.157436
7 0.455283 0.757562 0.323899 0.483168
5 0.906393 0.822992 0.139170 0.352881
7 0.908786 0.809390 0.124752 0.172797
0 0.980861 0.661853 0.038232 0.048240
0 0.820468 0.688084 0.045810 0.048139
0 0.920399 0.669880 0.049874 0.046468
0 0.804571 0.644057 0.038659 0.038131
0 0.876712 0.663094 0.041217 0.042292
3 0.643128 0.721325 0.027799 0.024488
0 0.637078 0.616993 0.033903 0.034601
0 0.644402 0.675417 0.039696 0.041949
0 0.716430 0.676605 0.042404 0.041258
3 0.813747 0.734173 0.027396 0.024420
7 0.874264 0.755623 0.056543 0.082876
7 0.651729 0.808994 0.063112 0.154503
3 0.762193 0.706737 0.022938 0.020926
5 0.698564 0.812617 0.112690 0.368731
5 0.658994 0.826808 0.079694 0.346384
5 0.805581 0.827928 0.122079 0.342627
7 0.789863 0.723806 0.032558 0.042181
5 0.858498 0.822828 0.091895 0.343210
5 0.955948 0.830902 0.086909 0.337265
3 0.710813 0.645298 0.022748 0.021726
3 0.986256 0.711078 0.024218 0.027130
3 0.875501 0.706265 0.024725 0.021680
7 0.766061 0.800714 0.066262 0.147540
7 0.980644 0.845901 0.038421 0.205535
7 0.700603 0.698662 0.074861 0.085401
5 0.754890 0.827845 0.089934 0.331153
7 0.965184 0.763694 0.062609 0.079270
3 0.916626 0.717870 0.030867 0.024532
3 0.713142 0.721931 0.024382 0.021220
7 0.965065 0.791974 0.065512 0.139778
3 0.794785 0.682645 0.017940 0.020203
5 0.978281 0.846775 0.043359 0.305967
