5 0.308717 0.264090 0.520208 0.525372
8 0.362653 0.763562 0.410906 0.468970
5 0.902206 0.065888 0.195102 0.130696
8 0.823946 0.735303 0.350859 0.413442
5 0.664173 0.170122 0.179916 0.255882
5 0.855254 0.702186 0.091403 0.150234
4 0.644895 0.133220 0.077398 0.100906
0 0.649406 0.196390 0.067158 0.045995
4 0.863419 0.692586 0.044427 0.052461
2 0.686109 0.060733 0.065149 0.029557
2 0.856519 0.640314 0.021816 0.018105
5 0.721551 0.558421 0.037175 0.057803
3 0.695256 0.082962 0.031412 0.021394
5 0.550740 0.678501 0.025372 0.046193
