9 0.759701 0.221275 0.478576 0.435059
8 0.763894 0.786931 0.471242 0.424882
8 0.630357 0.625515 0.350039 0.370687
7 0.291723 0.082270 0.119470 0.164155
7 0.513972 0.268969 0.129640 0.343328
5 0.527167 0.218353 0.154919 0.436298
9 0.364774 0.062126 0.097979 0.124040
9 0.430106 0.044543 0.050202 0.089008
5 0.245752 0.219421 0.281029 0.436513
0 0.520582 0.031668 0.120185 0.062679
5 0.146389 0.177316 0.141739 0.353772
3 0.526255 0.114331 0.045940 0.071208
6 0.561983 0.388276 0.031034 0.048084
7 0.162005 0.025345 0.089279 0.050527
6 0.957597 0.490769 0.017051 0.029621
6 0.994033 0.451387 0.010523 0.021793
9 0.263027 0.041135 0.171089 0.082269
