8 0.629529 0.272916 0.299457 0.542495
8 0.559587 0.330852 0.097134 0.138777
5 0.575338 0.824090 0.192304 0.351787
0 0.277450 0.258726 0.092846 0.066488
2 0.580868 0.721320 0.108752 0.119475
8 0.780163 0.368557 0.063929 0.122393
5 0.231405 0.347308 0.438382 0.303324
0 0.389292 0.280568 0.131263 0.123518
5 0.168014 0.326099 0.301329 0.253548
4 0.328647 0.446769 0.158780 0.182938
7 0.532677 0.867637 0.104675 0.261099
3 0.560155 0.782442 0.058956 0.068564
5 0.206492 0.526303 0.404511 0.103507
8 0.897860 0.356497 0.087751 0.086115
3 0.263556 0.325936 0.050888 0.038328
3 0.306543 0.302437 0.039191 0.047462
4 0.217583 0.541260 0.365742 0.074509
8 0.957358 0.368146 0.054285 0.071338
4 0.211127 0.545877 0.213832 0.066510
8 0.322558 0.920011 0.031220 0.036814
4 0.142501 0.473146 0.154189 0.076121
