8 0.778948 0.694626 0.439570 0.607013
8 0.133092 0.453697 0.103413 0.129191
8 0.182657 0.516498 0.328325 0.260057
5 0.349165 0.239426 0.419632 0.296793
5 0.345465 0.047197 0.416171 0.094361
5 0.651823 0.076129 0.071298 0.146795
4 0.464283 0.073116 0.164813 0.145858
8 0.361961 0.452854 0.072187 0.119560
4 0.655705 0.065867 0.042611 0.074279
0 0.412242 0.358844 0.087078 0.056242
5 0.698423 0.509387 0.056660 0.114820
5 0.782701 0.051551 0.053751 0.102884
4 0.447235 0.174732 0.196231 0.178890
0 0.503627 0.328393 0.110565 0.110819
0 0.649918 0.018631 0.023457 0.032483
8 0.472850 0.424718 0.084478 0.070002
4 0.073356 0.167415 0.138122 0.334830
4 0.502307 0.330571 0.111305 0.110889
5 0.252150 0.042005 0.213197 0.083361
3 0.396323 0.315738 0.073105 0.031630
8 0.511181 0.419760 0.084340 0.062948
8 0.460371 0.429355 0.044539 0.067543
8 0.443257 0.435767 0.033402 0.059874
