5 0.258476 0.698114 0.302745 0.602905
8 0.693351 0.806394 0.546380 0.386458
5 0.118845 0.699242 0.237690 0.598735
4 0.273672 0.777464 0.256919 0.444495
8 0.632425 0.199946 0.429831 0.398940
0 0.150652 0.265987 0.108829 0.073591
3 0.322957 0.527818 0.105265 0.062029
5 0.164313 0.310958 0.215941 0.180279
4 0.100385 0.731274 0.200771 0.523731
5 0.073700 0.294724 0.147226 0.208569
0 0.294186 0.431112 0.207201 0.059465
0 0.022555 0.229582 0.044906 0.064755
4 0.172680 0.365094 0.162054 0.067291
4 0.032076 0.352186 0.064152 0.098570
3 0.014715 0.292480 0.028638 0.036147
3 0.123060 0.320374 0.044365 0.033177
3 0.091697 0.422178 0.117814 0.045329
8 0.785423 0.193942 0.090718 0.228266
0 0.137105 0.698679 0.274209 0.594612
4 0.476741 0.047937 0.067702 0.095874
8 0.781961 0.201089 0.107890 0.395428
