5 0.621628 0.874984 0.342539 0.248910
8 0.700648 0.374215 0.506708 0.744827
5 0.316957 0.530358 0.266556 0.439022
5 0.110374 0.591482 0.220748 0.317769
5 0.288280 0.255372 0.241851 0.487414
4 0.285734 0.220729 0.181760 0.196456
1 0.632054 0.938826 0.120312 0.121876
4 0.095803 0.250510 0.123872 0.209959
2 0.259836 0.048759 0.084776 0.058012
4 0.591689 0.874373 0.226849 0.251209
5 0.094944 0.286399 0.176368 0.468664
8 0.238924 0.874759 0.422958 0.250418
2 0.307776 0.376918 0.117289 0.116041
2 0.093323 0.080267 0.066861 0.045922
4 0.074736 0.646121 0.146590 0.169078
7 0.614343 0.221394 0.045356 0.057613
5 0.859818 0.210065 0.065491 0.063042
7 0.859670 0.216505 0.046802 0.041873
4 0.366382 0.532084 0.168108 0.257577
2 0.054773 0.509030 0.109546 0.076901
5 0.616183 0.211477 0.054641 0.077616
3 0.266261 0.114083 0.051551 0.034700
3 0.086488 0.137992 0.039147 0.033834
3 0.037964 0.597649 0.067876 0.043159
3 0.339095 0.473530 0.054800 0.035617
2 0.023123 0.468200 0.045436 0.058212
