8 0.253994 0.859556 0.507629 0.280701
8 0.755192 0.361686 0.489205 0.721790
4 0.122874 0.269907 0.138476 0.206074
5 0.125818 0.299388 0.195885 0.455884
5 0.428365 0.469187 0.163966 0.364550
4 0.176093 0.639972 0.146918 0.158683
4 0.436483 0.441699 0.143476 0.151568
5 0.292652 0.274390 0.133475 0.293592
5 0.157719 0.579377 0.267610 0.280206
4 0.349771 0.670163 0.314508 0.100099
2 0.309344 0.585478 0.128054 0.072330
5 0.289456 0.622356 0.442369 0.196112
2 0.110038 0.099986 0.072580 0.047191
8 0.760779 0.859496 0.476794 0.280679
4 0.282371 0.221211 0.077529 0.075773
2 0.199894 0.509781 0.127573 0.082124
3 0.207936 0.606870 0.069031 0.048158
2 0.287007 0.149204 0.038666 0.024133
3 0.118692 0.155068 0.042854 0.035242
5 0.029602 0.297268 0.058105 0.457502
0 0.493284 0.322976 0.032648 0.067387
5 0.036781 0.581213 0.073387 0.272674
3 0.286725 0.178484 0.023075 0.019769
4 0.021089 0.232879 0.042178 0.184825
3 0.287998 0.173194 0.026943 0.018456
3 0.629783 0.090669 0.090291 0.158954
4 0.021838 0.637813 0.043328 0.154696
