8 0.765041 0.293657 0.410129 0.369105
5 0.076259 0.818248 0.152517 0.362596
7 0.273463 0.882935 0.159640 0.230933
7 0.077225 0.843049 0.124561 0.213173
8 0.752531 0.585801 0.389884 0.209392
5 0.256902 0.826918 0.241373 0.345613
5 0.287924 0.238990 0.482653 0.477215
5 0.064076 0.240951 0.127460 0.481045
0 0.305121 0.695625 0.077800 0.065901
0 0.106692 0.670683 0.061395 0.060071
4 0.354004 0.161132 0.298622 0.314995
3 0.288266 0.755170 0.045761 0.040513
3 0.094889 0.726396 0.039008 0.034162
2 0.246278 0.027353 0.134570 0.054616
5 0.254953 0.059179 0.277156 0.118312
3 0.269767 0.074220 0.054211 0.044486
5 0.209749 0.045849 0.228475 0.091455
4 0.025702 0.211738 0.051208 0.264883
4 0.233899 0.154003 0.135200 0.201138
3 0.254693 0.071644 0.060037 0.041093
