5 0.179400 0.703908 0.358072 0.592036
5 0.487190 0.230536 0.256509 0.355910
5 0.770571 0.204677 0.458859 0.408983
1 0.824848 0.165955 0.090944 0.131754
1 0.489093 0.219121 0.107564 0.126249
8 0.801942 0.746010 0.394892 0.505446
8 0.704710 0.633840 0.542748 0.450426
2 0.801122 0.039280 0.138377 0.076133
4 0.179211 0.897158 0.358128 0.205419
2 0.504631 0.108034 0.105379 0.078677
4 0.791187 0.348875 0.328082 0.121870
2 0.828364 0.035548 0.084556 0.067977
4 0.480070 0.353977 0.240895 0.111598
2 0.304470 0.469431 0.109300 0.120401
