8 0.869798 0.757899 0.257752 0.481015
0 0.261239 0.338500 0.213377 0.130850
8 0.298586 0.661786 0.426089 0.285285
5 0.191467 0.392739 0.360210 0.252611
3 0.062510 0.276575 0.123075 0.118846
0 0.076876 0.138562 0.153320 0.167367
5 0.737755 0.260384 0.218243 0.520061
5 0.081527 0.282373 0.162799 0.470440
3 0.275520 0.468195 0.105315 0.067976
7 0.724677 0.257196 0.193824 0.511456
8 0.518800 0.676682 0.085196 0.106962
7 0.869763 0.644910 0.048032 0.047123
5 0.301506 0.583867 0.044574 0.084153
5 0.868218 0.637840 0.061233 0.063666
4 0.061304 0.433986 0.122231 0.168380
0 0.071280 0.042087 0.142560 0.084020
3 0.060534 0.039873 0.121069 0.076820
