8 0.872049 0.649794 0.163431 0.294735
8 0.695976 0.520675 0.136633 0.163209
5 0.457981 0.356573 0.320168 0.162978
0 0.213637 0.370221 0.070515 0.058946
0 0.028977 0.230236 0.057955 0.095175
0 0.412155 0.332856 0.097499 0.057407
0 0.356554 0.407506 0.043255 0.045211
5 0.067372 0.306381 0.134511 0.262877
3 0.014554 0.285022 0.028783 0.040178
3 0.204738 0.415152 0.038796 0.026537
3 0.415668 0.366886 0.046731 0.028573
7 0.513895 0.413797 0.187405 0.047947
7 0.490188 0.424025 0.142526 0.029336
3 0.435009 0.362801 0.038774 0.026759
5 0.236033 0.386854 0.255409 0.104941
