5 0.258811 0.744029 0.517623 0.507147
8 0.759109 0.287584 0.481102 0.401587
1 0.372894 0.609857 0.293288 0.242487
4 0.261852 0.826509 0.514495 0.344905
8 0.773427 0.679543 0.452833 0.379451
5 0.407251 0.286125 0.221868 0.403271
4 0.455374 0.228008 0.117286 0.143716
5 0.197705 0.300616 0.388274 0.365029
7 0.161345 0.315622 0.202901 0.143209
0 0.215182 0.167852 0.092845 0.056507
0 0.292211 0.212028 0.043698 0.044943
0 0.410667 0.130522 0.072894 0.059011
8 0.882533 0.744856 0.234076 0.505753
4 0.279027 0.292617 0.066474 0.067322
5 0.279242 0.261045 0.104825 0.147405
3 0.429321 0.164770 0.034206 0.027936
3 0.289945 0.249245 0.024738 0.021461
3 0.223643 0.195747 0.054140 0.032110
3 0.210421 0.198757 0.052314 0.030832
