5 0.230251 0.728456 0.459736 0.542911
8 0.728016 0.728118 0.540213 0.539349
5 0.278105 0.230872 0.365493 0.461548
4 0.489400 0.217667 0.061003 0.183436
5 0.517348 0.237330 0.122284 0.440310
0 0.513479 0.056030 0.063762 0.068523
8 0.926086 0.653694 0.147236 0.393578
0 0.089674 0.727817 0.179272 0.544366
4 0.317892 0.189215 0.266061 0.377530
5 0.120238 0.229841 0.194308 0.459083
7 0.391854 0.738011 0.133808 0.523586
4 0.058590 0.197825 0.117179 0.395024
5 0.712959 0.483632 0.046015 0.046781
3 0.519818 0.114713 0.017145 0.031461
4 0.163431 0.139464 0.071186 0.278928
