5 0.483737 0.260991 0.413847 0.520847
4 0.956126 0.256430 0.061665 0.104207
4 0.867930 0.337213 0.067167 0.111341
5 0.364005 0.759110 0.616729 0.481613
5 0.262109 0.260565 0.524081 0.520320
0 0.895354 0.248958 0.049659 0.063886
5 0.893478 0.363468 0.196098 0.309700
7 0.386136 0.585186 0.230563 0.131134
4 0.512478 0.265385 0.335354 0.489567
5 0.943421 0.303171 0.113038 0.319672
0 0.977703 0.165116 0.039168 0.048155
8 0.844515 0.588231 0.310866 0.139726
4 0.184829 0.260599 0.363134 0.500434
3 0.969306 0.209922 0.021459 0.026862
1 0.542323 0.010010 0.108946 0.019553
