1 0.666723 0.917118 0.119437 0.165765
5 0.320712 0.770323 0.259453 0.458089
1 0.924445 0.920307 0.147108 0.159337
1 0.386400 0.764044 0.129137 0.221752
0 0.117620 0.108079 0.082091 0.054981
7 0.147393 0.240628 0.161166 0.190133
2 0.918355 0.679432 0.156255 0.161189
5 0.688841 0.798071 0.387850 0.403428
5 0.908395 0.795443 0.181906 0.408543
5 0.163246 0.305821 0.228611 0.459327
2 0.674480 0.681747 0.145446 0.155098
5 0.579934 0.788115 0.076619 0.327196
5 0.399823 0.164859 0.082714 0.192734
5 0.503223 0.760023 0.074010 0.283691
5 0.792878 0.082424 0.065355 0.163119
4 0.576921 0.733458 0.038527 0.109384
4 0.396901 0.146735 0.061766 0.087643
4 0.504669 0.696708 0.040345 0.094659
7 0.229104 0.131730 0.049118 0.059775
5 0.241510 0.159645 0.097740 0.180492
3 0.105493 0.153272 0.036968 0.025754
7 0.433229 0.118635 0.036580 0.061541
4 0.797746 0.021484 0.027636 0.042433
0 0.181781 0.088097 0.041232 0.028551
5 0.200166 0.159684 0.075411 0.175164
0 0.236790 0.086540 0.027222 0.023870
5 0.422101 0.153902 0.057068 0.194088
4 0.388583 0.916876 0.122558 0.166057
0 0.172074 0.095028 0.038533 0.032803
0 0.383496 0.088413 0.041356 0.035335
5 0.187389 0.126307 0.064966 0.098197
0 0.167933 0.100714 0.032586 0.031085
0 0.426232 0.062122 0.029414 0.020130
0 0.389500 0.078447 0.038272 0.032371
7 0.197463 0.130389 0.024923 0.053328
2 0.506095 0.620899 0.021764 0.021446
0 0.405922 0.068649 0.023233 0.022466
4 0.180502 0.134122 0.058179 0.081931
7 0.204981 0.127193 0.022925 0.046038
0 0.190140 0.090449 0.029375 0.027933
7 0.106380 0.232694 0.081530 0.170091
2 0.407446 0.559586 0.087534 0.042001
