8 0.254310 0.834438 0.508231 0.329844
5 0.752147 0.333488 0.482709 0.665684
8 0.750295 0.834890 0.482980 0.329768
1 0.671000 0.101873 0.193888 0.201245
4 0.715492 0.387380 0.411265 0.564079
7 0.250386 0.178823 0.178102 0.198379
5 0.271003 0.256403 0.245270 0.501748
0 0.209752 0.038885 0.087769 0.053100
5 0.337198 0.091150 0.094633 0.177210
7 0.325743 0.058761 0.055006 0.064920
5 0.484198 0.097613 0.053947 0.191681
4 0.489485 0.073355 0.038054 0.074999
0 0.330745 0.010089 0.032475 0.019948
7 0.012880 0.234824 0.025761 0.106068
0 0.277730 0.018451 0.040127 0.031070
0 0.484070 0.013231 0.047492 0.026459
5 0.292235 0.089778 0.078222 0.175120
0 0.267780 0.026199 0.038055 0.035449
5 0.021836 0.310370 0.043672 0.318102
3 0.202395 0.084016 0.047682 0.025644
3 0.333883 0.029448 0.017261 0.014511
5 0.281878 0.051712 0.061670 0.094830
0 0.009714 0.176019 0.019231 0.036174
4 0.279865 0.077863 0.061923 0.064258
9 0.071690 0.650652 0.092398 0.028942
7 0.489447 0.071972 0.038001 0.071524
