5 0.774800 0.874808 0.450399 0.250011
5 0.276616 0.378234 0.550360 0.734088
0 0.350613 0.844803 0.116691 0.122668
7 0.623616 0.308577 0.148769 0.333348
0 0.066839 0.839665 0.132284 0.130495
5 0.181552 0.877266 0.362721 0.245310
5 0.396543 0.880644 0.299889 0.238329
1 0.751521 0.913948 0.402128 0.171907
0 0.611962 0.052400 0.091979 0.103483
5 0.652671 0.321919 0.201903 0.636443
3 0.085941 0.971326 0.079771 0.057347
8 0.916952 0.215895 0.165194 0.431101
5 0.175702 0.159938 0.295549 0.214582
4 0.145254 0.498659 0.290361 0.461564
3 0.166511 0.210346 0.210665 0.097236
3 0.365075 0.962128 0.062802 0.064001
2 0.745188 0.781841 0.378732 0.064245
3 0.621178 0.139369 0.035857 0.056264
7 0.155855 0.977880 0.257130 0.044239
1 0.621176 0.137420 0.039093 0.060804
