0 0.635824 0.357625 0.189489 0.189525
5 0.147046 0.119212 0.225120 0.238337
5 0.587508 0.626263 0.316562 0.745873
5 0.801785 0.119151 0.349093 0.238257
5 0.305441 0.118639 0.224742 0.237147
5 0.346770 0.619101 0.163929 0.754388
4 0.551758 0.785704 0.239021 0.403797
4 0.777455 0.052029 0.200532 0.103612
3 0.620580 0.526682 0.099282 0.088632
7 0.399344 0.534825 0.059263 0.299540
0 0.416121 0.283653 0.028870 0.084951
5 0.576338 0.038931 0.084904 0.077829
3 0.419665 0.365479 0.019491 0.053462
5 0.466753 0.119376 0.093267 0.238398
4 0.324623 0.023392 0.166466 0.046046
5 0.357718 0.119736 0.130010 0.239472
