5 0.331037 0.779391 0.659282 0.439587
9 0.829226 0.801626 0.339601 0.396555
5 0.543867 0.349377 0.232735 0.420731
4 0.379713 0.441780 0.200982 0.237893
2 0.333674 0.207868 0.089014 0.074666
5 0.382448 0.357774 0.297984 0.399000
5 0.181335 0.345177 0.291923 0.425039
4 0.549202 0.421600 0.154896 0.278357
2 0.508665 0.180343 0.063596 0.058787
2 0.139965 0.183795 0.094012 0.090548
4 0.168320 0.437095 0.177105 0.245882
2 0.470886 0.718317 0.377264 0.320163
5 0.087069 0.382549 0.173486 0.350910
4 0.058977 0.466674 0.117792 0.186311
2 0.029411 0.259641 0.058754 0.076690
3 0.348317 0.308802 0.057281 0.054126
1 0.491444 0.924210 0.337505 0.151541
3 0.522172 0.266379 0.052436 0.053395
3 0.032167 0.351632 0.057451 0.052363
3 0.185842 0.294146 0.033423 0.069516
6 0.951999 0.981839 0.038422 0.035563
