5 0.184275 0.776052 0.367492 0.442978
5 0.649496 0.275551 0.554322 0.550021
4 0.295426 0.257845 0.136172 0.304804
1 0.502861 0.112516 0.196775 0.223886
1 0.241114 0.828125 0.256046 0.195154
5 0.094560 0.275584 0.184400 0.550222
5 0.280614 0.275888 0.178046 0.551625
4 0.692740 0.815705 0.082267 0.129732
5 0.453938 0.870158 0.168972 0.258727
5 0.521945 0.748612 0.133890 0.248348
2 0.462185 0.777268 0.083870 0.065098
4 0.591270 0.331071 0.403706 0.441496
4 0.515047 0.763313 0.072142 0.111621
5 0.697675 0.796019 0.148180 0.296149
2 0.691132 0.681860 0.071635 0.054482
2 0.185584 0.621207 0.371004 0.132889
5 0.407934 0.700087 0.076162 0.148491
5 0.812246 0.891991 0.099100 0.215297
4 0.086894 0.254256 0.148394 0.394228
0 0.804965 0.811994 0.047219 0.053233
2 0.490991 0.649522 0.054462 0.043739
7 0.808069 0.932524 0.065341 0.129581
1 0.685115 0.740587 0.036568 0.032811
3 0.143884 0.042668 0.042389 0.043903
3 0.314713 0.078745 0.048977 0.048523
4 0.395560 0.726079 0.049687 0.087220
5 0.560023 0.640424 0.036445 0.125522
4 0.185099 0.935537 0.368977 0.127044
3 0.024041 0.047710 0.047672 0.052893
4 0.415864 0.917759 0.087022 0.162929
1 0.788512 0.857126 0.020335 0.037677
7 0.977243 0.924382 0.043993 0.151124
2 0.322222 0.009184 0.062370 0.018237
1 0.493643 0.695977 0.022999 0.025696
5 0.674587 0.612567 0.032147 0.097711
2 0.379855 0.644138 0.020718 0.028096
4 0.559598 0.618247 0.021655 0.038753
5 0.956291 0.893356 0.085712 0.213185
1 0.468381 0.843616 0.033078 0.032048
4 0.675901 0.602077 0.021650 0.029797
5 0.035581 0.267581 0.071025 0.531901
2 0.548792 0.579961 0.017839 0.021181
2 0.386656 0.641475 0.030610 0.030451
1 0.377768 0.675425 0.018156 0.021974
5 0.669080 0.629158 0.022345 0.075230
2 0.396243 0.639680 0.036763 0.034880
1 0.378558 0.666940 0.019526 0.027786
1 0.488476 0.839438 0.029771 0.037912
