5 0.092306 0.194338 0.184612 0.387650
0 0.614991 0.617800 0.147985 0.162096
5 0.690557 0.760974 0.397769 0.477687
5 0.142403 0.691764 0.283062 0.606940
0 0.425854 0.532260 0.150719 0.202788
5 0.473667 0.712437 0.246192 0.574600
4 0.073490 0.732836 0.146883 0.428850
4 0.451093 0.839401 0.199839 0.321197
4 0.653334 0.887559 0.244921 0.224432
5 0.177874 0.194593 0.281503 0.388137
3 0.421935 0.679988 0.062855 0.056513
4 0.063815 0.083063 0.125123 0.165634
4 0.168388 0.096441 0.192518 0.192044
3 0.627083 0.746602 0.050176 0.050659
5 0.282338 0.194023 0.136867 0.387836
3 0.020739 0.490424 0.041479 0.076665
5 0.760748 0.307363 0.179783 0.163742
4 0.307254 0.074043 0.087534 0.146685
0 0.039484 0.409797 0.076280 0.044740
2 0.038470 0.408903 0.076516 0.042260
