5 0.834972 0.209492 0.329935 0.418340
5 0.835062 0.708087 0.328773 0.579453
9 0.346938 0.209617 0.685711 0.417128
5 0.457075 0.709242 0.427434 0.581361
4 0.457931 0.273876 0.385800 0.288864
3 0.833202 0.617578 0.333023 0.336262
1 0.758768 0.193718 0.178849 0.387437
7 0.835534 0.831516 0.328712 0.336968
5 0.133000 0.210152 0.265595 0.419691
3 0.506393 0.127646 0.125601 0.070896
2 0.511719 0.028095 0.180465 0.056109
4 0.095494 0.204654 0.190905 0.407560
5 0.412132 0.210445 0.515874 0.419830
4 0.834913 0.359866 0.330062 0.118080
3 0.095927 0.018018 0.180819 0.035737
5 0.621832 0.206097 0.097974 0.411717
5 0.637447 0.141321 0.063088 0.279565
3 0.110079 0.027216 0.220158 0.054431
