5 0.089985 0.317383 0.179437 0.628731
8 0.503303 0.814743 0.652500 0.370513
8 0.567234 0.465641 0.201894 0.328660
8 0.478477 0.316833 0.601905 0.630680
8 0.617354 0.895185 0.217821 0.209405
5 0.382738 0.376236 0.031484 0.093468
8 0.755556 0.182389 0.078695 0.118688
4 0.106451 0.339127 0.146570 0.319674
8 0.794415 0.681392 0.072939 0.098987
5 0.430573 0.864588 0.031477 0.091917
9 0.066892 0.922090 0.133785 0.146099
9 0.679643 0.241060 0.049590 0.076674
7 0.380813 0.361284 0.017907 0.032242
9 0.728299 0.726887 0.050950 0.072542
8 0.868457 0.104660 0.026036 0.048094
7 0.429102 0.847756 0.017545 0.032692
5 0.485012 0.588391 0.049667 0.072596
2 0.153190 0.051578 0.055030 0.075314
9 0.792747 0.128616 0.021071 0.022882
9 0.805367 0.120699 0.016786 0.017611
9 0.804195 0.131607 0.016552 0.021533
8 0.943687 0.097944 0.030399 0.043305
9 0.784643 0.127514 0.017383 0.019643
3 0.162600 0.160870 0.032214 0.085677
9 0.735440 0.707839 0.039387 0.036851
9 0.716390 0.209000 0.025776 0.029083
0 0.429515 0.821179 0.011792 0.010727
5 0.741176 0.223974 0.019154 0.046247
8 0.938389 0.090129 0.029015 0.039970
8 0.940532 0.093461 0.020855 0.028810
9 0.745978 0.707955 0.019663 0.034239
9 0.764021 0.697209 0.024417 0.027028
9 0.089686 0.319810 0.177147 0.638224
