5 0.299523 0.794561 0.597967 0.410524
4 0.500745 0.480283 0.342391 0.218903
5 0.188458 0.435789 0.376480 0.303615
5 0.509231 0.403755 0.453466 0.370589
5 0.209748 0.282213 0.404792 0.440142
4 0.415107 0.167213 0.189287 0.157711
5 0.434570 0.128127 0.254846 0.242031
4 0.249542 0.921309 0.414571 0.156917
1 0.153907 0.815530 0.214347 0.306829
9 0.523099 0.285894 0.428943 0.569329
4 0.155356 0.514759 0.309025 0.147262
0 0.430686 0.042567 0.118551 0.070983
0 0.260047 0.124728 0.181237 0.108302
8 0.869254 0.144647 0.261065 0.289191
3 0.484250 0.366819 0.119965 0.063642
2 0.094527 0.333371 0.177807 0.073702
3 0.425118 0.107724 0.068447 0.037764
0 0.050896 0.706872 0.100842 0.235435
3 0.239997 0.216935 0.111096 0.061493
2 0.480356 0.257233 0.181373 0.058729
3 0.111653 0.444562 0.106460 0.067644
7 0.205811 0.341696 0.317372 0.269176
8 0.871471 0.298698 0.257059 0.584747
