8 0.206183 0.750255 0.410839 0.498414
5 0.851535 0.293422 0.296254 0.409289
4 0.059915 0.284053 0.119469 0.213334
5 0.779463 0.732044 0.438180 0.462711
5 0.553265 0.760310 0.206660 0.329797
4 0.720236 0.578671 0.255441 0.151065
5 0.081297 0.308625 0.162389 0.381722
5 0.142105 0.408793 0.284210 0.181888
4 0.559703 0.719994 0.126156 0.132909
0 0.103489 0.365870 0.162378 0.086099
5 0.669405 0.111659 0.403269 0.222688
0 0.101121 0.183787 0.128486 0.105205
4 0.079479 0.457695 0.158959 0.085164
0 0.976268 0.140448 0.047463 0.056399
4 0.962668 0.251952 0.074466 0.156152
3 0.965759 0.163142 0.030493 0.028148
2 0.477727 0.633891 0.055055 0.047546
3 0.115683 0.430075 0.037558 0.034855
3 0.104710 0.210981 0.050291 0.040586
4 0.638639 0.015967 0.212663 0.031876
0 0.975690 0.136124 0.048512 0.102528
4 0.617176 0.711569 0.064083 0.122272
3 0.986462 0.181902 0.026730 0.028838
