8 0.824924 0.763818 0.349606 0.470406
9 0.824757 0.280710 0.349845 0.500845
5 0.187743 0.380891 0.371351 0.296149
8 0.124991 0.763830 0.249599 0.471750
4 0.325950 0.221310 0.221996 0.216871
4 0.237200 0.432968 0.237585 0.193492
9 0.369028 0.614082 0.055903 0.052708
5 0.299519 0.240368 0.259724 0.394547
9 0.245913 0.612352 0.054864 0.051757
0 0.259900 0.097630 0.130692 0.101918
5 0.475902 0.205176 0.091453 0.142277
0 0.210551 0.286585 0.160106 0.095656
4 0.480754 0.221125 0.067396 0.080227
6 0.782493 0.023688 0.033967 0.047275
6 0.965237 0.148032 0.060272 0.111475
0 0.466902 0.152990 0.062106 0.034619
9 0.521112 0.618254 0.052634 0.048232
3 0.179345 0.336534 0.037174 0.036773
9 0.615355 0.615163 0.058716 0.049197
3 0.252389 0.125153 0.048434 0.033769
9 0.620871 0.588776 0.038273 0.034903
9 0.630581 0.612360 0.039900 0.050783
9 0.620895 0.597839 0.044336 0.040894
4 0.583840 0.219397 0.072411 0.088870
