8 0.250530 0.799989 0.499281 0.399531
5 0.750421 0.799811 0.498881 0.398820
7 0.062335 0.200612 0.124559 0.352774
5 0.090607 0.298200 0.179861 0.596165
4 0.230167 0.238244 0.178820 0.313991
5 0.224944 0.298239 0.335843 0.594371
2 0.712746 0.741396 0.422701 0.260812
5 0.371253 0.907711 0.083708 0.182351
4 0.375122 0.884723 0.053272 0.066500
8 0.727731 0.307399 0.447546 0.575063
3 0.218758 0.053614 0.053888 0.064937
1 0.703023 0.920444 0.404160 0.158051
0 0.096690 0.012362 0.079714 0.024719
2 0.376303 0.818684 0.033769 0.021163
8 0.719561 0.194297 0.404014 0.386619
2 0.385035 0.812001 0.039189 0.024771
8 0.739013 0.110236 0.414834 0.218634
3 0.090818 0.011508 0.065638 0.023016
