5 0.109503 0.753859 0.218087 0.490182
4 0.109772 0.817958 0.218733 0.363149
1 0.109584 0.613364 0.218659 0.209119
8 0.547884 0.685997 0.445909 0.353699
5 0.068118 0.259429 0.135472 0.501035
6 0.471488 0.429506 0.035537 0.066657
6 0.718439 0.356845 0.025887 0.051948
7 0.059172 0.342781 0.118324 0.335957
5 0.544137 0.629617 0.049787 0.101439
8 0.786256 0.677628 0.100158 0.097122
6 0.841314 0.336330 0.019802 0.039505
5 0.119547 0.272133 0.049923 0.130583
6 0.968127 0.353739 0.018482 0.041020
5 0.531326 0.260431 0.019767 0.068646
4 0.052462 0.274713 0.040242 0.114651
5 0.093464 0.235367 0.032761 0.071261
4 0.091543 0.240123 0.022417 0.037090
4 0.113013 0.251773 0.023597 0.038875
5 0.084585 0.240081 0.032777 0.080533
4 0.045471 0.261190 0.022548 0.034614
4 0.054041 0.259198 0.026117 0.039324
4 0.067383 0.244431 0.023775 0.040659
4 0.530527 0.246374 0.012065 0.026106
2 0.095547 0.206091 0.015143 0.014229
2 0.104297 0.208032 0.015900 0.017248
4 0.091766 0.234048 0.028963 0.060349
9 0.627310 0.471457 0.709905 0.075233
8 0.795072 0.694117 0.087225 0.059482
