8 0.241228 0.749532 0.482457 0.499737
5 0.254673 0.250027 0.448707 0.499921
4 0.713272 0.129843 0.128486 0.209385
5 0.564942 0.187366 0.166288 0.374524
0 0.401032 0.080041 0.157986 0.159854
5 0.889179 0.162400 0.124049 0.283206
4 0.550522 0.091720 0.138022 0.177098
5 0.717171 0.194809 0.188702 0.389003
2 0.522269 0.248249 0.085243 0.132190
3 0.405625 0.245177 0.105628 0.097591
5 0.680668 0.405940 0.322188 0.186388
7 0.360682 0.363921 0.237405 0.270433
4 0.884960 0.110075 0.078906 0.073490
2 0.898544 0.039977 0.037887 0.025683
2 0.857646 0.472424 0.125610 0.054379
5 0.550717 0.339472 0.145718 0.320558
5 0.960491 0.354164 0.078766 0.288244
2 0.759654 0.389074 0.132526 0.075954
4 0.716922 0.463816 0.142182 0.071453
8 0.047401 0.753619 0.094590 0.492160
3 0.755207 0.480136 0.061538 0.036944
3 0.728941 0.018465 0.040791 0.035427
8 0.058853 0.213196 0.117609 0.424778
4 0.964890 0.354683 0.069932 0.120117
3 0.899269 0.067395 0.022648 0.017350
5 0.417365 0.647877 0.032453 0.065233
3 0.540657 0.007774 0.061582 0.015070
4 0.516969 0.395778 0.075132 0.127270
2 0.516421 0.395307 0.073889 0.123087
