5 0.317564 0.204936 0.471876 0.409385
8 0.233064 0.781331 0.465214 0.435732
5 0.695290 0.791140 0.288782 0.417006
4 0.626970 0.911418 0.152609 0.175403
7 0.252036 0.256725 0.324495 0.310461
3 0.289932 0.105961 0.090549 0.092281
8 0.656198 0.311495 0.208232 0.198399
2 0.641087 0.643119 0.128608 0.095503
3 0.664410 0.804980 0.068677 0.063193
5 0.103240 0.198031 0.028188 0.078595
5 0.060432 0.227856 0.039579 0.124473
4 0.059296 0.209785 0.023749 0.037905
2 0.071410 0.158689 0.015435 0.014256
5 0.688747 0.373439 0.034927 0.068601
4 0.104081 0.190973 0.016831 0.028807
4 0.123540 0.223251 0.030147 0.112915
4 0.105854 0.202820 0.022308 0.055874
4 0.062669 0.205585 0.025935 0.034419
5 0.077008 0.189151 0.022048 0.060237
2 0.948531 0.965784 0.102937 0.067790
4 0.125727 0.215732 0.022891 0.051756
4 0.076183 0.188911 0.018467 0.039216
0 0.294822 0.014183 0.187189 0.028366
