8 0.763919 0.661286 0.469173 0.364246
0 0.193539 0.241688 0.378634 0.475674
4 0.189348 0.403929 0.276581 0.150842
0 0.153261 0.099647 0.156007 0.190308
4 0.389133 0.332706 0.156253 0.297380
0 0.485435 0.076352 0.087164 0.152704
2 0.302929 0.069977 0.091125 0.091655
0 0.423016 0.073336 0.053816 0.081700
9 0.256554 0.243643 0.495172 0.476868
5 0.469616 0.240635 0.121360 0.478885
4 0.488672 0.328171 0.083035 0.301760
8 0.483503 0.923535 0.094178 0.151036
5 0.427644 0.155680 0.076905 0.250627
5 0.375553 0.247383 0.219951 0.463986
0 0.458020 0.048396 0.038117 0.094877
3 0.428981 0.155282 0.037642 0.038522
3 0.299302 0.199008 0.038433 0.055248
5 0.308492 0.255525 0.077012 0.280745
4 0.296800 0.318476 0.030059 0.117103
4 0.431954 0.273565 0.050393 0.161473
5 0.428107 0.229324 0.086979 0.397595
4 0.443649 0.293804 0.041275 0.169741
4 0.303537 0.309811 0.027232 0.140335
4 0.446578 0.354249 0.039593 0.211668
