5 0.254927 0.753772 0.509631 0.490036
4 0.253629 0.897189 0.506286 0.204980
4 0.248098 0.398969 0.137373 0.221161
5 0.084113 0.326912 0.168061 0.365308
0 0.111478 0.199508 0.083390 0.096776
4 0.432375 0.416711 0.142177 0.185761
5 0.240824 0.317748 0.209306 0.385498
5 0.407442 0.339888 0.203932 0.339374
0 0.259651 0.181026 0.078634 0.104651
4 0.072289 0.405652 0.133124 0.207674
1 0.274382 0.688094 0.475130 0.320361
5 0.920456 0.223696 0.099613 0.227564
2 0.390333 0.210954 0.081378 0.064931
4 0.908642 0.173578 0.030754 0.054666
3 0.098861 0.289926 0.042692 0.045554
8 0.655693 0.754346 0.292490 0.491104
3 0.251479 0.269380 0.041869 0.037527
3 0.395213 0.313355 0.038676 0.062572
0 0.914269 0.123748 0.022635 0.027553
2 0.012710 0.178125 0.025088 0.071153
5 0.026699 0.326220 0.053397 0.380611
3 0.915456 0.143223 0.011388 0.008501
