5 0.775246 0.260782 0.448016 0.521029
4 0.775401 0.338241 0.447863 0.362077
8 0.273689 0.756706 0.546338 0.475512
5 0.091171 0.258441 0.182292 0.516058
5 0.361661 0.260315 0.356681 0.518947
1 0.847477 0.137361 0.305046 0.274255
8 0.853223 0.801964 0.292183 0.367088
5 0.215183 0.258107 0.322083 0.516019
4 0.408804 0.163797 0.179853 0.327594
4 0.240714 0.097678 0.171833 0.193858
8 0.779086 0.914506 0.441828 0.170732
4 0.060826 0.098873 0.120971 0.197085
5 0.469610 0.261487 0.160643 0.519136
5 0.958042 0.759005 0.029284 0.043042
4 0.505658 0.237070 0.090477 0.466808
