8 0.462721 0.794273 0.580507 0.407851
5 0.879546 0.861281 0.240312 0.277139
5 0.137298 0.400626 0.273647 0.376598
0 0.332549 0.266044 0.083957 0.108649
4 0.297486 0.473203 0.148208 0.232544
4 0.106887 0.474917 0.165477 0.228178
7 0.300610 0.929174 0.076423 0.141651
0 0.467758 0.316398 0.087177 0.096260
0 0.668204 0.314295 0.164519 0.221403
4 0.456043 0.502109 0.155623 0.171969
7 0.902633 0.922048 0.194489 0.155650
0 0.904932 0.788630 0.084631 0.105415
7 0.080128 0.868869 0.077355 0.146315
0 0.053583 0.091760 0.106831 0.176668
5 0.261316 0.396477 0.299056 0.384732
7 0.201201 0.884333 0.081778 0.132032
2 0.203663 0.265605 0.089419 0.071148
5 0.181831 0.874294 0.135622 0.251412
5 0.067520 0.865071 0.129030 0.269859
5 0.442972 0.424504 0.280556 0.327132
7 0.247801 0.903757 0.059691 0.126579
7 0.563186 0.958770 0.065153 0.082460
0 0.290068 0.832589 0.045324 0.047943
0 0.218181 0.780860 0.043947 0.046955
4 0.582914 0.526553 0.095870 0.127241
2 0.583771 0.334217 0.074238 0.091363
5 0.234078 0.896584 0.111529 0.205727
5 0.633134 0.394848 0.234493 0.390451
3 0.462892 0.406397 0.047298 0.046927
0 0.787647 0.737858 0.073221 0.062794
3 0.323888 0.354943 0.044934 0.043813
0 0.253623 0.815600 0.034060 0.035848
5 0.555418 0.434051 0.233128 0.309904
5 0.553881 0.929103 0.115528 0.141795
3 0.024817 0.229621 0.049361 0.088771
0 0.096796 0.755390 0.036677 0.036648
3 0.590922 0.439819 0.052939 0.059782
8 0.881038 0.363938 0.237238 0.448079
3 0.775388 0.818966 0.047707 0.061449
0 0.575123 0.880441 0.034010 0.030037
3 0.663945 0.442011 0.063254 0.069643
3 0.180653 0.361899 0.043797 0.066961
0 0.111388 0.790290 0.032253 0.037208
0 0.035135 0.816715 0.034481 0.023908
5 0.285042 0.901889 0.133822 0.196183
4 0.669952 0.488307 0.161327 0.199355
5 0.052056 0.305825 0.103882 0.574623
5 0.806316 0.803857 0.112860 0.391822
5 0.028585 0.892211 0.056674 0.186750
3 0.904922 0.815062 0.038156 0.040205
3 0.279397 0.871877 0.019052 0.021556
7 0.019046 0.896579 0.038085 0.154356
7 0.107377 0.930431 0.037157 0.074608
5 0.103579 0.897994 0.092216 0.203984
4 0.022441 0.415134 0.044882 0.354066
3 0.570842 0.918300 0.020766 0.020221
0 0.026260 0.818459 0.019978 0.020295
7 0.776240 0.913388 0.052456 0.173131
3 0.255641 0.851015 0.017178 0.021506
4 0.017651 0.473053 0.035293 0.241860
3 0.896963 0.858261 0.037038 0.050446
4 0.773104 0.922351 0.043695 0.154992
7 0.488802 0.974629 0.097733 0.050077
