8 0.306195 0.284723 0.612389 0.566802
5 0.357764 0.280458 0.448591 0.560636
9 0.303651 0.895591 0.606267 0.207150
5 0.760603 0.778697 0.201055 0.439990
7 0.419166 0.267857 0.202089 0.391818
6 0.474043 0.841695 0.030600 0.054175
6 0.201793 0.783522 0.020579 0.042410
5 0.081343 0.050708 0.162600 0.100494
7 0.750894 0.584850 0.155895 0.051216
0 0.421900 0.039251 0.085513 0.078488
6 0.419089 0.780751 0.014628 0.027206
6 0.252699 0.759798 0.013361 0.026596
5 0.480702 0.727337 0.020936 0.059776
6 0.307785 0.730942 0.009164 0.021800
5 0.552995 0.740098 0.018749 0.051685
6 0.382928 0.740930 0.009208 0.016894
6 0.401227 0.760635 0.011658 0.018629
6 0.380033 0.737779 0.009315 0.017407
5 0.506903 0.729397 0.018128 0.047369
5 0.548715 0.741156 0.019129 0.048551
5 0.972747 0.817916 0.054431 0.363343
5 0.489185 0.724712 0.015408 0.054576
4 0.481024 0.712584 0.012882 0.023518
5 0.519110 0.737102 0.020042 0.034180
6 0.275549 0.752067 0.013400 0.018127
5 0.554357 0.738270 0.014602 0.035488
