8 0.749366 0.751194 0.498563 0.496181
5 0.184675 0.748429 0.369155 0.497232
5 0.353290 0.250882 0.292840 0.500163
8 0.649664 0.223356 0.298941 0.446678
0 0.355978 0.103357 0.297915 0.205902
5 0.185777 0.295314 0.371298 0.407367
0 0.161164 0.196383 0.170168 0.185019
3 0.169253 0.359157 0.101157 0.092940
3 0.417410 0.383726 0.163676 0.160886
9 0.654498 0.863109 0.305024 0.273783
4 0.136907 0.757130 0.270607 0.483230
8 0.780831 0.300342 0.272729 0.187007
9 0.972420 0.331060 0.052788 0.051939
5 0.074346 0.290497 0.148692 0.416097
9 0.691857 0.968749 0.389241 0.062393
8 0.588146 0.747508 0.174107 0.493545
7 0.968177 0.901006 0.018235 0.027330
