5 0.780272 0.224952 0.437699 0.449097
5 0.233270 0.724183 0.462862 0.551634
5 0.126475 0.275102 0.252949 0.350460
0 0.375489 0.137243 0.155794 0.175878
4 0.178236 0.597887 0.294137 0.303359
4 0.099571 0.392487 0.198473 0.117219
1 0.776558 0.243870 0.446883 0.331893
5 0.321440 0.248571 0.315038 0.402965
0 0.080564 0.169498 0.135108 0.130806
8 0.913140 0.723423 0.172811 0.550863
3 0.087684 0.295697 0.084333 0.072682
3 0.347725 0.298334 0.097362 0.082248
0 0.508435 0.094048 0.102018 0.187978
0 0.319307 0.481578 0.097701 0.061443
5 0.486790 0.225474 0.146906 0.450376
3 0.528613 0.377381 0.065491 0.141611
4 0.779201 0.398019 0.435771 0.104036
2 0.770987 0.031668 0.452928 0.063336
2 0.780318 0.017248 0.439364 0.034068
