8 0.814336 0.234692 0.371328 0.468677
5 0.446670 0.236247 0.364609 0.471432
5 0.814523 0.772227 0.370829 0.453835
5 0.131229 0.236062 0.262166 0.470458
8 0.185495 0.882813 0.370250 0.233992
4 0.474737 0.228827 0.306663 0.449797
4 0.111815 0.215061 0.223448 0.425473
9 0.721314 0.210827 0.184117 0.333184
7 0.617227 0.941176 0.022990 0.066267
1 0.943077 0.892819 0.113846 0.214363
2 0.895049 0.700092 0.209902 0.255089
9 0.261940 0.031245 0.192694 0.062467
5 0.601178 0.936205 0.056805 0.127546
5 0.836664 0.033904 0.055268 0.065055
