8 0.740041 0.699250 0.518383 0.495228
5 0.315970 0.278107 0.324874 0.347955
5 0.274335 0.725580 0.412213 0.548510
0 0.113367 0.215305 0.096644 0.107487
5 0.098322 0.303081 0.196560 0.294999
0 0.392233 0.177446 0.122515 0.127099
7 0.313460 0.716096 0.219289 0.295552
1 0.332418 0.528623 0.074329 0.084769
3 0.380563 0.315360 0.074669 0.068325
8 0.737224 0.275167 0.317107 0.334548
7 0.319460 0.381267 0.293338 0.142061
8 0.814485 0.122658 0.370973 0.245316
3 0.108184 0.330052 0.055763 0.057850
7 0.088883 0.403341 0.174502 0.093827
0 0.340598 0.462917 0.112869 0.028003
