8 0.764451 0.650917 0.471098 0.696780
8 0.428853 0.432096 0.200175 0.264203
5 0.059718 0.528001 0.119192 0.459214
5 0.889348 0.509907 0.030298 0.118471
7 0.037660 0.473095 0.075242 0.346676
5 0.888272 0.354274 0.030160 0.104687
5 0.639956 0.520245 0.032243 0.124293
5 0.329796 0.120855 0.274344 0.241444
7 0.889988 0.485498 0.020150 0.038968
3 0.045775 0.314499 0.035542 0.030082
5 0.096940 0.148996 0.192727 0.297751
7 0.884406 0.329159 0.022063 0.036475
7 0.640171 0.498696 0.017790 0.035667
0 0.641860 0.465388 0.010505 0.014186
0 0.892423 0.453323 0.009638 0.012034
0 0.883044 0.306402 0.013073 0.011126
4 0.048625 0.119309 0.097189 0.237310
