5 0.142053 0.275088 0.283110 0.549743
5 0.411132 0.274929 0.296711 0.549857
5 0.192146 0.774951 0.383843 0.449955
4 0.079180 0.110181 0.157597 0.219816
8 0.887412 0.198841 0.224583 0.397682
5 0.857916 0.774201 0.283713 0.449462
4 0.929373 0.787286 0.140870 0.417008
4 0.459483 0.188704 0.168852 0.288595
3 0.928701 0.563772 0.064362 0.028511
3 0.432358 0.041997 0.042387 0.045047
5 0.984389 0.175232 0.030669 0.131543
7 0.190319 0.578693 0.289893 0.058010
3 0.939779 0.568931 0.104132 0.035480
0 0.449320 0.009206 0.073270 0.018412
