5 0.742560 0.827886 0.510262 0.343978
8 0.693326 0.342957 0.407684 0.451684
5 0.372568 0.856937 0.231524 0.285500
1 0.647948 0.906113 0.200757 0.187749
5 0.315556 0.255371 0.291676 0.508830
3 0.416186 0.836878 0.077021 0.084374
4 0.410829 0.930519 0.139676 0.138962
5 0.101920 0.281614 0.203154 0.560358
4 0.341598 0.086044 0.135550 0.170550
2 0.534216 0.815646 0.091174 0.245212
2 0.448810 0.782221 0.076438 0.099286
8 0.546156 0.213835 0.113099 0.427065
4 0.037319 0.049281 0.074307 0.098358
4 0.820104 0.970321 0.269983 0.059307
