9 0.809959 0.224521 0.379097 0.448659
5 0.143972 0.225599 0.287741 0.450924
5 0.473145 0.225435 0.293040 0.450331
2 0.135904 0.043443 0.124349 0.086499
4 0.486396 0.227742 0.257766 0.431699
2 0.291847 0.053722 0.174218 0.107071
5 0.306365 0.225806 0.435330 0.451611
1 0.120009 0.200178 0.114230 0.121269
9 0.562845 0.754825 0.030001 0.034737
4 0.129881 0.347259 0.247732 0.207140
4 0.345548 0.346701 0.285350 0.208439
3 0.286393 0.236169 0.074083 0.072276
1 0.448223 0.044166 0.146710 0.087504
6 0.195182 0.853899 0.032541 0.066244
9 0.256266 0.941958 0.504109 0.115398
6 0.346537 0.816541 0.022170 0.045449
6 0.598605 0.847747 0.016031 0.031621
6 0.568738 0.801549 0.008325 0.020398
9 0.642168 0.634472 0.044353 0.099386
5 0.044493 0.710708 0.015618 0.051544
5 0.041870 0.226244 0.083630 0.451624
6 0.474377 0.827764 0.015381 0.025228
5 0.549766 0.239655 0.140452 0.420341
6 0.535453 0.782681 0.011046 0.017964
5 0.022851 0.225760 0.045702 0.451519
