9 0.285710 0.759721 0.571182 0.477848
5 0.358341 0.261031 0.417755 0.520559
5 0.199415 0.759242 0.397731 0.481204
5 0.886480 0.648237 0.159970 0.257399
2 0.339103 0.054263 0.162454 0.108247
1 0.328306 0.219710 0.154459 0.184429
5 0.205280 0.304620 0.410475 0.430653
2 0.163308 0.240023 0.193405 0.153253
7 0.154265 0.756976 0.307932 0.483950
2 0.059128 0.083139 0.088275 0.067297
5 0.064962 0.136407 0.117652 0.189251
4 0.353291 0.339412 0.340103 0.360586
3 0.129552 0.436319 0.086139 0.079640
3 0.172678 0.591079 0.096577 0.139911
3 0.078993 0.178779 0.040915 0.058588
2 0.038838 0.209957 0.077609 0.171635
4 0.861915 0.536570 0.060360 0.034199
5 0.068183 0.300700 0.136352 0.444708
4 0.959985 0.537907 0.064437 0.038666
2 0.057159 0.065358 0.072999 0.043214
2 0.030529 0.178844 0.061016 0.108103
