6 0.227640 0.293688 0.423201 0.586659
6 0.945703 0.397724 0.108593 0.385184
5 0.677004 0.788354 0.049863 0.160215
5 0.938473 0.397948 0.121884 0.382767
5 0.981785 0.812290 0.036092 0.161309
4 0.678162 0.755736 0.027398 0.045650
6 0.455296 0.307576 0.087569 0.553618
5 0.514831 0.776616 0.030583 0.166053
4 0.987967 0.794922 0.022233 0.066689
4 0.674852 0.747650 0.022125 0.036208
4 0.507366 0.742736 0.016759 0.054977
6 0.040349 0.298732 0.080697 0.581917
2 0.671387 0.716989 0.013553 0.014780
4 0.673102 0.759764 0.021494 0.043027
0 0.506758 0.699772 0.014117 0.021167
5 0.990442 0.804821 0.019116 0.177859
4 0.666997 0.773806 0.016260 0.024834
5 0.668223 0.793241 0.034881 0.122305
4 0.508261 0.759195 0.016334 0.049256
4 0.670554 0.769852 0.015193 0.030430
2 0.994108 0.735807 0.009525 0.016506
