5 0.713485 0.290695 0.572454 0.581390
5 0.769353 0.789244 0.459262 0.418741
5 0.273752 0.788846 0.307226 0.422092
4 0.713191 0.438535 0.571961 0.280575
1 0.925320 0.650774 0.148766 0.141281
4 0.813279 0.819241 0.373101 0.360149
1 0.787222 0.191084 0.418906 0.380829
2 0.370189 0.707524 0.117388 0.256788
6 0.144007 0.291090 0.267926 0.579476
6 0.308531 0.290718 0.241759 0.578066
4 0.320499 0.911512 0.214747 0.176828
1 0.377900 0.924963 0.102683 0.149812
1 0.324287 0.917040 0.211323 0.165920
6 0.049010 0.289526 0.095629 0.579053
