5 0.275345 0.219802 0.550690 0.438203
8 0.774585 0.740463 0.449376 0.518327
9 0.275694 0.898854 0.547905 0.201440
1 0.272534 0.203476 0.539288 0.406388
5 0.122586 0.219745 0.244727 0.439062
3 0.046449 0.231357 0.092602 0.234212
6 0.178382 0.808776 0.055501 0.101293
6 0.036177 0.674676 0.019973 0.041795
6 0.188609 0.682772 0.017618 0.035670
6 0.310357 0.689730 0.016242 0.034675
6 0.371541 0.680288 0.012217 0.028043
6 0.421950 0.695248 0.015708 0.034619
6 0.497713 0.697145 0.014435 0.033499
6 0.276556 0.678229 0.014625 0.029483
4 0.275187 0.375919 0.549800 0.121842
6 0.164769 0.662445 0.016052 0.041741
6 0.114157 0.641966 0.012459 0.024054
6 0.526981 0.698395 0.011657 0.026588
6 0.406494 0.666837 0.009049 0.020519
6 0.503458 0.693417 0.013451 0.034714
