8 0.774556 0.200097 0.450118 0.398122
5 0.151130 0.688179 0.301818 0.577718
8 0.695129 0.696761 0.292872 0.595848
4 0.216650 0.499671 0.150209 0.199637
5 0.380610 0.740582 0.339525 0.518491
5 0.156341 0.090725 0.312683 0.181100
5 0.304015 0.698151 0.276341 0.596984
4 0.416438 0.845447 0.267663 0.306949
8 0.944574 0.698038 0.110046 0.242356
0 0.417540 0.432201 0.120238 0.063138
4 0.305131 0.703550 0.181903 0.349243
0 0.446732 0.520626 0.085728 0.070041
3 0.378782 0.518333 0.069920 0.059113
0 0.518813 0.560141 0.063392 0.102091
3 0.505842 0.684057 0.077338 0.049716
5 0.300096 0.525340 0.039088 0.048305
5 0.439840 0.562541 0.096828 0.161582
0 0.473619 0.574635 0.049663 0.059029
0 0.283716 0.474704 0.037618 0.081838
5 0.283145 0.491148 0.045317 0.115205
0 0.333996 0.497076 0.035585 0.046827
0 0.299372 0.522958 0.039547 0.046560
5 0.449288 0.617124 0.082137 0.143781
3 0.428577 0.592931 0.038160 0.029543
5 0.293520 0.513239 0.044176 0.065330
8 0.944023 0.781114 0.111953 0.433446
4 0.436833 0.665851 0.061778 0.070107
9 0.484517 0.372740 0.133152 0.058068
5 0.431268 0.599662 0.087521 0.137549
