5 0.789724 0.300509 0.420551 0.599948
5 0.289918 0.310980 0.578055 0.584515
5 0.819000 0.799927 0.361981 0.399944
0 0.819934 0.072520 0.193484 0.144676
7 0.846579 0.406456 0.306842 0.382050
3 0.123140 0.495167 0.182389 0.180213
3 0.815691 0.220875 0.103592 0.097250
2 0.416153 0.398584 0.321751 0.333649
5 0.681401 0.709124 0.191108 0.218442
5 0.925737 0.734308 0.148059 0.272320
4 0.071151 0.548072 0.141710 0.103307
4 0.947111 0.733039 0.105481 0.274293
6 0.605639 0.783824 0.053200 0.300274
2 0.099746 0.581819 0.129886 0.035304
