8 0.859689 0.803495 0.280377 0.392484
5 0.383076 0.269455 0.674054 0.535583
8 0.789913 0.886761 0.104964 0.095316
5 0.221027 0.623468 0.066035 0.144266
4 0.466665 0.433163 0.298366 0.209725
5 0.151898 0.647431 0.062884 0.130159
5 0.398682 0.088372 0.464257 0.176538
0 0.205409 0.569069 0.021946 0.026301
0 0.151240 0.594051 0.019609 0.026008
4 0.217424 0.603302 0.029713 0.040774
4 0.386436 0.025805 0.281734 0.051341
4 0.153875 0.646430 0.029813 0.061519
3 0.444589 0.520444 0.110502 0.035830
5 0.895630 0.831143 0.044097 0.083958
8 0.769423 0.906195 0.068526 0.068848
5 0.896904 0.810760 0.031248 0.040994
