3 0.191456 0.423864 0.121072 0.127652
0 0.454902 0.780803 0.195466 0.196589
0 0.057635 0.641538 0.115063 0.170602
8 0.642424 0.628837 0.127452 0.250446
0 0.497855 0.540030 0.156175 0.103009
5 0.712040 0.284793 0.266259 0.402699
5 0.276447 0.387101 0.552821 0.199711
0 0.430532 0.938079 0.182692 0.123698
4 0.215078 0.817166 0.176588 0.225771
4 0.661013 0.375023 0.162852 0.225991
5 0.236942 0.774805 0.317751 0.361073
8 0.820872 0.532780 0.168373 0.089952
0 0.077596 0.826308 0.154325 0.138788
5 0.447605 0.793175 0.212917 0.221255
0 0.522023 0.599400 0.114474 0.148955
0 0.680813 0.146321 0.169898 0.111971
2 0.369642 0.346973 0.118137 0.072038
4 0.077151 0.736251 0.097205 0.114694
2 0.208036 0.325452 0.104799 0.050575
0 0.088153 0.926235 0.158320 0.134789
2 0.203706 0.664096 0.096549 0.087717
5 0.482224 0.595338 0.190654 0.214883
3 0.390593 0.455353 0.105429 0.066198
5 0.072668 0.685900 0.145151 0.246849
5 0.915067 0.333140 0.169630 0.308807
4 0.958463 0.406895 0.083074 0.162992
3 0.718818 0.244077 0.061664 0.077156
5 0.539916 0.892974 0.078281 0.183338
5 0.144987 0.925191 0.279836 0.146546
4 0.185085 0.968629 0.132722 0.061886
8 0.913640 0.529922 0.168495 0.081284
5 0.509764 0.675558 0.137978 0.301948
2 0.559073 0.839249 0.040168 0.086814
3 0.280980 0.724454 0.033558 0.036917
5 0.348269 0.522625 0.201183 0.069511
8 0.965183 0.693502 0.069427 0.350730
5 0.394938 0.935429 0.257075 0.128635
4 0.439422 0.585882 0.090673 0.147839
5 0.431428 0.391308 0.288935 0.193304
3 0.546888 0.907863 0.038118 0.041702
4 0.494477 0.686026 0.094437 0.115384
5 0.075987 0.818514 0.149322 0.157043
3 0.181833 0.467516 0.085831 0.040968
