8 0.148649 0.816818 0.297299 0.366364
9 0.862502 0.813751 0.273921 0.371427
8 0.245984 0.837231 0.368224 0.323858
6 0.714884 0.731784 0.039964 0.081070
5 0.161845 0.358751 0.052700 0.127746
5 0.171464 0.334491 0.084999 0.172488
5 0.551944 0.138795 0.054555 0.077475
6 0.765944 0.610947 0.022553 0.020358
4 0.157201 0.343482 0.026827 0.036376
4 0.167427 0.280719 0.047668 0.052946
5 0.815094 0.237630 0.021000 0.049599
5 0.865628 0.222761 0.023598 0.056287
4 0.552998 0.151062 0.033483 0.038411
5 0.015539 0.353651 0.031060 0.127750
2 0.543040 0.109859 0.017170 0.015362
5 0.970535 0.230509 0.018685 0.033199
7 0.016156 0.349742 0.031898 0.089547
5 0.555541 0.151745 0.043152 0.043947
6 0.639248 0.904285 0.021634 0.061662
2 0.151243 0.314758 0.014698 0.017975
5 0.968793 0.216082 0.023553 0.042904
6 0.729549 0.563813 0.020691 0.061384
