8 0.842527 0.245363 0.313812 0.486095
4 0.143781 0.460250 0.057161 0.110271
8 0.898934 0.280245 0.094353 0.142575
1 0.364952 0.942495 0.146727 0.114950
2 0.071473 0.883030 0.083385 0.058632
5 0.354891 0.913960 0.189140 0.171002
8 0.661837 0.309897 0.074380 0.132902
5 0.144805 0.508906 0.086005 0.327046
5 0.077765 0.923438 0.108542 0.152670
2 0.051218 0.969260 0.102430 0.061465
4 0.520438 0.914501 0.143785 0.170457
5 0.631372 0.914378 0.365873 0.171170
8 0.550127 0.295020 0.085796 0.091885
2 0.206922 0.971123 0.157045 0.057659
5 0.228555 0.958189 0.410980 0.083240
2 0.359040 0.846990 0.155651 0.034346
3 0.104293 0.973080 0.041961 0.047462
2 0.140652 0.356010 0.021631 0.015269
5 0.078363 0.959724 0.140586 0.080466
8 0.559711 0.301006 0.054881 0.079018
3 0.142678 0.391062 0.019634 0.020965
4 0.297452 0.953621 0.089874 0.092553
5 0.122643 0.966075 0.236236 0.067850
3 0.142629 0.384519 0.019779 0.021643
8 0.474474 0.307065 0.038123 0.068143
