8 0.676552 0.194306 0.646072 0.387775
5 0.176023 0.697219 0.351937 0.604518
5 0.717247 0.697198 0.564985 0.605308
3 0.112452 0.588404 0.082598 0.084715
4 0.168928 0.782682 0.317079 0.431587
7 0.791649 0.760655 0.416420 0.478621
2 0.079961 0.440069 0.101974 0.102978
5 0.566822 0.279524 0.086011 0.215476
0 0.625451 0.478236 0.330214 0.180231
1 0.136591 0.865465 0.135374 0.182687
3 0.675419 0.586770 0.207655 0.333560
7 0.558262 0.252722 0.040507 0.080446
5 0.114805 0.120601 0.229560 0.239714
0 0.543382 0.189029 0.023799 0.027158
5 0.046176 0.694575 0.092353 0.609118
