8 0.671589 0.178105 0.343976 0.355711
7 0.641554 0.577615 0.070142 0.056578
5 0.634588 0.680940 0.114808 0.261596
7 0.961186 0.573716 0.059986 0.047714
5 0.961920 0.625822 0.064757 0.151240
7 0.877094 0.596546 0.092133 0.092877
5 0.697440 0.604919 0.054136 0.113463
5 0.587872 0.616620 0.064236 0.130471
5 0.870980 0.672964 0.094526 0.243153
7 0.788480 0.562311 0.067354 0.028585
5 0.791800 0.645867 0.076422 0.192288
7 0.696097 0.558499 0.047443 0.020059
5 0.984181 0.610105 0.030792 0.119140
8 0.554374 0.306306 0.109584 0.448823
5 0.897204 0.677026 0.061153 0.253850
5 0.834900 0.645113 0.050070 0.187098
7 0.990840 0.570548 0.018085 0.040674
5 0.774283 0.620217 0.054431 0.139885
5 0.924668 0.595170 0.026678 0.086231
5 0.639367 0.633842 0.079641 0.171430
5 0.697033 0.646846 0.064939 0.197763
5 0.827550 0.607451 0.042183 0.106616
7 0.589236 0.559827 0.038230 0.017914
5 0.683460 0.601807 0.036730 0.102142
