7 0.102388 0.578099 0.177071 0.156298
5 0.697570 0.749421 0.378405 0.500781
0 0.625405 0.672357 0.210783 0.177116
5 0.128532 0.750604 0.255464 0.498497
4 0.623771 0.852871 0.227410 0.293930
9 0.752639 0.414826 0.492311 0.169663
6 0.947391 0.328881 0.069605 0.128110
6 0.593360 0.235689 0.017190 0.035989
9 0.924042 0.103999 0.081095 0.096481
3 0.567499 0.741399 0.088565 0.070778
6 0.791611 0.183065 0.016904 0.031549
6 0.696509 0.211284 0.015054 0.028909
6 0.769368 0.186749 0.018690 0.036991
6 0.646169 0.211845 0.014208 0.028619
5 0.089851 0.024845 0.096339 0.049462
6 0.559317 0.233620 0.016164 0.036012
6 0.520489 0.389559 0.024705 0.084321
6 0.515846 0.225963 0.010474 0.027319
6 0.620169 0.208079 0.011920 0.026931
6 0.728699 0.184090 0.012090 0.025510
