8 0.288060 0.794884 0.364759 0.409905
5 0.235017 0.345541 0.469417 0.486027
5 0.621926 0.296234 0.305568 0.589438
2 0.116424 0.456206 0.232227 0.264910
3 0.353241 0.535506 0.159624 0.106789
4 0.591798 0.315281 0.202488 0.522085
8 0.221078 0.908032 0.442151 0.183398
5 0.876686 0.674343 0.073910 0.171519
5 0.783936 0.669407 0.083942 0.164080
1 0.526617 0.072325 0.072519 0.104703
5 0.596998 0.668415 0.082219 0.160261
5 0.700735 0.662291 0.074349 0.148956
5 0.520890 0.665979 0.082036 0.154497
5 0.649875 0.651227 0.059100 0.126588
5 0.490501 0.662777 0.042793 0.146302
5 0.958819 0.668715 0.060326 0.156997
5 0.931367 0.651227 0.059677 0.125846
5 0.835763 0.651026 0.054767 0.124806
5 0.991114 0.657088 0.017459 0.137931
5 0.976633 0.658317 0.043202 0.145384
5 0.737928 0.652107 0.048299 0.127035
5 0.549827 0.643084 0.052570 0.107977
0 0.501499 0.024423 0.066458 0.048757
5 0.952650 0.647819 0.046551 0.121120
5 0.719886 0.655459 0.061360 0.132932
5 0.910991 0.652940 0.050036 0.130140
5 0.668058 0.642975 0.049261 0.110583
5 0.751951 0.647744 0.037879 0.116586
5 0.634880 0.650080 0.046736 0.125607
5 0.568198 0.644677 0.050652 0.113149
5 0.615480 0.649014 0.049630 0.124026
5 0.853178 0.640058 0.046024 0.105184
5 0.689454 0.643052 0.046500 0.110777
5 0.558864 0.662230 0.070774 0.146975
