9 0.278847 0.843295 0.557694 0.310549
5 0.855882 0.167785 0.284739 0.335571
6 0.127440 0.876261 0.038055 0.084803
7 0.812331 0.049130 0.192965 0.097852
5 0.024244 0.233963 0.048223 0.185527
5 0.954376 0.425111 0.091218 0.387868
6 0.503411 0.831081 0.025202 0.062439
4 0.019247 0.180296 0.038469 0.067181
5 0.437394 0.120702 0.047109 0.076317
6 0.032295 0.790242 0.016803 0.036623
6 0.246721 0.773349 0.014380 0.037871
6 0.204475 0.766877 0.011523 0.028583
6 0.349199 0.786543 0.018166 0.048142
4 0.435941 0.136842 0.026503 0.032810
6 0.157980 0.750876 0.011448 0.028478
6 0.066182 0.820698 0.018449 0.060886
6 0.179956 0.752082 0.011890 0.032294
6 0.007177 0.775826 0.011192 0.035030
6 0.486228 0.765132 0.012447 0.030688
2 0.432282 0.093123 0.018029 0.017084
6 0.119951 0.746376 0.010100 0.024059
5 0.437102 0.138001 0.033891 0.035962
5 0.547720 0.116940 0.023150 0.076665
4 0.810898 0.047838 0.185719 0.095676
6 0.304283 0.742166 0.009070 0.021579
6 0.059614 0.805258 0.013424 0.055795
