5 0.334808 0.335827 0.668418 0.651444
5 0.077349 0.829888 0.153339 0.338445
4 0.208614 0.820865 0.146350 0.210611
5 0.385009 0.859451 0.140470 0.281099
5 0.197079 0.829708 0.219631 0.339883
8 0.739005 0.755962 0.141421 0.190068
4 0.060250 0.777427 0.120178 0.193223
5 0.834643 0.318165 0.330166 0.630206
7 0.848303 0.100050 0.293031 0.198847
4 0.333564 0.547026 0.663635 0.224938
3 0.244520 0.547357 0.487734 0.222416
0 0.599018 0.959340 0.078847 0.070486
2 0.257623 0.195965 0.515246 0.341021
4 0.382274 0.813377 0.083764 0.076473
2 0.398725 0.742280 0.039571 0.028921
3 0.235132 0.711804 0.040592 0.039111
2 0.023776 0.924878 0.047531 0.121455
5 0.527675 0.956653 0.259596 0.085933
2 0.235057 0.670682 0.075291 0.022825
3 0.399477 0.769768 0.024786 0.018707
5 0.077134 0.927923 0.153510 0.143514
8 0.833959 0.127636 0.330755 0.254824
3 0.053074 0.677531 0.054662 0.031889
4 0.543716 0.986284 0.128229 0.027433
5 0.701299 0.104690 0.063072 0.208268
3 0.043117 0.681461 0.046588 0.035964
5 0.964224 0.160103 0.071553 0.320206
8 0.829675 0.253746 0.324179 0.506471
4 0.392216 0.583658 0.546602 0.150747
8 0.874281 0.868195 0.248491 0.263610
7 0.695148 0.056603 0.052892 0.113207
