5 0.209715 0.716181 0.419431 0.566041
9 0.814397 0.193459 0.369372 0.385739
5 0.582158 0.194239 0.326035 0.388243
5 0.779452 0.694038 0.439984 0.610021
3 0.837604 0.437437 0.125782 0.098791
2 0.163780 0.665167 0.326594 0.354881
7 0.565248 0.206594 0.268283 0.366751
1 0.189966 0.908021 0.376611 0.183766
4 0.849610 0.716331 0.299765 0.567337
5 0.323227 0.264458 0.192667 0.247730
4 0.368319 0.341445 0.102283 0.094570
3 0.388598 0.273057 0.058913 0.081495
3 0.559734 0.039152 0.062563 0.078305
6 0.699276 0.259597 0.032532 0.047500
2 0.397154 0.193027 0.043545 0.076399
9 0.448543 0.179021 0.057865 0.358041
