5 0.784549 0.750450 0.429889 0.496020
5 0.285198 0.250525 0.569343 0.500491
4 0.285176 0.321728 0.567986 0.356700
9 0.290441 0.830981 0.560151 0.337486
3 0.279278 0.299978 0.552584 0.323299
1 0.741371 0.866470 0.355368 0.249137
2 0.782483 0.614115 0.434094 0.212978
5 0.792016 0.251400 0.276956 0.500717
4 0.819667 0.048863 0.118683 0.096705
6 0.041676 0.685245 0.049805 0.103864
6 0.231469 0.534094 0.026900 0.056009
6 0.045400 0.511521 0.012563 0.023611
6 0.519004 0.564131 0.023143 0.056871
6 0.482017 0.516397 0.013684 0.032069
2 0.284293 0.035613 0.553724 0.071203
4 0.777247 0.961006 0.445283 0.076902
