9 0.356067 0.704590 0.103441 0.101352
5 0.583185 0.732652 0.326799 0.530475
5 0.087469 0.202654 0.174921 0.396856
3 0.073483 0.142963 0.090923 0.091091
7 0.611161 0.330155 0.117384 0.148184
5 0.168304 0.699404 0.334393 0.596566
9 0.277189 0.699032 0.100231 0.163550
7 0.470575 0.315983 0.101295 0.170374
7 0.537337 0.309318 0.103505 0.159799
0 0.820291 0.243032 0.037545 0.038000
7 0.207968 0.665108 0.146662 0.294211
7 0.568607 0.807447 0.201497 0.334022
7 0.691328 0.342863 0.094801 0.119519
0 0.475629 0.188334 0.055071 0.053636
0 0.434718 0.155923 0.034491 0.047388
0 0.583000 0.562284 0.114400 0.161483
9 0.873759 0.844164 0.247458 0.195663
7 0.084968 0.612405 0.095127 0.199219
0 0.605524 0.151770 0.038217 0.039718
0 0.549793 0.183992 0.045642 0.045285
5 0.075777 0.694029 0.151164 0.583141
0 0.782190 0.181874 0.039122 0.039271
0 0.634673 0.212705 0.043434 0.046413
0 0.243806 0.447090 0.061228 0.081548
0 0.929655 0.254124 0.043088 0.043691
7 0.757856 0.348049 0.091276 0.106505
0 0.969798 0.265135 0.049893 0.048040
0 0.709094 0.237734 0.044432 0.043592
4 0.055605 0.273195 0.110171 0.236579
0 0.670755 0.201983 0.037887 0.040584
0 0.708113 0.179793 0.037413 0.037004
0 0.863765 0.227514 0.036121 0.036071
2 0.124901 0.096999 0.082991 0.105825
3 0.546014 0.229018 0.030953 0.027155
7 0.589451 0.234926 0.065127 0.074451
3 0.626552 0.261362 0.029544 0.025946
0 0.872901 0.271201 0.046377 0.043387
7 0.661558 0.274896 0.059415 0.066292
7 0.762689 0.264475 0.082647 0.085500
7 0.849745 0.358498 0.106455 0.084795
3 0.472124 0.237607 0.029421 0.028934
0 0.128520 0.467605 0.036059 0.051187
3 0.962183 0.313506 0.031367 0.026654
5 0.499611 0.279158 0.144491 0.242794
3 0.702721 0.280045 0.026970 0.022161
5 0.640214 0.290785 0.120250 0.215961
7 0.941907 0.358993 0.116158 0.083237
3 0.815783 0.281248 0.024636 0.020449
3 0.568113 0.665880 0.042409 0.052303
5 0.579697 0.281471 0.165665 0.240677
5 0.436941 0.266744 0.064716 0.269824
3 0.429350 0.202046 0.024043 0.026073
5 0.905352 0.315900 0.147667 0.166943
5 0.809148 0.310633 0.150037 0.179891
5 0.735140 0.292541 0.152741 0.213182
5 0.678193 0.302638 0.154234 0.197367
7 0.436234 0.252342 0.043288 0.083487
3 0.859286 0.312799 0.025701 0.024198
7 0.811600 0.349507 0.068463 0.101885
3 0.597787 0.190771 0.027668 0.023006
3 0.925528 0.293753 0.025920 0.022675
7 0.915247 0.340307 0.069429 0.086803
3 0.663488 0.241391 0.025218 0.021118
3 0.775827 0.217062 0.024162 0.020391
5 0.955204 0.318162 0.089179 0.164694
7 0.841229 0.301697 0.031286 0.041817
3 0.705100 0.214045 0.022024 0.020379
7 0.787971 0.265325 0.030101 0.041549
7 0.727646 0.261538 0.099196 0.087440
3 0.768396 0.286477 0.028051 0.025351
3 0.855666 0.264035 0.016632 0.023580
3 0.595646 0.197280 0.027197 0.026180
0 0.776799 0.246264 0.042209 0.041881
7 0.666737 0.260519 0.054833 0.059094
7 0.982801 0.358983 0.034230 0.075310
7 0.795143 0.274574 0.021799 0.033409
7 0.968155 0.359401 0.063631 0.081192
7 0.834848 0.290603 0.029153 0.031826
7 0.769631 0.265400 0.052318 0.070964
9 0.983304 0.863634 0.033393 0.157170
9 0.236358 0.683290 0.258709 0.211153
7 0.673723 0.245854 0.045213 0.034355
