5 0.307304 0.247102 0.418342 0.480481
4 0.811837 0.139195 0.157796 0.241896
5 0.916780 0.671467 0.162419 0.194646
6 0.274972 0.246192 0.364322 0.488439
2 0.454993 0.112500 0.129240 0.195224
3 0.463258 0.425065 0.110000 0.125056
7 0.887765 0.687014 0.097099 0.142294
5 0.768453 0.244566 0.306839 0.488491
8 0.305265 0.815470 0.118285 0.219842
8 0.263374 0.762664 0.526234 0.473230
0 0.961889 0.626393 0.063625 0.088693
8 0.453786 0.819787 0.131578 0.165450
8 0.188223 0.784307 0.099236 0.119912
8 0.205393 0.825553 0.126501 0.207404
3 0.964133 0.679606 0.023026 0.049927
8 0.484000 0.814691 0.070004 0.171367
8 0.249390 0.824499 0.095777 0.207849
3 0.826149 0.010555 0.093012 0.020861
8 0.208827 0.891567 0.133885 0.093724
