5 0.465396 0.856841 0.390639 0.279267
5 0.812271 0.857559 0.295020 0.282925
5 0.218567 0.849079 0.236867 0.259579
6 0.536640 0.455454 0.247450 0.526387
6 0.395014 0.317950 0.334163 0.634572
4 0.249604 0.777729 0.118998 0.113380
1 0.842314 0.842230 0.072247 0.061293
2 0.844496 0.921521 0.075999 0.064237
1 0.839481 0.988723 0.069679 0.022554
2 0.862208 0.754078 0.087911 0.069981
5 0.818744 0.939291 0.220866 0.121419
5 0.720706 0.832623 0.124813 0.226058
4 0.707540 0.808435 0.094001 0.180092
5 0.956983 0.529473 0.086034 0.286504
5 0.864781 0.821415 0.217651 0.206553
5 0.963117 0.857414 0.073563 0.248199
5 0.965977 0.909337 0.068021 0.181239
5 0.692061 0.877547 0.067198 0.215503
4 0.968705 0.973270 0.061308 0.053457
2 0.983651 0.857066 0.032198 0.067467
5 0.959244 0.805951 0.080465 0.196409
2 0.864852 0.734882 0.077636 0.033713
4 0.922440 0.805163 0.072050 0.157711
