5 0.618414 0.328468 0.379487 0.518879
0 0.517209 0.211710 0.174214 0.209449
3 0.524797 0.380724 0.106764 0.102638
7 0.619143 0.469099 0.348125 0.240658
5 0.614125 0.794312 0.185711 0.411359
4 0.605915 0.657426 0.097095 0.134768
5 0.146606 0.928749 0.093886 0.142337
5 0.780974 0.472451 0.048752 0.128171
8 0.096701 0.288325 0.192546 0.571534
4 0.139708 0.895355 0.050692 0.058747
5 0.140695 0.957163 0.074696 0.085662
8 0.365016 0.316650 0.129035 0.245030
4 0.130437 0.961813 0.028610 0.039283
4 0.776433 0.453450 0.027108 0.039355
4 0.714468 0.471489 0.039834 0.097621
5 0.743392 0.443084 0.036015 0.080308
4 0.712812 0.466517 0.027794 0.052478
5 0.130491 0.960680 0.046132 0.076030
4 0.724029 0.446920 0.021957 0.034744
2 0.772369 0.417669 0.014716 0.015349
2 0.754022 0.405509 0.017122 0.015028
2 0.125403 0.929374 0.017973 0.021675
5 0.412456 0.187511 0.028865 0.097854
4 0.709304 0.461699 0.022289 0.033683
