8 0.790257 0.715296 0.419470 0.371660
8 0.399542 0.449686 0.319694 0.157240
9 0.085303 0.263630 0.170499 0.526567
6 0.184226 0.650479 0.018030 0.037954
5 0.811944 0.659253 0.054578 0.112950
6 0.471712 0.736622 0.037250 0.077453
6 0.083063 0.728660 0.028427 0.061952
9 0.277949 0.922980 0.553542 0.153649
5 0.539924 0.402815 0.035687 0.157898
6 0.229061 0.617158 0.015704 0.033958
5 0.024890 0.254043 0.038938 0.164666
6 0.388824 0.634859 0.016903 0.038686
6 0.253366 0.599853 0.010683 0.024225
7 0.024380 0.238935 0.026693 0.059602
6 0.377773 0.602038 0.012499 0.030830
6 0.495585 0.558631 0.007528 0.021371
6 0.145342 0.602965 0.009500 0.017925
6 0.540137 0.556769 0.010433 0.021936
6 0.466560 0.565344 0.008272 0.022502
5 0.537571 0.276741 0.035484 0.098645
6 0.407599 0.563772 0.009025 0.019979
