5 0.595960 0.818519 0.391278 0.359845
5 0.702369 0.337849 0.594575 0.598984
8 0.258511 0.321255 0.283613 0.633260
4 0.143413 0.937886 0.085138 0.122541
0 0.039980 0.924727 0.053235 0.062862
1 0.706697 0.346909 0.525824 0.372208
0 0.142471 0.809618 0.071356 0.074174
5 0.166708 0.884864 0.176543 0.229980
4 0.559911 0.831816 0.311069 0.336279
3 0.517198 0.675293 0.088491 0.070764
1 0.590659 0.924879 0.129343 0.150242
4 0.068374 0.977373 0.059161 0.044421
8 0.053806 0.121188 0.107611 0.241036
4 0.699367 0.545390 0.598917 0.183995
5 0.079420 0.941708 0.156610 0.116267
0 0.672246 0.161570 0.432491 0.146283
3 0.159183 0.869153 0.027539 0.034213
5 0.032479 0.905621 0.064813 0.188758
4 0.014338 0.976462 0.028659 0.046403
2 0.678519 0.163314 0.410604 0.143433
