8 0.210113 0.154780 0.417279 0.308660
5 0.785653 0.153988 0.427782 0.307662
7 0.649643 0.632966 0.053428 0.115378
5 0.648467 0.687769 0.092991 0.315974
7 0.801876 0.682224 0.058187 0.124600
5 0.885803 0.755722 0.101866 0.438075
7 0.883621 0.698442 0.087679 0.179976
7 0.577851 0.634044 0.057665 0.132689
7 0.967192 0.668449 0.063720 0.122342
5 0.805695 0.701608 0.071284 0.292187
7 0.783055 0.151215 0.426804 0.301037
7 0.617313 0.604228 0.036791 0.098901
7 0.727452 0.681715 0.062677 0.165043
5 0.729609 0.748350 0.083925 0.441369
5 0.579010 0.686021 0.073485 0.350037
0 0.807333 0.563156 0.033630 0.043382
7 0.060318 0.461195 0.040466 0.059784
5 0.066542 0.495726 0.070628 0.172925
0 0.653489 0.534845 0.030511 0.027878
0 0.583819 0.528534 0.039897 0.032345
0 0.899358 0.564014 0.044342 0.046501
7 0.776786 0.607937 0.043772 0.094987
7 0.834233 0.642045 0.025654 0.076475
5 0.613020 0.655980 0.053708 0.283157
7 0.939344 0.639498 0.035483 0.100507
7 0.702839 0.631240 0.037187 0.095644
5 0.831938 0.662568 0.028247 0.202560
5 0.941250 0.672458 0.044989 0.260473
0 0.974098 0.564659 0.022023 0.030288
5 0.773109 0.657692 0.049900 0.284151
5 0.962291 0.718303 0.069640 0.344803
0 0.084565 0.425667 0.019752 0.023028
0 0.433248 0.511221 0.027136 0.097411
0 0.717644 0.553964 0.016577 0.022239
5 0.442429 0.736731 0.047024 0.514170
5 0.705082 0.659387 0.043124 0.231398
0 0.779062 0.527039 0.024825 0.025999
3 0.651848 0.567370 0.017989 0.017906
0 0.740100 0.545108 0.038163 0.041279
0 0.952990 0.556782 0.026245 0.030635
3 0.584630 0.562224 0.022911 0.019864
0 0.753292 0.548005 0.027261 0.036849
7 0.433458 0.758378 0.028826 0.264747
5 0.980095 0.697708 0.039246 0.299011
0 0.832500 0.572427 0.016907 0.022221
3 0.903856 0.609837 0.016221 0.017958
7 0.438194 0.783619 0.038368 0.337879
7 0.696028 0.617654 0.026810 0.068473
3 0.972294 0.596312 0.019185 0.016972
3 0.816947 0.604214 0.015663 0.016819
3 0.743824 0.586184 0.020453 0.018961
3 0.970938 0.601980 0.019198 0.015962
5 0.707054 0.626605 0.032793 0.155474
3 0.778349 0.555141 0.015470 0.016815
5 0.780281 0.683817 0.027235 0.233961
0 0.833050 0.577111 0.014921 0.018966
5 0.669263 0.684418 0.051418 0.308297
5 0.616784 0.586379 0.041268 0.143869
5 0.407217 0.171930 0.021903 0.105588
5 0.463486 0.732727 0.087455 0.523750
7 0.930499 0.643880 0.023747 0.093685
0 0.774360 0.522738 0.025813 0.022431
5 0.436122 0.771686 0.036006 0.381656
