5 0.320731 0.799198 0.638177 0.400650
8 0.808864 0.870413 0.342197 0.256981
8 0.235256 0.301552 0.470280 0.596762
4 0.322044 0.877158 0.638485 0.245085
8 0.739972 0.737184 0.204316 0.274116
8 0.554873 0.119457 0.167525 0.230394
1 0.273314 0.681736 0.526200 0.167139
5 0.036303 0.127799 0.043271 0.135996
8 0.896072 0.669254 0.207406 0.138724
5 0.025497 0.340370 0.045522 0.126097
5 0.139308 0.540236 0.033830 0.060507
5 0.935767 0.828043 0.025939 0.036903
8 0.718377 0.619164 0.143772 0.038956
4 0.026985 0.327955 0.022899 0.045889
5 0.939550 0.827117 0.018377 0.030630
0 0.826761 0.297528 0.344590 0.592944
7 0.038834 0.109563 0.020909 0.038860
0 0.041234 0.068477 0.012192 0.015436
5 0.926199 0.616336 0.039837 0.034613
5 0.922982 0.611018 0.029144 0.020950
