8 0.514979 0.336811 0.245647 0.229531
8 0.766741 0.328329 0.252018 0.217391
8 0.951937 0.262075 0.096111 0.260206
9 0.171691 0.226560 0.343382 0.450120
8 0.743923 0.219388 0.105367 0.114169
6 0.349879 0.811879 0.033179 0.065681
5 0.178695 0.143803 0.039413 0.157474
6 0.448457 0.729845 0.019524 0.038175
7 0.174203 0.124638 0.030806 0.063298
0 0.167584 0.078567 0.018230 0.025591
6 0.176454 0.730532 0.019702 0.041195
6 0.491465 0.693168 0.016157 0.033177
6 0.571428 0.647594 0.009191 0.021543
6 0.138521 0.987805 0.052012 0.024006
6 0.513578 0.673689 0.013532 0.028581
9 0.334424 0.954144 0.605542 0.091425
6 0.607195 0.653944 0.007969 0.019350
5 0.115999 0.028203 0.045057 0.055951
6 0.634278 0.668187 0.010418 0.031214
