8 0.344444 0.789821 0.410329 0.420283
8 0.775999 0.794039 0.447458 0.410696
8 0.275798 0.291043 0.551596 0.574937
8 0.138713 0.749084 0.276544 0.339664
8 0.768939 0.191677 0.090999 0.107718
8 0.795025 0.109656 0.220471 0.182518
5 0.176729 0.073557 0.045239 0.123449
5 0.791405 0.639626 0.051379 0.120152
5 0.310649 0.261200 0.036007 0.070011
7 0.083813 0.228784 0.025361 0.053864
5 0.084768 0.259732 0.040991 0.169935
8 0.956868 0.234494 0.085592 0.395262
7 0.311386 0.261262 0.020366 0.032416
4 0.176062 0.056488 0.021273 0.038906
0 0.171071 0.021872 0.013889 0.018833
0 0.076721 0.186111 0.014263 0.017950
