5 0.224137 0.369599 0.448274 0.613694
4 0.508302 0.209888 0.118403 0.254160
8 0.869820 0.734545 0.259144 0.109987
4 0.649474 0.213678 0.156493 0.257521
5 0.226049 0.874204 0.452087 0.251591
4 0.092784 0.593611 0.183594 0.171166
2 0.147940 0.319669 0.098289 0.094246
5 0.755016 0.340785 0.329290 0.671756
2 0.218138 0.901583 0.436276 0.196833
5 0.615098 0.337102 0.302067 0.671188
2 0.805768 0.039543 0.084817 0.071117
0 0.559980 0.023852 0.082674 0.047423
5 0.528170 0.334321 0.158188 0.668419
4 0.795992 0.309041 0.167024 0.338654
0 0.693457 0.025196 0.084343 0.050120
3 0.103769 0.471148 0.071897 0.079339
3 0.673939 0.076475 0.046304 0.045753
5 0.874146 0.339404 0.251003 0.675253
3 0.534803 0.081026 0.042606 0.046388
4 0.925369 0.377381 0.149261 0.509525
3 0.974164 0.071680 0.047137 0.071806
3 0.797453 0.128758 0.046943 0.059982
8 0.719664 0.726339 0.439789 0.097308
8 0.639357 0.715612 0.359723 0.071698
8 0.805545 0.723782 0.130971 0.089471
