5 0.734676 0.205906 0.529416 0.410595
9 0.236748 0.204429 0.463971 0.407944
3 0.614548 0.148751 0.294666 0.292678
8 0.283357 0.737895 0.373152 0.522540
7 0.726416 0.283523 0.541264 0.254036
3 0.441729 0.071350 0.053822 0.070571
9 0.069268 0.033121 0.138536 0.065410
6 0.065888 0.169683 0.045122 0.201985
8 0.022548 0.899983 0.045088 0.199949
8 0.436181 0.731656 0.066158 0.296777
5 0.958397 0.670658 0.082733 0.519649
5 0.416663 0.107417 0.108186 0.212624
6 0.028573 0.204038 0.053675 0.318887
6 0.015623 0.171735 0.031246 0.249774
