5 0.496419 0.713416 0.702663 0.569551
9 0.423240 0.215393 0.842405 0.429629
2 0.401000 0.554311 0.298176 0.249444
4 0.524753 0.816355 0.448579 0.366619
1 0.482037 0.752600 0.195507 0.167684
6 0.822740 0.069980 0.073838 0.138843
5 0.047991 0.101009 0.095637 0.201301
8 0.947951 0.053244 0.102291 0.105313
9 0.885425 0.039030 0.049957 0.062502
5 0.241659 0.041521 0.435342 0.083024
6 0.743099 0.020201 0.039933 0.040402
6 0.934142 0.032304 0.016545 0.036221
9 0.948715 0.053027 0.096384 0.104839
6 0.819253 0.191110 0.078780 0.382219
6 0.984892 0.136287 0.016535 0.031325
6 0.883709 0.038651 0.049463 0.064565
