5 0.236400 0.814535 0.469941 0.369832
5 0.733781 0.850425 0.531033 0.298743
6 0.352831 0.538723 0.234379 0.181773
1 0.156665 0.792246 0.312201 0.327195
8 0.788395 0.315401 0.423210 0.628072
8 0.889917 0.404361 0.211113 0.333402
9 0.809242 0.191470 0.052155 0.078653
1 0.702868 0.925552 0.472017 0.147632
5 0.344682 0.517575 0.250868 0.223232
0 0.709900 0.845834 0.434119 0.147132
8 0.653557 0.075730 0.032692 0.046336
4 0.235197 0.923035 0.468820 0.153525
9 0.709052 0.077463 0.018459 0.025298
2 0.453325 0.486706 0.031195 0.087968
9 0.701820 0.071892 0.023316 0.022343
5 0.981875 0.573904 0.036167 0.103732
5 0.986596 0.569571 0.026092 0.077769
8 0.564657 0.034940 0.074194 0.068129
9 0.694750 0.057607 0.018757 0.016674
