5 0.740577 0.745021 0.516924 0.508439
8 0.240624 0.739468 0.481156 0.520056
5 0.739200 0.242224 0.521600 0.475699
2 0.615264 0.149590 0.270774 0.262200
1 0.714908 0.865020 0.471353 0.269553
6 0.349429 0.340966 0.197400 0.274448
8 0.407096 0.823951 0.144912 0.352098
2 0.743885 0.614264 0.509753 0.221594
2 0.122324 0.431655 0.103216 0.083060
8 0.096475 0.678116 0.185870 0.195934
5 0.226407 0.426144 0.435768 0.102654
5 0.153896 0.676586 0.035896 0.089751
4 0.151217 0.682960 0.017669 0.041889
2 0.151164 0.641410 0.013506 0.017472
4 0.737864 0.963225 0.518725 0.073549
