5 0.418746 0.733943 0.302177 0.531612
0 0.200139 0.725227 0.166497 0.204658
7 0.440894 0.783740 0.255803 0.426474
4 0.757857 0.231315 0.295457 0.462204
3 0.187175 0.934591 0.086089 0.091359
5 0.196883 0.807402 0.380858 0.385134
5 0.785373 0.235414 0.420679 0.470035
5 0.101188 0.734817 0.202076 0.530064
6 0.347814 0.069820 0.424283 0.139640
4 0.952421 0.199705 0.085561 0.098267
3 0.494921 0.535631 0.086936 0.087144
4 0.611693 0.122681 0.085304 0.245361
1 0.927574 0.133193 0.033304 0.049937
5 0.799500 0.544266 0.086955 0.151998
2 0.954095 0.069813 0.058865 0.053109
5 0.637606 0.232930 0.133920 0.465739
5 0.946899 0.153693 0.105993 0.228477
3 0.883108 0.027258 0.059511 0.054516
7 0.065356 0.740407 0.130711 0.488402
3 0.017490 0.506127 0.034808 0.070021
7 0.041078 0.773345 0.082128 0.452342
7 0.795862 0.484572 0.057148 0.033602
7 0.789369 0.481473 0.039224 0.026884
4 0.195036 0.972428 0.253119 0.055144
