9 0.756712 0.638572 0.482677 0.719424
0 0.823976 0.638495 0.351215 0.720908
5 0.252932 0.539210 0.505864 0.517208
0 0.825636 0.330691 0.142059 0.103163
4 0.835424 0.766711 0.245481 0.464465
7 0.315647 0.596951 0.375976 0.397535
8 0.649043 0.116314 0.236283 0.231611
3 0.071376 0.499160 0.112120 0.155508
7 0.309688 0.958736 0.369339 0.081414
0 0.593332 0.640114 0.168067 0.716594
5 0.298472 0.938595 0.420106 0.120979
3 0.959027 0.397875 0.037480 0.059390
4 0.558611 0.676572 0.098544 0.566399
4 0.953752 0.512622 0.030092 0.110909
3 0.524222 0.369699 0.028418 0.052137
0 0.044191 0.431330 0.088171 0.286042
2 0.962973 0.302775 0.073957 0.047184
5 0.953065 0.640726 0.093869 0.718547
5 0.963133 0.454662 0.069949 0.305836
0 0.697856 0.637672 0.373928 0.716881
0 0.929711 0.639799 0.139053 0.718150
5 0.694773 0.033847 0.019243 0.023800
