8 0.219665 0.823904 0.438860 0.348513
5 0.083837 0.354817 0.133029 0.234909
4 0.076952 0.302183 0.060351 0.053761
6 0.454323 0.367951 0.026197 0.060778
6 0.828939 0.405558 0.035597 0.078409
5 0.390671 0.704944 0.053463 0.104441
6 0.561416 0.299332 0.017962 0.035048
2 0.072228 0.251503 0.030397 0.020933
6 0.606816 0.270405 0.012506 0.029625
9 0.663631 0.576192 0.446466 0.146281
6 0.753823 0.268770 0.013656 0.033141
6 0.632463 0.255776 0.008312 0.021879
6 0.918151 0.237378 0.007314 0.019508
6 0.941120 0.244914 0.008067 0.019054
6 0.843496 0.240783 0.007381 0.019430
6 0.635604 0.258418 0.009049 0.023623
6 0.872292 0.234783 0.009609 0.019658
6 0.766045 0.305073 0.014606 0.035698
6 0.753149 0.260940 0.010313 0.024852
3 0.076762 0.269055 0.016404 0.014191
3 0.072018 0.268052 0.020896 0.013300
6 0.729679 0.245477 0.007753 0.019907
6 0.688298 0.234968 0.008869 0.017996
6 0.844451 0.236479 0.007836 0.021074
6 0.693586 0.239820 0.007747 0.020798
