5 0.710715 0.246813 0.576633 0.492816
3 0.807977 0.263633 0.219768 0.145915
9 0.488291 0.951541 0.139868 0.096918
0 0.633962 0.782471 0.080051 0.113891
4 0.783522 0.329246 0.432944 0.272925
2 0.864120 0.047442 0.270273 0.094885
7 0.625589 0.927519 0.157338 0.144017
2 0.853330 0.463617 0.243425 0.075033
7 0.682601 0.931991 0.077561 0.134593
5 0.626121 0.817231 0.256765 0.364777
5 0.677969 0.865147 0.151644 0.269079
5 0.718713 0.437356 0.562538 0.124558
0 0.709306 0.823757 0.033620 0.058405
3 0.658948 0.822431 0.032029 0.070707
