9 0.717774 0.204757 0.395614 0.408089
8 0.784805 0.751218 0.428617 0.497345
8 0.690550 0.724139 0.149494 0.119743
0 0.172472 0.925539 0.162956 0.131250
5 0.334101 0.852380 0.341313 0.295240
4 0.310725 0.905221 0.167226 0.189559
8 0.570881 0.702911 0.102747 0.294170
5 0.149147 0.800160 0.254367 0.294180
2 0.318817 0.781769 0.100531 0.103963
4 0.185383 0.845675 0.103968 0.111347
4 0.452494 0.561838 0.129939 0.163232
0 0.485243 0.900142 0.068914 0.168568
0 0.134122 0.734923 0.206262 0.206284
8 0.661841 0.936182 0.284572 0.127496
5 0.431898 0.562099 0.175574 0.237471
0 0.181634 0.977146 0.148725 0.045708
5 0.982836 0.818553 0.033484 0.091016
3 0.386360 0.843059 0.040523 0.042750
9 0.974838 0.667500 0.019681 0.026271
5 0.224446 0.971980 0.287691 0.055728
5 0.437246 0.451364 0.163334 0.083057
9 0.831264 0.667010 0.031454 0.024551
9 0.864947 0.672425 0.036062 0.021375
9 0.823323 0.666309 0.027469 0.030362
2 0.476743 0.442730 0.071165 0.060701
2 0.136365 0.453534 0.138796 0.087675
5 0.031336 0.469009 0.062487 0.118647
2 0.024562 0.886654 0.049124 0.075602
9 0.867980 0.678586 0.031649 0.017400
0 0.479133 0.441781 0.076040 0.062364
9 0.858726 0.676602 0.028239 0.018117
5 0.474071 0.900052 0.092055 0.185940
9 0.832550 0.677643 0.022874 0.017716
2 0.137255 0.436594 0.137822 0.052931
9 0.846969 0.676246 0.025535 0.019204
5 0.141358 0.478193 0.163180 0.135951
9 0.822095 0.676470 0.020804 0.018678
5 0.028515 0.884517 0.057030 0.176416
9 0.846096 0.669553 0.027022 0.019664
4 0.433798 0.906117 0.116486 0.157114
9 0.883857 0.681001 0.025320 0.015238
3 0.471323 0.470922 0.051562 0.030135
9 0.891088 0.682137 0.024643 0.015985
7 0.980595 0.802316 0.015266 0.028152
