8 0.734598 0.211507 0.529894 0.414912
5 0.790924 0.708609 0.416255 0.580849
3 0.828305 0.470403 0.117997 0.100245
7 0.812645 0.723759 0.374710 0.552482
5 0.605609 0.644025 0.053336 0.140495
5 0.647137 0.606377 0.038584 0.073554
4 0.675610 0.628919 0.040452 0.124056
5 0.844337 0.140692 0.023955 0.033178
4 0.602562 0.621711 0.028124 0.039935
4 0.646123 0.600519 0.024775 0.034717
4 0.674011 0.614069 0.023601 0.034437
5 0.630751 0.600979 0.024599 0.057443
2 0.607371 0.571247 0.014043 0.013668
4 0.615915 0.609767 0.023421 0.034899
4 0.646735 0.600334 0.034906 0.051698
