9 0.673374 0.821976 0.645952 0.355447
5 0.858612 0.818773 0.281653 0.362003
8 0.489966 0.263158 0.282043 0.374801
7 0.892716 0.816363 0.213614 0.366719
5 0.833012 0.368446 0.068815 0.125538
6 0.680374 0.354013 0.026609 0.058316
6 0.881787 0.413873 0.037262 0.102063
6 0.376015 0.550835 0.053512 0.172761
6 0.420422 0.556174 0.078422 0.166123
2 0.830827 0.319504 0.019297 0.021031
3 0.912864 0.685136 0.083146 0.094550
9 0.407662 0.321630 0.063181 0.059295
6 0.762482 0.351444 0.026962 0.061218
4 0.841226 0.364876 0.035499 0.055736
6 0.871940 0.346394 0.026466 0.068063
8 0.322047 0.762276 0.056817 0.134161
9 0.447393 0.320871 0.052114 0.053225
