5 0.809750 0.204897 0.379723 0.409037
7 0.913279 0.544230 0.173443 0.265470
5 0.888205 0.702563 0.223418 0.592969
1 0.849827 0.220434 0.300302 0.269632
6 0.238244 0.116387 0.029732 0.080493
6 0.458824 0.123737 0.024743 0.063664
6 0.318982 0.068366 0.015518 0.051542
6 0.187741 0.056410 0.019288 0.056665
6 0.027675 0.028327 0.020457 0.055526
6 0.444359 0.048306 0.010434 0.024972
6 0.384491 0.062519 0.013325 0.040089
6 0.368350 0.024218 0.009402 0.030791
6 0.501572 0.070639 0.013149 0.037089
6 0.365829 0.028800 0.011990 0.035064
4 0.809309 0.353628 0.380993 0.112719
6 0.389874 0.050198 0.011860 0.036186
6 0.499386 0.075730 0.013818 0.033657
6 0.519104 0.113702 0.011750 0.025121
6 0.297012 0.007701 0.009083 0.015402
6 0.388500 0.059621 0.014311 0.043535
6 0.134175 0.008811 0.009729 0.017584
