5 0.728965 0.779868 0.541333 0.439843
8 0.229593 0.779548 0.458322 0.438543
4 0.729256 0.840725 0.540638 0.317775
5 0.729392 0.326714 0.540285 0.465207
1 0.745859 0.463856 0.499235 0.191142
0 0.747228 0.243569 0.497319 0.214419
6 0.294373 0.507445 0.044954 0.100626
1 0.815816 0.611865 0.367983 0.106017
6 0.322066 0.360259 0.014904 0.040996
6 0.235053 0.328689 0.011376 0.028968
6 0.038936 0.298272 0.015979 0.039436
6 0.414885 0.376187 0.012887 0.035087
6 0.161949 0.330003 0.015007 0.037946
6 0.368665 0.346933 0.010060 0.026249
6 0.320543 0.348343 0.014757 0.040644
6 0.041075 0.291042 0.012753 0.029044
6 0.102793 0.296764 0.010781 0.028554
6 0.407037 0.344569 0.008101 0.021761
6 0.319271 0.339119 0.011598 0.031039
6 0.017265 0.275166 0.009107 0.023973
6 0.270189 0.321267 0.009496 0.021721
6 0.216695 0.309069 0.010160 0.021824
6 0.257145 0.317369 0.009328 0.021599
6 0.159723 0.303284 0.013242 0.024799
