5 0.759711 0.199713 0.479870 0.399030
5 0.759643 0.701619 0.479165 0.596556
7 0.787073 0.568353 0.425854 0.328520
0 0.760545 0.139007 0.446734 0.277910
3 0.793407 0.369288 0.211108 0.059804
6 0.304615 0.377004 0.056565 0.045935
6 0.080711 0.214695 0.015937 0.041287
6 0.195927 0.185834 0.015192 0.036835
6 0.285114 0.160096 0.013428 0.034254
6 0.231478 0.162068 0.010937 0.029082
6 0.368342 0.131842 0.012780 0.026674
6 0.032162 0.198854 0.010152 0.020829
6 0.135204 0.183493 0.011814 0.027815
6 0.011517 0.214322 0.013945 0.031523
6 0.357715 0.128746 0.012603 0.026086
6 0.337487 0.140009 0.013047 0.030663
6 0.379698 0.128610 0.013181 0.025858
6 0.138953 0.184732 0.012960 0.028716
6 0.466965 0.094248 0.009753 0.021884
6 0.218461 0.158887 0.009104 0.027066
6 0.034182 0.376423 0.041341 0.045968
6 0.041095 0.199320 0.010598 0.021520
6 0.245263 0.142787 0.009129 0.017038
6 0.356276 0.125018 0.009216 0.023301
6 0.285489 0.149058 0.013048 0.028287
