8 0.157368 0.702411 0.313498 0.387901
5 0.077932 0.610157 0.150714 0.201154
5 0.317913 0.627740 0.183964 0.239267
8 0.796069 0.629224 0.331763 0.240148
7 0.953845 0.289513 0.092311 0.299250
5 0.923102 0.269405 0.153443 0.482920
8 0.905740 0.746231 0.188521 0.468598
8 0.549961 0.709147 0.159281 0.401220
4 0.069821 0.526103 0.055324 0.033980
5 0.030056 0.789778 0.060065 0.228817
6 0.013208 0.183845 0.026409 0.185834
4 0.007421 0.783668 0.014842 0.073047
8 0.554837 0.803230 0.142962 0.199489
4 0.315318 0.524939 0.085534 0.030862
