8 0.693489 0.762094 0.613023 0.474013
5 0.657517 0.271030 0.351121 0.496628
8 0.109419 0.759825 0.218789 0.478466
1 0.545297 0.237625 0.076097 0.082665
4 0.658581 0.349122 0.216576 0.338316
4 0.153149 0.673307 0.103991 0.175841
5 0.177524 0.755613 0.224694 0.444743
4 0.879089 0.311121 0.141935 0.213372
6 0.155548 0.188384 0.054768 0.135620
6 0.053327 0.093179 0.033518 0.077239
4 0.453220 0.375298 0.128212 0.287193
8 0.879817 0.874303 0.240366 0.250339
5 0.593950 0.921443 0.069960 0.143218
4 0.059506 0.548461 0.072255 0.060616
5 0.496889 0.291908 0.216599 0.455997
2 0.121250 0.597442 0.051335 0.064926
5 0.073079 0.632845 0.129333 0.223526
7 0.592536 0.917615 0.041061 0.063646
6 0.152803 0.026618 0.021044 0.051550
5 0.879861 0.277851 0.221472 0.319266
6 0.008522 0.030115 0.015661 0.046273
6 0.322301 0.018306 0.019322 0.035760
1 0.949618 0.159929 0.043714 0.039335
2 0.934576 0.103374 0.048804 0.044416
2 0.828242 0.155026 0.052036 0.045709
0 0.576468 0.865268 0.023039 0.022773
4 0.100531 0.661049 0.059873 0.141842
4 0.941366 0.281473 0.114902 0.236072
5 0.932472 0.249898 0.134857 0.352163
5 0.099314 0.653633 0.112766 0.193793
1 0.846253 0.214638 0.037002 0.037417
6 0.383060 0.021152 0.013182 0.038616
2 0.982031 0.095096 0.035576 0.040418
1 0.944734 0.152546 0.049396 0.036827
8 0.347897 0.634921 0.082475 0.224892
1 0.953364 0.171322 0.041008 0.036423
1 0.983292 0.131706 0.033416 0.060234
5 0.118159 0.692265 0.113218 0.278976
1 0.930082 0.148714 0.030615 0.029505
