1 0.619962 0.430994 0.205573 0.243564
5 0.632953 0.641856 0.551290 0.714784
4 0.618941 0.762501 0.399828 0.474997
8 0.273977 0.612548 0.030953 0.034017
5 0.670399 0.139306 0.307467 0.278239
6 0.135812 0.203238 0.037794 0.087472
5 0.163328 0.694887 0.042797 0.200162
4 0.164972 0.650921 0.026512 0.055822
5 0.299710 0.759158 0.042578 0.227725
6 0.266478 0.167353 0.027390 0.065683
0 0.308546 0.657854 0.019520 0.031199
9 0.246596 0.627758 0.032075 0.031952
6 0.014259 0.232644 0.028461 0.091519
6 0.232987 0.076319 0.007974 0.021061
9 0.015385 0.634520 0.029616 0.031109
7 0.633022 0.026359 0.178793 0.052433
6 0.314743 0.134253 0.026732 0.079841
6 0.326863 0.128941 0.021536 0.076858
6 0.329229 0.140453 0.017402 0.058171
6 0.304778 0.077234 0.009122 0.024636
6 0.356435 0.071502 0.008609 0.031400
6 0.069033 0.072857 0.008542 0.019100
6 0.020668 0.070617 0.009052 0.022918
6 0.147336 0.076480 0.009029 0.019066
9 0.184355 0.243339 0.352782 0.071699
0 0.163632 0.605031 0.015750 0.019990
6 0.270540 0.071085 0.008049 0.020087
6 0.130450 0.069102 0.005716 0.018204
6 0.315587 0.147862 0.023388 0.055960
6 0.190838 0.071837 0.010476 0.022755
