8 0.289600 0.695542 0.579002 0.608915
6 0.417299 0.285077 0.022316 0.043678
5 0.710235 0.675073 0.050612 0.114651
5 0.451986 0.927267 0.072422 0.145322
0 0.441988 0.869759 0.021903 0.026827
6 0.166827 0.312151 0.016211 0.034086
6 0.512668 0.370186 0.038197 0.035712
6 0.359418 0.258382 0.013194 0.029559
7 0.451776 0.937217 0.043921 0.082578
6 0.090991 0.302710 0.011417 0.023550
6 0.159206 0.276518 0.011385 0.022500
5 0.220321 0.210469 0.015087 0.044309
6 0.179509 0.257476 0.007843 0.019802
4 0.705849 0.659074 0.025830 0.046075
6 0.313898 0.246606 0.011228 0.025586
6 0.006415 0.346708 0.012560 0.028680
6 0.211233 0.271929 0.012391 0.026257
6 0.071456 0.380015 0.015672 0.016000
6 0.263793 0.244001 0.010826 0.023917
6 0.164035 0.308542 0.014265 0.032776
3 0.442958 0.895692 0.012949 0.013256
6 0.116356 0.273880 0.008589 0.020318
