4 0.684216 0.814564 0.628854 0.370007
5 0.683477 0.814231 0.625324 0.370303
9 0.185152 0.418081 0.370023 0.420025
2 0.716463 0.381119 0.080432 0.082327
6 0.823397 0.308141 0.224285 0.503349
5 0.737182 0.480143 0.341090 0.296245
6 0.201338 0.365345 0.086403 0.172379
0 0.229403 0.909232 0.068281 0.057081
6 0.079269 0.220839 0.047830 0.095428
0 0.042459 0.899164 0.054388 0.051226
5 0.204607 0.937526 0.202071 0.124304
5 0.052303 0.934836 0.104605 0.130221
3 0.726331 0.568942 0.073790 0.089738
3 0.217673 0.966125 0.041425 0.032013
3 0.035688 0.950436 0.034948 0.030172
6 0.007089 0.151204 0.014077 0.067654
7 0.039737 0.978417 0.078782 0.042765
7 0.210308 0.983577 0.140850 0.032845
4 0.212368 0.983165 0.088225 0.030956
1 0.817882 0.661645 0.359050 0.066395
3 0.843445 0.658911 0.312014 0.060976
