5 0.720223 0.299809 0.558307 0.597032
5 0.828301 0.800418 0.342093 0.398628
1 0.701722 0.354364 0.511673 0.457395
4 0.894758 0.727379 0.194143 0.241289
3 0.921510 0.478964 0.156981 0.223880
9 0.120460 0.461025 0.240779 0.278331
9 0.207043 0.166822 0.030706 0.037868
2 0.695739 0.068947 0.511000 0.137779
6 0.403015 0.454013 0.036527 0.088090
6 0.126701 0.251175 0.019806 0.041406
6 0.265585 0.272085 0.017963 0.034523
2 0.967040 0.128725 0.065741 0.225221
6 0.346966 0.286385 0.017164 0.034622
5 0.844329 0.310835 0.309501 0.577097
6 0.221233 0.216878 0.009043 0.021847
6 0.277786 0.242665 0.011536 0.025755
3 0.871828 0.611722 0.095526 0.022916
6 0.421755 0.288371 0.013975 0.022912
6 0.428395 0.283980 0.014105 0.022769
6 0.183287 0.200942 0.008300 0.018403
6 0.433420 0.389331 0.013488 0.051763
2 0.957402 0.192842 0.085051 0.329673
