9 0.314415 0.246790 0.551822 0.485142
8 0.656494 0.879744 0.133763 0.239077
8 0.793380 0.676351 0.411416 0.373350
8 0.358992 0.736664 0.458412 0.495127
6 0.035815 0.165848 0.066589 0.138919
6 0.215743 0.945303 0.092473 0.109325
5 0.840388 0.634017 0.038088 0.093639
5 0.058463 0.756111 0.054230 0.172706
7 0.059170 0.743906 0.035340 0.071819
8 0.610404 0.591239 0.044220 0.119624
9 0.662998 0.528947 0.019356 0.021305
9 0.701707 0.522383 0.021669 0.018349
9 0.694367 0.524023 0.022468 0.019685
0 0.047979 0.701398 0.020507 0.029814
