5 0.373412 0.879462 0.252403 0.238741
8 0.743546 0.377200 0.486939 0.748714
9 0.250881 0.609966 0.500099 0.300089
4 0.451560 0.879674 0.098267 0.225160
6 0.025950 0.345896 0.029540 0.062007
9 0.779216 0.866857 0.429235 0.214568
6 0.404084 0.362211 0.035645 0.078346
6 0.129224 0.272355 0.017481 0.036792
6 0.332318 0.260562 0.017603 0.040871
5 0.678853 0.164665 0.082805 0.093876
6 0.177131 0.238555 0.014533 0.032214
6 0.442659 0.186927 0.010269 0.018176
4 0.672634 0.192552 0.059765 0.039458
6 0.320922 0.227432 0.010704 0.025601
6 0.482359 0.185837 0.007408 0.020462
6 0.201846 0.222485 0.011192 0.024398
6 0.258311 0.199633 0.008124 0.018040
6 0.437390 0.184933 0.006237 0.017731
6 0.046034 0.244580 0.008958 0.019371
6 0.356180 0.194603 0.006627 0.015287
4 0.684935 0.184195 0.077322 0.049963
6 0.095282 0.226079 0.010344 0.017035
6 0.168644 0.212099 0.008262 0.020418
