8 0.265608 0.739485 0.531216 0.521030
5 0.763837 0.821054 0.471233 0.357526
9 0.264847 0.313014 0.527289 0.331706
5 0.763805 0.567905 0.470210 0.177586
8 0.761275 0.244507 0.463422 0.471519
6 0.176907 0.276728 0.080448 0.172320
8 0.909400 0.218319 0.140365 0.115261
8 0.897701 0.424549 0.204401 0.111099
4 0.768981 0.565371 0.462038 0.166930
3 0.731710 0.518347 0.196874 0.081000
2 0.818616 0.706288 0.245363 0.117937
3 0.836917 0.904627 0.247735 0.165047
6 0.382732 0.074923 0.028941 0.064355
6 0.300377 0.138336 0.040664 0.089861
6 0.448554 0.044814 0.022482 0.050622
5 0.628534 0.297957 0.031647 0.083344
6 0.492857 0.026345 0.019889 0.046526
9 0.575183 0.101033 0.032784 0.025358
9 0.575989 0.161905 0.029932 0.029153
9 0.782226 0.157202 0.028650 0.028148
4 0.779675 0.982792 0.431978 0.034182
9 0.750416 0.165236 0.026891 0.018896
9 0.768111 0.162276 0.027940 0.023832
9 0.753910 0.160706 0.023807 0.020249
9 0.639379 0.155529 0.021892 0.024133
9 0.547771 0.168743 0.028647 0.034773
9 0.578378 0.171066 0.036112 0.041575
7 0.630358 0.282260 0.015162 0.021733
9 0.734926 0.166979 0.019592 0.014546
