5 0.753703 0.675733 0.490923 0.645539
8 0.758221 0.174771 0.480314 0.349458
5 0.213361 0.674779 0.426645 0.648988
4 0.755041 0.876893 0.489774 0.245146
9 0.253725 0.240560 0.503011 0.219622
4 0.163698 0.903825 0.327397 0.192340
2 0.102201 0.449372 0.203875 0.198603
6 0.451264 0.197389 0.059503 0.118332
1 0.740018 0.679733 0.463787 0.361299
2 0.717609 0.441069 0.420701 0.181283
6 0.310437 0.169198 0.049285 0.091394
1 0.046766 0.715965 0.093490 0.255317
6 0.173846 0.152997 0.031751 0.066863
6 0.071793 0.131568 0.018745 0.041180
6 0.282187 0.043890 0.009179 0.019291
9 0.762632 0.150025 0.451919 0.293448
6 0.048390 0.114108 0.015447 0.037909
6 0.196345 0.055257 0.009497 0.021690
6 0.109355 0.127057 0.032962 0.081302
6 0.123280 0.069069 0.012362 0.026766
6 0.021092 0.100003 0.013779 0.033558
6 0.157566 0.056546 0.009262 0.020615
6 0.465023 0.062914 0.018479 0.043268
6 0.121716 0.129911 0.030706 0.077894
6 0.359497 0.028419 0.010165 0.023340
6 0.111187 0.133928 0.025109 0.067593
6 0.072512 0.073317 0.011191 0.024449
6 0.408752 0.020050 0.008385 0.020709
6 0.416669 0.017371 0.008726 0.020208
6 0.013443 0.095421 0.017907 0.033039
6 0.008366 0.083864 0.010158 0.024687
