9 0.850514 0.716449 0.297130 0.560679
0 0.832351 0.716658 0.265249 0.563506
5 0.352610 0.803966 0.697744 0.391402
4 0.794965 0.779440 0.190126 0.441121
8 0.817276 0.242456 0.233610 0.388833
9 0.310760 0.312423 0.531982 0.251464
6 0.575559 0.229139 0.039269 0.079979
6 0.157918 0.154251 0.028335 0.056785
2 0.351328 0.741590 0.658766 0.257536
6 0.500390 0.108788 0.018433 0.037596
6 0.259252 0.085289 0.014786 0.033177
6 0.409183 0.053406 0.010298 0.023984
6 0.309326 0.059571 0.011294 0.026121
6 0.100651 0.088923 0.014097 0.030332
6 0.258403 0.050056 0.008582 0.020321
6 0.449177 0.072370 0.013526 0.026980
6 0.189177 0.061618 0.011771 0.024910
6 0.031168 0.091067 0.011500 0.025410
6 0.259234 0.055347 0.010369 0.023066
0 0.939527 0.718786 0.120946 0.557848
6 0.363589 0.037059 0.009005 0.022339
6 0.280291 0.036161 0.006660 0.020627
6 0.217154 0.041471 0.006474 0.017841
