5 0.241569 0.893537 0.483137 0.212620
9 0.244292 0.548028 0.488522 0.480343
5 0.745933 0.457380 0.507559 0.654027
3 0.680877 0.629865 0.191335 0.198536
6 0.160629 0.329063 0.049187 0.089904
4 0.845635 0.689999 0.308205 0.196474
6 0.381002 0.323345 0.050583 0.096120
3 0.078179 0.833610 0.156090 0.089136
4 0.224589 0.916022 0.448330 0.167957
6 0.209100 0.220787 0.018943 0.038649
6 0.080902 0.242560 0.020213 0.046827
6 0.360789 0.196723 0.017336 0.035545
6 0.480871 0.173346 0.014057 0.032372
6 0.444822 0.169261 0.013821 0.030062
6 0.331809 0.182163 0.013192 0.035603
2 0.522116 0.532694 0.065901 0.227544
6 0.277487 0.173230 0.010552 0.021502
6 0.403221 0.158763 0.010724 0.026532
6 0.126251 0.258440 0.015459 0.027254
2 0.524953 0.574754 0.071860 0.316759
