8 0.770553 0.234926 0.448888 0.390471
8 0.875396 0.289289 0.248884 0.283563
5 0.851096 0.715834 0.296430 0.567910
8 0.196873 0.712702 0.393509 0.569624
6 0.415991 0.395316 0.050035 0.069604
6 0.287521 0.401243 0.048603 0.056822
6 0.109789 0.305004 0.023586 0.050324
5 0.639879 0.183547 0.035836 0.085553
6 0.227250 0.311866 0.017455 0.037349
8 0.523736 0.509152 0.054119 0.156661
6 0.539906 0.390942 0.021504 0.063066
5 0.057715 0.890345 0.041060 0.086014
6 0.529061 0.299522 0.007337 0.020748
6 0.195872 0.262057 0.008212 0.026247
4 0.635478 0.189890 0.018965 0.042701
6 0.275305 0.301874 0.014560 0.037171
6 0.447315 0.287409 0.010025 0.019292
6 0.063614 0.269074 0.014699 0.030014
2 0.635612 0.145962 0.015373 0.015494
5 0.046595 0.893704 0.033976 0.083287
6 0.331691 0.266181 0.006177 0.016888
6 0.035288 0.265767 0.017690 0.044881
6 0.372045 0.269700 0.008529 0.018181
6 0.233981 0.276873 0.010364 0.026085
8 0.614814 0.184232 0.128229 0.214128
8 0.451981 0.577805 0.054696 0.054019
8 0.459364 0.577629 0.039697 0.053248
7 0.949438 0.551784 0.101123 0.241801
6 0.276819 0.292404 0.012876 0.031657
6 0.166546 0.254661 0.006747 0.018957
