5 0.405645 0.722476 0.668079 0.554722
1 0.503738 0.781611 0.202700 0.271893
9 0.378255 0.268576 0.752109 0.265859
2 0.576958 0.556665 0.177483 0.157397
6 0.369075 0.167479 0.042617 0.088464
6 0.495690 0.223453 0.061848 0.114904
9 0.921576 0.075702 0.156767 0.130635
4 0.411115 0.931774 0.421079 0.136176
6 0.246306 0.120514 0.029838 0.064768
5 0.913166 0.172993 0.026124 0.070834
6 0.693290 0.149564 0.024065 0.049432
6 0.156784 0.079055 0.017621 0.042156
6 0.533501 0.103635 0.014843 0.037031
6 0.577901 0.121986 0.018255 0.042651
6 0.202995 0.089696 0.026420 0.069806
6 0.032183 0.008883 0.013407 0.017766
6 0.115733 0.041007 0.012545 0.031420
8 0.800129 0.211993 0.082037 0.374810
6 0.169332 0.024617 0.007536 0.021524
6 0.191707 0.082685 0.024597 0.078253
6 0.679830 0.082295 0.010358 0.022774
5 0.941216 0.164857 0.029764 0.065519
6 0.368637 0.043731 0.008040 0.018567
6 0.444670 0.049123 0.009210 0.021052
6 0.619946 0.085403 0.010343 0.027579
6 0.095822 0.025192 0.011401 0.026269
6 0.217627 0.032301 0.008887 0.022216
6 0.655098 0.083284 0.010384 0.024381
6 0.747957 0.124803 0.014644 0.036060
6 0.138467 0.056453 0.016059 0.036742
6 0.284936 0.035932 0.009162 0.023025
6 0.536477 0.100252 0.016690 0.038659
6 0.580507 0.092133 0.011791 0.029477
6 0.287248 0.036418 0.009856 0.025141
6 0.582473 0.086118 0.008876 0.019465
5 0.978789 0.204374 0.019782 0.041159
5 0.974622 0.198695 0.022402 0.051972
6 0.484499 0.053935 0.009279 0.017331
4 0.913483 0.170469 0.016991 0.033774
6 0.106025 0.019094 0.010086 0.022755
7 0.941673 0.157447 0.018810 0.035761
6 0.546763 0.053184 0.010249 0.019397
