9 0.233253 0.796042 0.465930 0.406237
5 0.613341 0.714988 0.287542 0.569241
8 0.573992 0.270169 0.209826 0.317149
8 0.817331 0.336861 0.300276 0.189776
7 0.601548 0.901223 0.264454 0.196684
0 0.550482 0.545356 0.162285 0.227632
8 0.744227 0.129785 0.099600 0.249352
6 0.054430 0.571728 0.030983 0.058234
8 0.973497 0.314643 0.052445 0.204613
6 0.301625 0.304387 0.025528 0.055033
6 0.310405 0.547311 0.023088 0.043844
6 0.019921 0.286418 0.020578 0.045634
6 0.154751 0.216113 0.011377 0.029098
6 0.217067 0.226819 0.011314 0.028342
6 0.434759 0.549114 0.019163 0.038554
3 0.493645 0.805301 0.048184 0.163872
6 0.342293 0.223707 0.008540 0.023830
6 0.036861 0.243748 0.013705 0.034346
6 0.294761 0.210843 0.006952 0.020922
6 0.220299 0.223592 0.013349 0.031151
6 0.358288 0.234637 0.010831 0.022576
6 0.071897 0.212280 0.008722 0.021826
6 0.193538 0.199868 0.008383 0.022298
5 0.907794 0.284242 0.014982 0.029608
6 0.146106 0.439692 0.022183 0.022391
6 0.229685 0.209506 0.008244 0.024194
8 0.529420 0.082054 0.118955 0.163485
6 0.143999 0.384235 0.031167 0.085364
5 0.915194 0.285962 0.017670 0.033031
8 0.559323 0.126630 0.177478 0.253260
8 0.938665 0.377095 0.078682 0.103535
6 0.431748 0.497456 0.012663 0.030254
6 0.055081 0.555547 0.016253 0.044566
