9 0.204651 0.200791 0.408580 0.399215
9 0.771068 0.824234 0.456510 0.348136
5 0.710748 0.140601 0.138912 0.170626
5 0.826834 0.200529 0.329207 0.401058
7 0.732522 0.156435 0.109632 0.116262
6 0.692357 0.647351 0.036434 0.080046
3 0.874168 0.062995 0.084511 0.046976
8 0.714326 0.199887 0.560433 0.398183
5 0.650161 0.309582 0.092876 0.179376
6 0.428675 0.773665 0.037750 0.116459
7 0.820720 0.266524 0.322817 0.268605
6 0.872845 0.586987 0.024842 0.053474
2 0.741214 0.076496 0.049333 0.024515
2 0.851044 0.016200 0.128871 0.032366
5 0.548046 0.466768 0.014154 0.047642
0 0.856474 0.016299 0.168492 0.032598
