5 0.795218 0.260338 0.351456 0.519493
7 0.748919 0.624736 0.058289 0.114665
7 0.966949 0.666119 0.066102 0.178984
7 0.678351 0.632765 0.065888 0.128998
7 0.829226 0.665841 0.066707 0.159223
9 0.399147 0.416158 0.439512 0.202121
9 0.149394 0.230550 0.029037 0.037391
7 0.801067 0.258268 0.356562 0.515341
5 0.838321 0.728146 0.090997 0.416754
7 0.902802 0.655840 0.061079 0.123187
5 0.084792 0.829695 0.158463 0.340374
7 0.713748 0.599836 0.043912 0.093560
0 0.676587 0.531807 0.038258 0.026964
0 0.745702 0.531817 0.030657 0.026474
6 0.526510 0.294154 0.036549 0.068190
5 0.754896 0.675759 0.092712 0.309928
5 0.962731 0.728510 0.074441 0.424810
6 0.043513 0.483701 0.044255 0.069026
5 0.684129 0.688329 0.087207 0.340039
7 0.061218 0.790523 0.069490 0.115572
6 0.244769 0.288361 0.018246 0.034561
7 0.023389 0.819785 0.046660 0.143626
5 0.711336 0.656209 0.065432 0.276093
6 0.371798 0.273062 0.024312 0.045295
7 0.868278 0.584908 0.045877 0.091587
7 0.800572 0.615456 0.040655 0.091457
0 0.982378 0.536849 0.035123 0.037131
4 0.554234 0.813870 0.036537 0.055479
5 0.904066 0.674154 0.074599 0.285516
6 0.122225 0.327777 0.016368 0.029920
0 0.897961 0.539839 0.033412 0.035529
7 0.928928 0.612149 0.026985 0.072232
0 0.017481 0.721998 0.033536 0.050293
5 0.873201 0.646215 0.063562 0.262161
4 0.560493 0.819640 0.058128 0.107823
0 0.832437 0.533683 0.045332 0.030130
0 0.806597 0.542070 0.013598 0.018425
5 0.796517 0.654557 0.047598 0.255121
3 0.681514 0.563915 0.022443 0.020671
5 0.926615 0.634804 0.035425 0.203443
6 0.047169 0.354754 0.017327 0.031091
3 0.832533 0.569012 0.022097 0.020635
3 0.745432 0.561263 0.019445 0.015757
3 0.908424 0.579690 0.017722 0.018092
5 0.027466 0.837796 0.054825 0.300293
6 0.179049 0.255223 0.007764 0.017148
6 0.147264 0.278025 0.009693 0.019742
0 0.048462 0.717184 0.031931 0.047290
3 0.866952 0.538854 0.013979 0.016016
0 0.920999 0.550356 0.017298 0.023191
3 0.865956 0.532110 0.017386 0.018991
5 0.018385 0.804189 0.036731 0.240156
0 0.072668 0.707789 0.047677 0.029594
3 0.992343 0.579605 0.014248 0.026740
0 0.058826 0.716031 0.028276 0.037599
6 0.102025 0.307428 0.011308 0.022837
5 0.709886 0.597491 0.058037 0.156814
5 0.016901 0.718833 0.033802 0.097079
2 0.142498 0.677130 0.032646 0.026407
