5 0.777386 0.749588 0.437237 0.498263
5 0.369445 0.748359 0.339346 0.503238
9 0.360730 0.377675 0.379128 0.244229
4 0.334858 0.640638 0.145700 0.188797
6 0.201710 0.346754 0.076683 0.149945
4 0.770178 0.762538 0.324238 0.472627
8 0.689045 0.364035 0.278653 0.205381
6 0.429345 0.133398 0.028687 0.058152
8 0.913899 0.344159 0.170084 0.311746
5 0.617394 0.747696 0.133085 0.497934
6 0.480117 0.091913 0.016638 0.038155
2 0.298054 0.517132 0.060318 0.035025
3 0.788601 0.528560 0.114864 0.057344
6 0.532162 0.074767 0.012522 0.029894
6 0.457390 0.040268 0.008199 0.022767
6 0.392031 0.050337 0.011235 0.022475
6 0.530322 0.060363 0.011786 0.026171
3 0.284747 0.556168 0.022369 0.025032
