9 0.184685 0.253715 0.368873 0.506949
5 0.683092 0.749745 0.629286 0.479726
8 0.685582 0.334666 0.627976 0.348740
8 0.184201 0.630999 0.368401 0.243839
8 0.071139 0.877112 0.142095 0.245776
7 0.605289 0.747045 0.456608 0.448658
4 0.535771 0.463860 0.031497 0.037828
3 0.864561 0.611483 0.120369 0.158180
6 0.323107 0.101082 0.052043 0.087869
6 0.096868 0.114828 0.033679 0.056864
0 0.919210 0.596233 0.161558 0.171631
5 0.532934 0.450633 0.054475 0.087545
0 0.535253 0.420880 0.021504 0.023732
0 0.951125 0.595917 0.096971 0.172459
3 0.534761 0.445128 0.014398 0.014233
5 0.686573 0.960113 0.620818 0.074100
