9 0.199760 0.218993 0.398921 0.437965
8 0.679416 0.143453 0.219248 0.151615
5 0.579469 0.578790 0.065614 0.129589
5 0.586226 0.238406 0.060647 0.147832
5 0.508159 0.580628 0.067108 0.141051
4 0.577144 0.579667 0.030332 0.065211
4 0.586703 0.218650 0.033599 0.054994
4 0.500066 0.559978 0.028817 0.043959
9 0.897580 0.139819 0.146754 0.058423
0 0.562304 0.529560 0.020525 0.026745
2 0.580209 0.172968 0.014153 0.014244
0 0.503134 0.522855 0.019087 0.020472
9 0.939366 0.132943 0.106652 0.055357
2 0.579101 0.180086 0.013277 0.015642
