5 0.853918 0.240159 0.289301 0.478263
5 0.855214 0.710513 0.289090 0.460773
9 0.507503 0.221397 0.167047 0.123562
9 0.641542 0.199466 0.109479 0.103250
7 0.853384 0.695036 0.292536 0.419638
8 0.353304 0.834496 0.704909 0.330740
6 0.183640 0.399522 0.035747 0.068698
6 0.624056 0.381810 0.045630 0.087311
6 0.103607 0.454017 0.043688 0.050741
6 0.247316 0.360452 0.027885 0.054233
6 0.291574 0.338924 0.023399 0.045783
6 0.356053 0.316611 0.019940 0.039696
9 0.357117 0.435026 0.709661 0.088316
5 0.432216 0.937883 0.050940 0.067650
6 0.443342 0.298569 0.015467 0.034375
5 0.856483 0.936337 0.286381 0.127228
6 0.567292 0.336474 0.028073 0.053453
6 0.609930 0.292361 0.018858 0.039748
4 0.433854 0.951988 0.030134 0.040598
6 0.527382 0.290524 0.016319 0.028854
0 0.427819 0.917047 0.018852 0.025081
1 0.768184 0.373101 0.116859 0.211991
6 0.559994 0.299962 0.014764 0.027085
1 0.753742 0.416735 0.087285 0.123951
9 0.663649 0.200326 0.054553 0.087010
6 0.563453 0.318148 0.020888 0.049537
3 0.429378 0.931194 0.016350 0.014681
6 0.439356 0.300267 0.015496 0.031516
