9 0.804147 0.074899 0.391157 0.149565
9 0.804050 0.818891 0.391901 0.360830
9 0.352536 0.792658 0.511121 0.413177
6 0.225950 0.590057 0.037313 0.076923
6 0.392134 0.524381 0.023044 0.048545
6 0.776812 0.519422 0.026612 0.055008
6 0.874224 0.452906 0.017165 0.033889
6 0.526191 0.514702 0.015635 0.035701
6 0.916456 0.425338 0.014898 0.029469
9 0.597830 0.435768 0.020530 0.030595
5 0.083357 0.431811 0.015954 0.060050
6 0.580378 0.464076 0.008355 0.020963
6 0.940998 0.410272 0.009592 0.021893
6 0.627995 0.431458 0.013872 0.031467
6 0.766282 0.400891 0.009746 0.024184
