8 0.726885 0.265217 0.543722 0.528074
5 0.607498 0.769620 0.294476 0.460384
9 0.229017 0.881369 0.458029 0.236143
0 0.542464 0.654083 0.166316 0.208240
3 0.514489 0.826309 0.107490 0.100616
7 0.583578 0.908263 0.252524 0.183173
6 0.319725 0.791387 0.043531 0.084686
6 0.101397 0.783327 0.055179 0.096144
6 0.118398 0.657202 0.015636 0.032175
5 0.740303 0.955562 0.047450 0.088393
8 0.229314 0.265096 0.458627 0.529694
4 0.747276 0.968695 0.029637 0.047045
6 0.396697 0.705203 0.019461 0.042985
6 0.269924 0.676623 0.018323 0.044957
6 0.031428 0.630284 0.013443 0.033162
6 0.145011 0.645371 0.013338 0.038061
5 0.699901 0.950739 0.032564 0.079596
6 0.203084 0.631488 0.010765 0.025533
4 0.698561 0.949013 0.023279 0.039929
6 0.078008 0.624537 0.012257 0.030089
5 0.717301 0.946045 0.023212 0.062217
4 0.688683 0.953256 0.044817 0.092382
6 0.143958 0.635640 0.011328 0.033082
8 0.821057 0.765464 0.357887 0.469072
2 0.740649 0.917983 0.018364 0.016054
6 0.093273 0.606671 0.008863 0.025605
4 0.680512 0.959883 0.023543 0.036655
