8 0.750989 0.178661 0.497682 0.357155
9 0.249691 0.767776 0.499221 0.459874
4 0.156500 0.173301 0.121822 0.169526
5 0.201301 0.188684 0.266854 0.339402
8 0.577496 0.181145 0.153782 0.357788
6 0.228486 0.515877 0.037575 0.074320
5 0.836358 0.252859 0.087089 0.166560
2 0.107604 0.051832 0.050389 0.052281
6 0.061107 0.500117 0.031654 0.067646
6 0.432035 0.540061 0.041912 0.085075
6 0.430280 0.422930 0.013738 0.027870
6 0.165817 0.424853 0.015390 0.037961
6 0.288424 0.422582 0.014969 0.031459
6 0.206560 0.443724 0.013293 0.025034
6 0.405678 0.405882 0.010522 0.030313
4 0.855055 0.232634 0.026346 0.061202
6 0.039219 0.438571 0.016876 0.039506
6 0.356144 0.387435 0.007064 0.019244
6 0.471690 0.393331 0.009488 0.019547
4 0.860874 0.228599 0.021710 0.057480
