9 0.200835 0.691622 0.401136 0.612659
8 0.695728 0.844533 0.589137 0.308772
5 0.539521 0.194551 0.241878 0.388671
5 0.721955 0.195436 0.219168 0.390873
5 0.467013 0.194700 0.134812 0.389401
4 0.714531 0.068356 0.109301 0.135897
4 0.530542 0.059181 0.155381 0.118164
5 0.085678 0.182382 0.170875 0.363589
5 0.778296 0.914710 0.060714 0.168866
5 0.880737 0.194476 0.206917 0.388307
8 0.897836 0.913603 0.204107 0.172793
2 0.781850 0.843300 0.015834 0.016540
4 0.776472 0.876090 0.029558 0.039863
2 0.781463 0.836873 0.017683 0.014172
4 0.861927 0.118752 0.065943 0.237101
4 0.890554 0.155242 0.103456 0.310375
5 0.923814 0.194420 0.147699 0.388841
4 0.935708 0.182802 0.118480 0.362942
9 0.976675 0.831867 0.041939 0.029560
3 0.781672 0.854678 0.013341 0.012772
4 0.030402 0.036813 0.058712 0.072979
9 0.984929 0.822232 0.029181 0.036650
