7 0.227902 0.864981 0.093637 0.166166
7 0.618890 0.416478 0.093356 0.161303
7 0.686524 0.368895 0.064930 0.096553
5 0.606202 0.461404 0.143503 0.379473
7 0.401587 0.914278 0.095520 0.168395
5 0.777023 0.469972 0.209737 0.360758
0 0.332462 0.832724 0.092548 0.098458
7 0.769048 0.424790 0.086872 0.147118
7 0.104582 0.908135 0.094779 0.157829
0 0.046071 0.764453 0.076501 0.084701
0 0.114137 0.780719 0.057456 0.075024
7 0.907011 0.391590 0.056376 0.096136
0 0.641179 0.296198 0.043885 0.045326
5 0.681939 0.411949 0.098290 0.265087
5 0.319829 0.890402 0.220606 0.218775
0 0.227221 0.738212 0.045076 0.046568
5 0.059371 0.854253 0.118743 0.289170
5 0.096729 0.867566 0.153288 0.264601
5 0.898217 0.414274 0.093470 0.225027
0 0.395289 0.764277 0.079153 0.069036
7 0.817652 0.380731 0.045269 0.087294
0 0.554280 0.288038 0.033045 0.032157
5 0.399885 0.862274 0.155287 0.274901
0 0.780824 0.318049 0.044094 0.039675
7 0.553116 0.370316 0.048503 0.106652
5 0.820209 0.399870 0.073286 0.192185
5 0.224875 0.856590 0.152017 0.285346
0 0.694624 0.294467 0.022580 0.024288
7 0.747079 0.372777 0.038938 0.080699
0 0.830030 0.316661 0.022164 0.024627
7 0.577715 0.358922 0.042706 0.073530
7 0.321204 0.947594 0.191497 0.104721
3 0.692360 0.320892 0.014723 0.014524
7 0.048535 0.902735 0.096379 0.158092
3 0.224653 0.779450 0.023882 0.023600
5 0.269727 0.027471 0.301673 0.054908
0 0.909773 0.317407 0.028038 0.026877
0 0.787399 0.290200 0.029774 0.031318
5 0.576643 0.381277 0.058260 0.193217
5 0.554621 0.398029 0.050364 0.250019
0 0.591111 0.297860 0.023557 0.024288
3 0.772541 0.352359 0.019541 0.020760
3 0.073777 0.824117 0.038309 0.036254
5 0.734410 0.394913 0.082030 0.207003
3 0.548401 0.317541 0.018233 0.016973
3 0.582920 0.319832 0.010972 0.012319
5 0.744317 0.363035 0.061376 0.134659
7 0.781776 0.378147 0.049500 0.075370
5 0.644900 0.402741 0.082563 0.261436
3 0.909910 0.341950 0.017003 0.015114
0 0.725545 0.302519 0.023438 0.031590
3 0.062921 0.826277 0.033836 0.034715
7 0.807159 0.350815 0.026866 0.037053
5 0.558178 0.384536 0.035545 0.189047
3 0.649450 0.343796 0.020575 0.022884
3 0.829812 0.339629 0.014864 0.014417
5 0.541140 0.391969 0.026106 0.221335
5 0.582589 0.366687 0.046426 0.117691
