5 0.734565 0.234461 0.530648 0.468764
8 0.234330 0.734496 0.468661 0.529496
4 0.734970 0.280056 0.529585 0.375933
0 0.835858 0.570980 0.082406 0.087514
1 0.819792 0.060443 0.359794 0.120373
2 0.691762 0.899528 0.059154 0.068159
5 0.880214 0.757391 0.198822 0.483937
5 0.045665 0.920246 0.088410 0.159468
5 0.683208 0.928830 0.177467 0.141957
4 0.874233 0.742213 0.108875 0.225337
5 0.315371 0.103596 0.305645 0.206654
4 0.670675 0.973269 0.112006 0.053088
4 0.038015 0.908429 0.051611 0.062307
3 0.833827 0.636666 0.033477 0.036963
3 0.701587 0.950849 0.028337 0.035537
2 0.042623 0.853851 0.030698 0.020737
1 0.702130 0.951433 0.026080 0.035098
