5 0.819302 0.270280 0.359794 0.336589
9 0.778273 0.720279 0.281697 0.558145
5 0.178294 0.184686 0.356588 0.363145
5 0.213143 0.718497 0.420976 0.559613
5 0.420939 0.329475 0.371067 0.218296
2 0.320189 0.049413 0.076818 0.052184
0 0.523834 0.267833 0.117528 0.056583
2 0.820390 0.207701 0.359221 0.171903
9 0.934475 0.718560 0.131038 0.225477
4 0.519346 0.365449 0.143607 0.140786
4 0.152955 0.111736 0.214338 0.143209
1 0.820532 0.375651 0.358936 0.126225
6 0.969199 0.910811 0.060773 0.178048
3 0.479193 0.294791 0.039358 0.029455
6 0.909008 0.916189 0.046713 0.167622
3 0.274699 0.076285 0.038883 0.033280
6 0.983287 0.909372 0.033279 0.181255
