5 0.784417 0.254190 0.430112 0.507699
8 0.286196 0.755510 0.571741 0.487529
5 0.788488 0.753391 0.422134 0.491758
5 0.432319 0.281304 0.273460 0.454992
1 0.874767 0.697837 0.242207 0.269568
4 0.460708 0.217489 0.217670 0.202696
4 0.857487 0.890254 0.284338 0.219070
0 0.423063 0.097516 0.128215 0.064969
1 0.689803 0.306715 0.242505 0.357322
5 0.319426 0.082872 0.384546 0.165468
4 0.784619 0.409581 0.429852 0.200426
2 0.629408 0.116119 0.121049 0.218707
3 0.223367 0.012995 0.052998 0.025708
2 0.178403 0.008907 0.068107 0.017815
4 0.327312 0.020876 0.276959 0.041647
