5 0.794086 0.205696 0.411053 0.408713
5 0.283985 0.664265 0.332052 0.513463
7 0.293281 0.513647 0.161330 0.209762
1 0.920584 0.140037 0.158831 0.208607
5 0.917271 0.463444 0.071301 0.107233
4 0.860294 0.334777 0.278998 0.150908
9 0.046585 0.470423 0.092474 0.117886
4 0.856695 0.437964 0.042578 0.053412
4 0.913870 0.433867 0.047557 0.045265
6 0.665676 0.733964 0.152911 0.496711
5 0.856662 0.455744 0.058406 0.091493
5 0.860210 0.488069 0.057060 0.147067
5 0.400974 0.047037 0.373912 0.093258
5 0.865964 0.518475 0.051044 0.105616
