8 0.809361 0.243871 0.380635 0.486493
5 0.720000 0.798607 0.201813 0.402144
5 0.249448 0.212176 0.323506 0.419977
4 0.221487 0.076370 0.225198 0.152408
7 0.686748 0.763435 0.137887 0.195058
7 0.961219 0.625993 0.051244 0.067668
0 0.645424 0.630996 0.053180 0.050631
8 0.835484 0.108360 0.223400 0.210304
5 0.832833 0.115460 0.045787 0.106682
5 0.756221 0.678652 0.086773 0.180109
7 0.746406 0.649608 0.047409 0.060601
5 0.918467 0.679766 0.084554 0.194313
4 0.918600 0.657577 0.060148 0.085485
0 0.750649 0.602868 0.027114 0.024119
5 0.955731 0.660344 0.080664 0.196044
5 0.716395 0.677675 0.070331 0.180298
0 0.695277 0.611979 0.041118 0.029272
0 0.687527 0.618694 0.038013 0.035423
4 0.835121 0.122623 0.020944 0.037388
5 0.700518 0.648029 0.058446 0.099423
0 0.901520 0.597205 0.040544 0.037539
4 0.841608 0.118377 0.019980 0.043510
0 0.972508 0.574676 0.025386 0.026489
3 0.634383 0.675643 0.029048 0.031013
8 0.982429 0.061541 0.035143 0.122341
0 0.683418 0.626606 0.030758 0.029040
0 0.929270 0.573299 0.025081 0.019202
0 0.923486 0.574951 0.025990 0.021631
2 0.831755 0.068484 0.015161 0.016193
5 0.647148 0.798673 0.057939 0.376723
0 0.951008 0.571769 0.022301 0.021782
4 0.846970 0.115470 0.024488 0.050899
7 0.707354 0.657873 0.028990 0.042610
7 0.704598 0.655268 0.041147 0.058391
7 0.721807 0.653976 0.022746 0.055153
3 0.827353 0.095304 0.013897 0.013509
0 0.673617 0.623604 0.016749 0.026526
