8 0.809219 0.303001 0.381562 0.606002
5 0.754303 0.355203 0.284698 0.487695
5 0.477210 0.147066 0.259060 0.293921
7 0.082941 0.881900 0.163005 0.190315
7 0.375350 0.888410 0.133551 0.179011
5 0.090792 0.855137 0.181583 0.288917
7 0.672083 0.384058 0.123753 0.361839
0 0.108471 0.741412 0.086663 0.051090
4 0.532431 0.047664 0.149210 0.094549
5 0.386514 0.859786 0.188970 0.279841
0 0.672610 0.159078 0.080091 0.085839
0 0.366639 0.756647 0.090536 0.058179
3 0.364414 0.798017 0.035151 0.025317
5 0.029210 0.802900 0.058411 0.183936
5 0.969614 0.128196 0.060597 0.255507
0 0.041289 0.723709 0.036897 0.026651
0 0.051117 0.728617 0.036955 0.030489
7 0.010801 0.767988 0.021601 0.061619
3 0.122509 0.785928 0.036292 0.023044
5 0.041446 0.759225 0.062742 0.094964
5 0.015230 0.803480 0.030434 0.176201
0 0.057995 0.733808 0.029612 0.032205
7 0.982068 0.067450 0.035155 0.122242
0 0.057077 0.739136 0.039238 0.046546
0 0.010203 0.764745 0.019690 0.058449
