5 0.230065 0.738216 0.459866 0.523126
9 0.729437 0.236012 0.539157 0.468223
5 0.699170 0.734594 0.481925 0.529770
5 0.860327 0.734467 0.277232 0.529819
4 0.886036 0.775398 0.227021 0.449035
1 0.389078 0.811299 0.141885 0.286330
1 0.949132 0.510064 0.101736 0.083026
6 0.912225 0.196372 0.059799 0.121476
4 0.630240 0.748323 0.339859 0.503353
2 0.378466 0.609125 0.162927 0.176919
5 0.404835 0.168305 0.110702 0.336381
4 0.226992 0.929715 0.453983 0.140039
6 0.730718 0.024148 0.028987 0.048296
6 0.915843 0.039230 0.019813 0.045883
6 0.975951 0.050517 0.017343 0.030978
6 0.890631 0.007723 0.012828 0.015446
