9 0.215056 0.823456 0.429035 0.351167
8 0.227211 0.219394 0.403446 0.437591
5 0.763566 0.219891 0.470759 0.437857
8 0.722330 0.820758 0.497231 0.357060
1 0.801961 0.289942 0.235343 0.245044
2 0.834714 0.072743 0.240881 0.144653
6 0.162345 0.602226 0.026770 0.059077
8 0.257854 0.044286 0.326290 0.088288
8 0.936492 0.674722 0.126370 0.435320
6 0.080607 0.532433 0.009912 0.024279
6 0.285718 0.581284 0.018208 0.043135
6 0.021456 0.531803 0.009959 0.022532
6 0.129853 0.542960 0.012236 0.033000
6 0.339749 0.567758 0.014386 0.034929
6 0.182241 0.542634 0.009555 0.024362
5 0.660793 0.749025 0.038530 0.062316
6 0.372238 0.561972 0.010548 0.022373
6 0.131332 0.536895 0.011135 0.029874
5 0.649671 0.750738 0.031417 0.060042
