8 0.204200 0.179842 0.408017 0.358475
5 0.209315 0.680185 0.403676 0.636443
8 0.640799 0.179177 0.311765 0.358354
8 0.701666 0.193217 0.090613 0.137117
7 0.213012 0.701419 0.391258 0.597161
9 0.606631 0.902778 0.394101 0.193819
8 0.469403 0.218459 0.079436 0.130558
6 0.680904 0.764978 0.026343 0.058542
6 0.851738 0.760968 0.023069 0.044716
6 0.572666 0.695356 0.016088 0.037242
6 0.644162 0.670705 0.010571 0.024642
6 0.896300 0.739177 0.015669 0.037471
6 0.520119 0.671307 0.012048 0.026115
5 0.495370 0.611513 0.011648 0.035898
6 0.736399 0.695187 0.013737 0.029779
6 0.807797 0.697408 0.013020 0.028518
6 0.545514 0.648113 0.006907 0.017963
6 0.669484 0.655510 0.006550 0.017573
6 0.461633 0.656448 0.011270 0.021494
6 0.571374 0.663406 0.008198 0.020797
6 0.572259 0.669032 0.011015 0.025006
6 0.415883 0.670161 0.010185 0.029625
