5 0.829210 0.278599 0.340928 0.556494
8 0.330163 0.779890 0.660326 0.440048
8 0.802524 0.779758 0.287833 0.440149
8 0.171282 0.780271 0.342339 0.437919
8 0.220264 0.282373 0.438882 0.563102
8 0.279737 0.394104 0.539014 0.331100
1 0.830146 0.221646 0.339493 0.343137
4 0.828441 0.427129 0.341627 0.265155
5 0.438574 0.772791 0.128281 0.271118
4 0.441898 0.746556 0.082069 0.095929
5 0.688139 0.698264 0.059479 0.194798
4 0.681249 0.667773 0.041920 0.062924
2 0.829655 0.042349 0.340689 0.084672
3 0.434482 0.694177 0.023823 0.025646
2 0.433335 0.652324 0.025353 0.025642
8 0.627745 0.967035 0.060035 0.065929
3 0.433496 0.687849 0.021274 0.022457
3 0.670547 0.629366 0.017824 0.023184
2 0.674910 0.601537 0.028280 0.026925
