8 0.275539 0.708802 0.547901 0.580239
5 0.762690 0.609057 0.423018 0.378944
2 0.731797 0.241556 0.132631 0.141217
8 0.352771 0.339201 0.391167 0.158927
5 0.773808 0.286005 0.404981 0.264152
2 0.600072 0.263658 0.099369 0.146932
5 0.317993 0.640305 0.093818 0.176933
5 0.686083 0.172095 0.109405 0.180749
2 0.691918 0.116402 0.088256 0.062947
4 0.741175 0.469473 0.383380 0.104046
5 0.671514 0.289193 0.243553 0.259932
8 0.059751 0.708409 0.118765 0.577379
1 0.754767 0.391437 0.113230 0.052427
5 0.924162 0.210775 0.150478 0.416228
3 0.660170 0.215831 0.037312 0.047838
4 0.967011 0.305269 0.065296 0.226375
4 0.338370 0.620779 0.024731 0.062457
8 0.439259 0.031423 0.211286 0.062605
