8 0.268461 0.295515 0.535476 0.590584
5 0.764191 0.302377 0.469794 0.568406
9 0.508678 0.754228 0.041863 0.048960
8 0.037506 0.135558 0.075008 0.138378
2 0.848923 0.188033 0.300950 0.262441
8 0.200929 0.902906 0.111734 0.133369
1 0.879223 0.432897 0.240093 0.310529
9 0.304293 0.731223 0.042805 0.045616
9 0.428390 0.754527 0.054657 0.042001
8 0.356795 0.118015 0.122093 0.097408
9 0.401491 0.752123 0.039407 0.044667
9 0.420815 0.726806 0.035510 0.031975
9 0.068838 0.697154 0.062523 0.067943
4 0.187518 0.185967 0.030460 0.052920
9 0.129062 0.683571 0.048050 0.067150
5 0.193178 0.179399 0.048283 0.100662
9 0.147379 0.676794 0.048843 0.055865
9 0.104266 0.689238 0.060392 0.064601
9 0.263671 0.641951 0.036503 0.034084
2 0.179316 0.139654 0.016701 0.019253
9 0.287907 0.633689 0.029474 0.026406
9 0.159515 0.674253 0.030964 0.042213
9 0.195907 0.628031 0.026551 0.029419
8 0.507096 0.167864 0.045022 0.282349
9 0.264467 0.654060 0.050114 0.054362
9 0.409551 0.744447 0.040941 0.039203
9 0.248670 0.640414 0.020392 0.023691
9 0.281790 0.635678 0.027688 0.026480
