5 0.750874 0.808647 0.497814 0.379075
5 0.250478 0.808977 0.498482 0.380476
5 0.720468 0.310658 0.443906 0.618815
4 0.749418 0.866580 0.499375 0.266339
3 0.200179 0.792113 0.193389 0.153468
4 0.600399 0.465471 0.200747 0.306420
1 0.746250 0.698270 0.491353 0.160885
5 0.880215 0.310985 0.239155 0.618805
8 0.397998 0.528271 0.199128 0.171405
4 0.211544 0.925369 0.422824 0.148863
4 0.925338 0.516230 0.149303 0.205374
1 0.537187 0.178986 0.073951 0.207675
5 0.262603 0.573652 0.026690 0.067155
2 0.586482 0.044934 0.172952 0.089569
8 0.035126 0.272830 0.069731 0.160757
0 0.268893 0.544131 0.013215 0.015293
0 0.588820 0.049323 0.177589 0.098082
