8 0.755721 0.235408 0.488538 0.469153
8 0.765433 0.734786 0.468038 0.528805
8 0.255932 0.236093 0.511822 0.466039
5 0.248405 0.734198 0.495443 0.530157
8 0.160004 0.368872 0.320007 0.200893
5 0.908662 0.673384 0.067603 0.088952
5 0.661579 0.710129 0.076937 0.075041
7 0.694679 0.295503 0.030252 0.051886
7 0.908363 0.686319 0.055083 0.061624
5 0.711037 0.331376 0.077616 0.213248
5 0.438185 0.281646 0.058394 0.105939
7 0.663472 0.718960 0.045550 0.048847
4 0.440826 0.292317 0.032319 0.053922
4 0.201975 0.534719 0.158709 0.131739
4 0.148678 0.538735 0.282267 0.140094
5 0.767684 0.482463 0.045569 0.028588
3 0.099802 0.515938 0.085829 0.088454
