8 0.331214 0.204055 0.656584 0.406310
5 0.917326 0.701631 0.163901 0.587390
0 0.920341 0.470806 0.089242 0.121211
7 0.912574 0.569854 0.149983 0.294030
9 0.052612 0.858837 0.105124 0.266390
8 0.202902 0.297097 0.229600 0.218178
5 0.620744 0.569777 0.046386 0.080136
5 0.184434 0.712723 0.045511 0.110767
8 0.037234 0.285938 0.074326 0.122179
7 0.180458 0.697005 0.024981 0.039947
8 0.146036 0.936084 0.283085 0.127604
5 0.219782 0.301925 0.048870 0.101736
6 0.837785 0.033704 0.163089 0.067408
0 0.617850 0.558053 0.022678 0.035793
4 0.207277 0.309848 0.019800 0.042165
4 0.213879 0.311545 0.024973 0.034485
0 0.173370 0.666154 0.012302 0.013001
2 0.205244 0.259597 0.013118 0.016955
0 0.179329 0.666728 0.011543 0.012515
5 0.223975 0.300426 0.064168 0.155642
