5 0.307494 0.819180 0.614841 0.359514
5 0.707745 0.911325 0.159544 0.177350
8 0.301538 0.302675 0.602400 0.602550
8 0.499119 0.360924 0.241100 0.314003
0 0.937317 0.845440 0.065464 0.072136
5 0.936322 0.902832 0.126706 0.194234
4 0.799855 0.965600 0.088251 0.068645
0 0.703503 0.858958 0.059748 0.063173
0 0.787617 0.870308 0.049806 0.049308
0 0.876563 0.871505 0.048442 0.046309
4 0.703428 0.967079 0.097517 0.065242
4 0.942158 0.959473 0.092850 0.081053
5 0.890487 0.924376 0.116837 0.151162
4 0.873789 0.964379 0.063048 0.071071
5 0.810842 0.921351 0.151102 0.157250
3 0.790846 0.915650 0.028290 0.025661
3 0.704727 0.909181 0.029654 0.026966
5 0.661673 0.350119 0.084349 0.572847
3 0.921337 0.896526 0.039960 0.031209
5 0.656808 0.462911 0.073507 0.350459
0 0.646750 0.041860 0.052851 0.083631
3 0.892022 0.906987 0.033213 0.027458
0 0.629512 0.898927 0.021102 0.061532
3 0.632545 0.047570 0.023259 0.068258
5 0.254286 0.103532 0.026718 0.068095
