8 0.256000 0.290541 0.512001 0.575943
8 0.755193 0.281801 0.488741 0.560612
0 0.115457 0.675726 0.079786 0.081649
4 0.460666 0.781877 0.085383 0.130591
5 0.445900 0.767205 0.128149 0.284031
7 0.127578 0.887485 0.142465 0.223171
5 0.318190 0.872972 0.102507 0.254056
5 0.129803 0.815261 0.200298 0.368328
7 0.329293 0.898690 0.067999 0.149599
2 0.472277 0.656737 0.072980 0.056166
1 0.099115 0.759591 0.037544 0.057013
0 0.347724 0.768557 0.043861 0.049667
1 0.477442 0.715120 0.038398 0.031981
1 0.357103 0.815427 0.020306 0.033755
1 0.363968 0.817296 0.013789 0.035308
1 0.349524 0.815789 0.028183 0.036691
5 0.354309 0.858586 0.034868 0.228638
1 0.486040 0.710556 0.043390 0.031332
