8 0.814884 0.818482 0.370214 0.362158
5 0.814126 0.321310 0.371385 0.637146
5 0.226663 0.819847 0.452783 0.359770
7 0.805954 0.429944 0.360525 0.420676
0 0.126749 0.749131 0.251906 0.218623
8 0.423644 0.433360 0.243409 0.187817
0 0.776392 0.099865 0.237706 0.199179
3 0.713364 0.231631 0.075696 0.152814
7 0.274847 0.471430 0.025856 0.045413
5 0.273405 0.467112 0.032602 0.068208
5 0.541362 0.818974 0.176834 0.361436
8 0.055206 0.085738 0.109566 0.170675
3 0.048363 0.900842 0.095940 0.193909
8 0.568254 0.568878 0.124216 0.138987
0 0.280830 0.439699 0.013470 0.015166
