8 0.713924 0.822883 0.571840 0.353636
8 0.211599 0.267773 0.417225 0.524648
5 0.724160 0.321204 0.400857 0.416428
5 0.254859 0.764382 0.346836 0.471237
0 0.778345 0.139468 0.131684 0.055648
5 0.538495 0.120513 0.219418 0.240951
4 0.814318 0.281590 0.159085 0.204962
4 0.335090 0.901155 0.188175 0.197213
1 0.282791 0.718922 0.083054 0.170337
2 0.343380 0.568950 0.170832 0.079925
3 0.566294 0.018372 0.054362 0.034432
3 0.731156 0.181978 0.030453 0.031578
4 0.489049 0.026177 0.116129 0.052347
4 0.488321 0.015625 0.115676 0.030687
