5 0.632414 0.219242 0.686009 0.420907
8 0.178402 0.848700 0.201152 0.301830
1 0.545365 0.294656 0.201177 0.270523
8 0.735706 0.700792 0.344696 0.316636
8 0.232023 0.076182 0.093988 0.151768
4 0.647320 0.374438 0.408746 0.112074
0 0.409338 0.197876 0.148938 0.261962
8 0.651287 0.745489 0.694222 0.508475
8 0.185629 0.231152 0.187394 0.394320
5 0.438096 0.627741 0.038912 0.083764
8 0.098504 0.722243 0.196221 0.554892
4 0.432452 0.635821 0.020812 0.046668
8 0.146386 0.077166 0.260523 0.154128
2 0.429191 0.593022 0.013149 0.015475
5 0.024973 0.745813 0.024843 0.046499
