8 0.778396 0.869639 0.441260 0.260446
8 0.200243 0.388292 0.400110 0.658693
8 0.529037 0.906868 0.256760 0.185561
8 0.661178 0.574683 0.309589 0.228658
5 0.198108 0.921868 0.395973 0.155814
9 0.558080 0.336476 0.052061 0.047737
2 0.189167 0.928619 0.377375 0.142762
9 0.440795 0.370159 0.054053 0.049780
9 0.694545 0.297269 0.048503 0.045472
9 0.892827 0.224166 0.039655 0.035853
9 0.880789 0.121966 0.033856 0.026176
5 0.779367 0.911127 0.039890 0.058876
4 0.381967 0.190886 0.022558 0.041568
9 0.801374 0.266321 0.042229 0.040064
5 0.379709 0.182104 0.033431 0.076906
9 0.920717 0.118613 0.023245 0.019291
9 0.776584 0.244913 0.031060 0.026706
9 0.772317 0.272577 0.046604 0.038346
8 0.921181 0.953155 0.157356 0.093689
9 0.774769 0.260552 0.037429 0.027170
7 0.775068 0.906492 0.024968 0.031325
