5 0.819998 0.681554 0.359228 0.627370
8 0.472554 0.166685 0.331441 0.332607
2 0.820754 0.463408 0.357470 0.188695
5 0.266836 0.684388 0.524309 0.628238
4 0.819096 0.894662 0.361232 0.209357
1 0.842415 0.722161 0.313878 0.346678
7 0.952715 0.299402 0.094530 0.140563
1 0.362581 0.758034 0.554105 0.483656
2 0.320152 0.484674 0.611061 0.232098
0 0.901418 0.202303 0.034389 0.062186
7 0.926571 0.304265 0.073920 0.127769
5 0.931688 0.212387 0.133422 0.311055
3 0.144680 0.921436 0.189940 0.157062
0 0.969996 0.149376 0.059166 0.128085
3 0.954504 0.200970 0.033560 0.071388
2 0.047614 0.575782 0.095135 0.325706
3 0.962164 0.203640 0.036020 0.073849
4 0.324050 0.937656 0.632415 0.124688
