8 0.372226 0.250037 0.741960 0.497242
8 0.589771 0.191743 0.339878 0.382619
7 0.812852 0.941595 0.099192 0.116412
8 0.370302 0.867434 0.740604 0.263647
7 0.885209 0.937475 0.091635 0.125051
0 0.978472 0.771109 0.035854 0.038752
0 0.938160 0.809536 0.038977 0.042434
0 0.805044 0.789456 0.040298 0.039410
0 0.790695 0.835820 0.043999 0.042717
0 0.873025 0.834452 0.036951 0.036187
0 0.894528 0.781902 0.040042 0.037102
5 0.895587 0.904420 0.131983 0.190506
5 0.974176 0.872704 0.051487 0.251251
5 0.939597 0.884243 0.104402 0.228443
7 0.835832 0.873985 0.052079 0.071897
7 0.955068 0.915915 0.088991 0.165634
5 0.842367 0.897835 0.139987 0.203173
5 0.041806 0.104722 0.057073 0.090386
3 0.945055 0.847540 0.021652 0.018842
3 0.799572 0.876414 0.024773 0.022107
3 0.812609 0.824803 0.023025 0.024276
3 0.902670 0.823287 0.026524 0.023944
3 0.987354 0.810358 0.022747 0.024220
7 0.911120 0.869848 0.046217 0.061244
3 0.879234 0.870828 0.020638 0.019147
7 0.979682 0.883974 0.040634 0.131852
4 0.040197 0.114950 0.037823 0.054344
5 0.910052 0.878536 0.085877 0.236962
7 0.811983 0.863991 0.062627 0.056120
9 0.879476 0.251361 0.239080 0.501743
