5 0.677092 0.834431 0.640387 0.330254
8 0.179129 0.335663 0.357637 0.662770
8 0.520577 0.544237 0.188510 0.248074
8 0.676857 0.263603 0.474844 0.470457
9 0.422538 0.173123 0.086055 0.073557
5 0.259787 0.747852 0.193300 0.157080
9 0.956065 0.110865 0.087817 0.117802
9 0.757475 0.168849 0.087329 0.070301
9 0.797915 0.163439 0.071081 0.060664
9 0.501630 0.156119 0.089531 0.054747
8 0.782605 0.259588 0.063459 0.105801
9 0.369078 0.172356 0.027420 0.067307
5 0.501921 0.556125 0.022291 0.034055
9 0.367534 0.153069 0.023004 0.064208
5 0.993058 0.201104 0.013885 0.107456
