5 0.164868 0.728074 0.329338 0.543598
8 0.731294 0.708551 0.528206 0.582847
1 0.164947 0.711050 0.329419 0.332398
7 0.633027 0.100477 0.146288 0.199090
5 0.630150 0.210547 0.157853 0.419063
8 0.410738 0.485783 0.153973 0.134686
5 0.915225 0.502112 0.036854 0.131197
5 0.907273 0.702023 0.042565 0.126661
5 0.780880 0.885478 0.030742 0.061457
4 0.908213 0.686313 0.023585 0.038937
5 0.987727 0.894038 0.023993 0.192075
7 0.915764 0.483146 0.019623 0.040008
0 0.917371 0.444588 0.011582 0.015610
2 0.160379 0.520615 0.318637 0.095038
4 0.165667 0.935927 0.327574 0.127223
7 0.992441 0.850154 0.014848 0.058564
0 0.159521 0.519451 0.317769 0.088358
4 0.911444 0.674581 0.023145 0.042913
0 0.909727 0.654454 0.012155 0.014084
7 0.781244 0.888231 0.020004 0.030793
