5 0.720203 0.225585 0.559498 0.451048
8 0.222567 0.225040 0.435348 0.449601
4 0.828231 0.865952 0.037076 0.049564
5 0.963305 0.877600 0.073141 0.229047
1 0.826727 0.301502 0.346453 0.300613
0 0.316641 0.948510 0.195464 0.102980
5 0.849822 0.899818 0.115255 0.200037
0 0.409642 0.780488 0.060490 0.182352
0 0.977952 0.777944 0.021250 0.022461
0 0.819351 0.820400 0.023751 0.028204
4 0.985327 0.828501 0.028431 0.062360
2 0.802282 0.061941 0.388572 0.123749
5 0.285972 0.943809 0.310389 0.112160
5 0.378922 0.839252 0.123155 0.320444
