8 0.209390 0.791987 0.418781 0.416025
8 0.818842 0.789734 0.362036 0.420532
8 0.209127 0.415478 0.417945 0.327974
0 0.506160 0.236448 0.169076 0.200372
5 0.573402 0.349931 0.310733 0.460321
0 0.886523 0.227130 0.226785 0.367870
0 0.766828 0.291472 0.157343 0.199700
3 0.511535 0.421868 0.106341 0.139822
5 0.862364 0.309522 0.274798 0.542702
5 0.774996 0.379625 0.336459 0.399645
3 0.776460 0.488897 0.095752 0.123492
8 0.176225 0.940201 0.339006 0.118687
4 0.535795 0.520806 0.231764 0.117041
3 0.860011 0.487669 0.062763 0.173180
