8 0.230092 0.784171 0.457942 0.430740
8 0.222382 0.285474 0.443205 0.569850
3 0.947130 0.439490 0.105740 0.167052
0 0.774754 0.185685 0.168036 0.183343
5 0.706063 0.328008 0.334037 0.482434
5 0.898115 0.285486 0.203730 0.565961
5 0.549307 0.348645 0.179800 0.441513
4 0.523018 0.470079 0.127285 0.196762
4 0.714028 0.489876 0.268114 0.156541
3 0.737800 0.345609 0.098520 0.092076
0 0.500453 0.195577 0.081579 0.126039
3 0.487999 0.333498 0.060097 0.085433
0 0.925882 0.123734 0.147991 0.245601
8 0.760830 0.694773 0.431983 0.248897
8 0.965201 0.877744 0.069227 0.202769
5 0.848427 0.707442 0.027440 0.049983
