0 0.286252 0.826022 0.415004 0.346110
9 0.292571 0.825452 0.568779 0.348900
9 0.788049 0.825955 0.423901 0.347240
8 0.247367 0.325990 0.492868 0.651187
5 0.802484 0.327722 0.394395 0.650789
4 0.087884 0.816131 0.171118 0.330623
4 0.267809 0.849258 0.284758 0.300794
4 0.752150 0.935239 0.298488 0.128916
0 0.775543 0.825078 0.390021 0.349441
3 0.892408 0.335776 0.214321 0.226209
7 0.110939 0.401847 0.054692 0.059122
4 0.617479 0.854346 0.077947 0.288753
0 0.839405 0.697963 0.164526 0.096568
0 0.831269 0.214319 0.331238 0.426542
5 0.111776 0.389598 0.067970 0.083188
5 0.120781 0.824502 0.241212 0.347582
5 0.353427 0.423538 0.073942 0.076984
0 0.654768 0.825414 0.152923 0.348975
7 0.822320 0.582671 0.355359 0.136114
5 0.049370 0.823039 0.098739 0.343283
7 0.350031 0.431204 0.046964 0.048877
0 0.496724 0.825780 0.162512 0.348307
5 0.655259 0.812997 0.148096 0.319103
4 0.195682 0.695679 0.050391 0.092973
0 0.567803 0.825689 0.244226 0.348622
4 0.673490 0.846272 0.037584 0.105456
3 0.684406 0.733522 0.040999 0.062487
4 0.030549 0.772525 0.061092 0.243703
5 0.196332 0.699698 0.071526 0.100065
4 0.052486 0.689989 0.055881 0.075556
5 0.652571 0.794761 0.103629 0.233053
4 0.551225 0.845935 0.057786 0.308130
3 0.266547 0.674310 0.064879 0.041198
