5 0.814180 0.189744 0.371120 0.379380
4 0.814202 0.222845 0.371158 0.313829
8 0.121324 0.309417 0.242298 0.142187
8 0.518044 0.557584 0.220329 0.352487
8 0.086937 0.467232 0.173459 0.178459
8 0.285717 0.094941 0.162143 0.176112
5 0.789105 0.738492 0.317086 0.522539
0 0.825468 0.559968 0.136357 0.138963
7 0.768206 0.831386 0.266746 0.337228
8 0.347712 0.631576 0.385136 0.453867
1 0.875781 0.121715 0.248100 0.241888
9 0.666664 0.797539 0.076294 0.399398
9 0.917742 0.790041 0.164271 0.418973
3 0.834020 0.680305 0.052779 0.101782
6 0.893993 0.933780 0.036143 0.044478
