8 0.249549 0.244582 0.497485 0.488446
0 0.685866 0.157902 0.082136 0.097885
8 0.650921 0.636714 0.300032 0.295008
4 0.548164 0.329666 0.094341 0.256253
8 0.894483 0.690881 0.210026 0.405487
5 0.569822 0.271501 0.141361 0.434771
4 0.680677 0.370664 0.134754 0.234273
0 0.556229 0.112464 0.079449 0.101850
5 0.674629 0.294742 0.233297 0.383057
5 0.865709 0.267158 0.267978 0.438568
4 0.913080 0.357149 0.173840 0.262702
0 0.881962 0.149470 0.155460 0.201440
5 0.232229 0.901328 0.054660 0.184353
3 0.805042 0.272062 0.046867 0.051834
3 0.682566 0.244373 0.043674 0.045962
9 0.437855 0.889649 0.033482 0.028940
2 0.797955 0.167881 0.067868 0.078624
9 0.160101 0.831538 0.032052 0.029227
9 0.374276 0.856778 0.027265 0.026584
9 0.399649 0.872946 0.030058 0.025804
3 0.548760 0.195212 0.042940 0.038568
4 0.233949 0.859139 0.028223 0.054404
5 0.096002 0.910424 0.062959 0.143541
0 0.098949 0.852073 0.017153 0.025637
5 0.778498 0.306715 0.190238 0.360303
3 0.870159 0.274307 0.052896 0.060805
8 0.135389 0.814064 0.027348 0.031146
4 0.805016 0.390349 0.080281 0.192780
0 0.239522 0.816980 0.017142 0.018177
9 0.378467 0.863048 0.023169 0.019052
