0 0.118240 0.779203 0.095543 0.115424
8 0.296513 0.344445 0.182344 0.450540
8 0.308570 0.107657 0.158409 0.214830
0 0.679550 0.743471 0.131116 0.128800
5 0.124590 0.856513 0.239999 0.286892
3 0.704344 0.866754 0.060589 0.078672
9 0.835192 0.867248 0.329045 0.264823
3 0.124672 0.918540 0.059577 0.055181
7 0.652984 0.930815 0.295523 0.137411
0 0.372850 0.682176 0.032935 0.113876
5 0.691952 0.836979 0.387935 0.325900
5 0.304684 0.814272 0.164554 0.371150
7 0.339254 0.912740 0.100085 0.174496
4 0.119304 0.970354 0.140373 0.059290
9 0.446545 0.924304 0.115193 0.151392
8 0.506053 0.018111 0.034394 0.035614
