5 0.788889 0.230767 0.422119 0.457467
5 0.789635 0.783224 0.419991 0.431882
8 0.302857 0.230981 0.554710 0.460194
5 0.167446 0.638892 0.261671 0.355735
2 0.214610 0.490604 0.095547 0.052377
3 0.811403 0.274902 0.134061 0.141961
6 0.652836 0.230050 0.143743 0.457699
9 0.051286 0.373680 0.102030 0.170121
4 0.184851 0.569736 0.169478 0.130541
4 0.820875 0.391429 0.292015 0.134427
2 0.705971 0.681141 0.253133 0.187023
2 0.829635 0.025225 0.163736 0.050451
1 0.700084 0.891673 0.240312 0.213680
3 0.201844 0.538595 0.061468 0.027375
5 0.472924 0.974436 0.105114 0.051129
