8 0.299070 0.214933 0.597480 0.429040
8 0.800438 0.232541 0.398491 0.393831
8 0.297413 0.673273 0.593531 0.490755
8 0.494112 0.579063 0.210465 0.300584
7 0.958985 0.683660 0.081867 0.283753
7 0.843785 0.656116 0.059964 0.175164
5 0.912030 0.715535 0.175120 0.568451
0 0.963732 0.470950 0.055949 0.077665
5 0.972426 0.153464 0.054626 0.106368
0 0.856525 0.513900 0.028605 0.042564
5 0.833028 0.717707 0.097023 0.560087
5 0.277307 0.114060 0.045523 0.127440
9 0.959470 0.717973 0.081061 0.196535
5 0.178670 0.447756 0.038206 0.038518
7 0.984393 0.166106 0.031166 0.057537
7 0.275584 0.096201 0.029136 0.043976
