5 0.726611 0.447301 0.542290 0.341840
4 0.891266 0.537246 0.217469 0.162112
5 0.875247 0.435015 0.248908 0.369472
8 0.312025 0.473911 0.291388 0.292655
8 0.164464 0.502486 0.328841 0.233639
3 0.661663 0.423544 0.123820 0.122292
3 0.529691 0.696058 0.143265 0.131962
4 0.689553 0.530210 0.335071 0.175347
2 0.814097 0.334190 0.109786 0.074062
2 0.665185 0.335272 0.099892 0.050384
3 0.844443 0.443352 0.096625 0.092599
5 0.664973 0.809472 0.412439 0.380962
4 0.616683 0.839031 0.300528 0.321451
8 0.082413 0.982337 0.164826 0.035326
