8 0.260290 0.274919 0.520015 0.547622
5 0.284806 0.776292 0.429836 0.447416
5 0.139151 0.775487 0.278302 0.448923
4 0.292284 0.721366 0.331757 0.314008
5 0.686845 0.405545 0.330577 0.264983
4 0.810409 0.487492 0.152672 0.122155
0 0.744473 0.325047 0.087156 0.064720
0 0.855852 0.341487 0.139020 0.116386
5 0.416539 0.776186 0.203003 0.447628
4 0.747539 0.605086 0.086639 0.111278
4 0.121605 0.676770 0.205846 0.242869
4 0.451269 0.653760 0.129927 0.166343
3 0.775346 0.367647 0.040015 0.048073
3 0.735028 0.388912 0.053200 0.033624
5 0.743211 0.742139 0.115034 0.386864
5 0.217679 0.175514 0.039130 0.141846
5 0.037077 0.736141 0.074154 0.367900
5 0.021601 0.719204 0.043201 0.359512
3 0.747126 0.382249 0.061900 0.036131
2 0.458698 0.565600 0.091161 0.029175
