5 0.734312 0.810265 0.530192 0.378110
5 0.235630 0.828622 0.470679 0.342559
8 0.729908 0.303826 0.521781 0.427737
8 0.234954 0.255279 0.467789 0.508637
1 0.310043 0.850586 0.179054 0.103446
1 0.702434 0.925165 0.458523 0.148742
2 0.249392 0.724978 0.267708 0.103427
2 0.161807 0.645309 0.137029 0.077181
1 0.130073 0.733499 0.087135 0.071553
5 0.404897 0.802320 0.133500 0.392919
2 0.684992 0.698996 0.415696 0.119771
5 0.052264 0.748030 0.104528 0.279744
5 0.136336 0.682173 0.167846 0.158763
5 0.507161 0.212214 0.016486 0.042709
2 0.047067 0.648600 0.093121 0.081254
1 0.050355 0.785100 0.076342 0.080685
5 0.049618 0.666037 0.099165 0.116676
1 0.063782 0.790518 0.070298 0.068946
4 0.218461 0.946726 0.336370 0.106320
2 0.288082 0.643217 0.143897 0.066236
5 0.155832 0.653485 0.138124 0.092045
5 0.030675 0.774135 0.061349 0.322993
1 0.060470 0.773824 0.046078 0.061044
