8 0.227508 0.234743 0.449119 0.469350
8 0.718777 0.235271 0.536053 0.468404
5 0.226039 0.735638 0.349079 0.527823
7 0.150629 0.665980 0.300628 0.308364
8 0.712883 0.732076 0.431728 0.527414
7 0.306124 0.633865 0.170009 0.261714
0 0.199662 0.514371 0.134246 0.089916
5 0.477796 0.269027 0.048597 0.124175
5 0.621805 0.444651 0.039175 0.047255
5 0.460488 0.068487 0.021780 0.123772
0 0.054323 0.526142 0.107926 0.092380
4 0.476984 0.252974 0.023726 0.042005
0 0.470558 0.215386 0.013600 0.015449
5 0.058752 0.731157 0.117505 0.529777
0 0.040674 0.487738 0.079419 0.042700
5 0.530744 0.034773 0.056661 0.069540
7 0.623603 0.446774 0.031277 0.039652
0 0.041009 0.504688 0.081934 0.073198
