9 0.366807 0.575606 0.184126 0.209292
5 0.810631 0.214944 0.375318 0.428677
2 0.648404 0.083763 0.218930 0.163922
5 0.745105 0.714502 0.460685 0.570996
2 0.858774 0.111326 0.282400 0.221990
4 0.698460 0.638069 0.341838 0.305855
9 0.564944 0.174370 0.182135 0.317689
4 0.765171 0.300036 0.334809 0.257597
3 0.716516 0.192154 0.108003 0.112735
5 0.568473 0.167496 0.187421 0.332820
2 0.835664 0.475489 0.142572 0.087984
3 0.935590 0.334319 0.128689 0.193876
5 0.542067 0.236618 0.167092 0.385556
5 0.083455 0.639514 0.066656 0.173328
4 0.559325 0.071575 0.084059 0.143150
8 0.172650 0.107419 0.344600 0.214602
4 0.750580 0.035005 0.089526 0.068550
5 0.750546 0.054216 0.119747 0.107956
4 0.086065 0.617084 0.036660 0.058498
4 0.509394 0.041093 0.083884 0.081969
0 0.078783 0.573509 0.023828 0.034819
4 0.081380 0.603689 0.036322 0.049068
