8 0.209244 0.292321 0.418359 0.575357
8 0.693660 0.294555 0.548481 0.573819
8 0.709531 0.671203 0.576547 0.181732
5 0.624564 0.881731 0.163546 0.236538
7 0.604937 0.858907 0.093044 0.095352
8 0.692086 0.048362 0.182046 0.096605
7 0.521601 0.869337 0.115341 0.118130
5 0.537934 0.881715 0.210770 0.236333
0 0.558779 0.794114 0.070415 0.040677
0 0.613044 0.786136 0.053934 0.033487
5 0.765893 0.143188 0.033787 0.071315
5 0.579323 0.682900 0.025518 0.034820
5 0.579169 0.673996 0.031561 0.049783
5 0.581178 0.662981 0.021254 0.023783
3 0.566007 0.819899 0.031684 0.020269
