8 0.254489 0.259200 0.508067 0.517444
8 0.259473 0.759446 0.514419 0.480260
5 0.869359 0.830587 0.260567 0.336698
8 0.355694 0.887003 0.196675 0.224821
9 0.054779 0.905288 0.109483 0.107180
7 0.865118 0.811602 0.174865 0.235470
8 0.722040 0.258314 0.425713 0.513270
5 0.175607 0.858134 0.028248 0.084763
0 0.970324 0.739450 0.058151 0.143434
9 0.461325 0.718889 0.052695 0.068574
3 0.959285 0.797658 0.025515 0.037794
7 0.174359 0.846434 0.016373 0.026286
0 0.176874 0.831193 0.014930 0.025965
0 0.177162 0.825216 0.013252 0.018122
