8 0.875305 0.185902 0.248934 0.345830
8 0.374458 0.179897 0.742982 0.358810
8 0.567962 0.481191 0.364430 0.240602
8 0.218260 0.654633 0.436521 0.587825
8 0.595828 0.180188 0.309021 0.359629
5 0.145293 0.688894 0.077437 0.128270
8 0.919098 0.598437 0.161414 0.477968
7 0.159149 0.681568 0.032904 0.052972
5 0.136483 0.446749 0.029726 0.063343
5 0.321962 0.275241 0.076699 0.098621
5 0.336627 0.287128 0.107606 0.127975
2 0.153058 0.633734 0.017433 0.016853
5 0.603996 0.467695 0.026778 0.045761
5 0.133386 0.444372 0.021939 0.046935
7 0.134719 0.450292 0.022084 0.039742
