8 0.215264 0.291250 0.427375 0.581119
8 0.215511 0.770239 0.430635 0.382943
8 0.127785 0.377326 0.255026 0.403095
5 0.775797 0.787694 0.448407 0.421790
4 0.741731 0.297107 0.138308 0.192577
5 0.701094 0.347437 0.338547 0.464768
4 0.663059 0.707573 0.157477 0.225998
2 0.784297 0.159650 0.056783 0.061143
2 0.791843 0.620397 0.131201 0.082380
5 0.653849 0.786574 0.303308 0.416453
5 0.506472 0.789000 0.154637 0.421190
4 0.833607 0.812806 0.332070 0.364046
5 0.361265 0.187687 0.060759 0.104869
3 0.688082 0.647699 0.071542 0.047067
5 0.901509 0.629522 0.196719 0.102809
2 0.690502 0.592624 0.130189 0.026668
4 0.368287 0.196867 0.035477 0.057731
8 0.378425 0.770901 0.103615 0.384155
2 0.887809 0.597492 0.111125 0.034877
