8 0.164672 0.155763 0.329344 0.311511
5 0.798597 0.714201 0.399665 0.570658
2 0.394572 0.708220 0.128858 0.134382
1 0.390394 0.887297 0.115385 0.123848
5 0.458104 0.808858 0.255236 0.382222
2 0.685762 0.496354 0.149503 0.135147
2 0.550218 0.713919 0.167848 0.147192
4 0.262265 0.631870 0.084428 0.179610
2 0.426244 0.589931 0.078140 0.058429
4 0.789541 0.810740 0.298672 0.375021
5 0.264413 0.716065 0.121562 0.563138
5 0.433341 0.641016 0.111361 0.175582
0 0.272788 0.476335 0.060943 0.071934
5 0.585954 0.801035 0.462038 0.397151
3 0.553831 0.913342 0.078442 0.072767
1 0.701708 0.661909 0.132800 0.176854
4 0.617840 0.953105 0.296917 0.093469
4 0.440581 0.970842 0.215920 0.058157
3 0.458540 0.677845 0.037578 0.048854
5 0.737980 0.014473 0.037344 0.028782
4 0.555026 0.969921 0.192073 0.060109
