5 0.717390 0.780316 0.553379 0.422641
5 0.644963 0.285197 0.432105 0.567387
4 0.568121 0.463626 0.278924 0.208789
8 0.129499 0.301492 0.258725 0.535407
7 0.687532 0.770929 0.465570 0.407679
8 0.103429 0.093794 0.205935 0.186548
1 0.579023 0.152732 0.200846 0.229018
9 0.165318 0.672150 0.035000 0.030041
3 0.847794 0.649041 0.122651 0.156142
9 0.128266 0.660250 0.029532 0.026975
5 0.068820 0.849155 0.105777 0.261181
5 0.081075 0.714186 0.057750 0.134735
8 0.015590 0.666786 0.030327 0.043087
4 0.082489 0.702476 0.032553 0.056693
4 0.068306 0.800736 0.040135 0.079121
2 0.618490 0.044618 0.151602 0.088322
0 0.076195 0.660678 0.023294 0.028998
0 0.077084 0.741968 0.029988 0.039387
9 0.098597 0.645807 0.028394 0.027344
9 0.313657 0.711692 0.029887 0.025055
0 0.066680 0.746278 0.030069 0.041448
