8 0.193957 0.167230 0.387915 0.333452
8 0.589826 0.810843 0.299708 0.362799
8 0.655192 0.327581 0.430967 0.609751
8 0.085797 0.332730 0.170435 0.591788
8 0.760975 0.769420 0.476909 0.281779
8 0.948013 0.590697 0.072132 0.042013
9 0.230659 0.778101 0.029458 0.036345
6 0.016983 0.851443 0.021887 0.047540
6 0.268891 0.869304 0.015357 0.029853
6 0.143236 0.848335 0.019195 0.037766
6 0.412903 0.973419 0.021954 0.048893
6 0.364346 0.986812 0.029617 0.026115
6 0.344489 0.887439 0.016149 0.030482
6 0.204735 0.807659 0.007900 0.017135
6 0.430504 0.889933 0.011972 0.024844
6 0.417566 0.894074 0.010231 0.025605
6 0.366911 0.865848 0.010475 0.018417
6 0.287351 0.844869 0.010827 0.027270
