8 0.211873 0.184219 0.422728 0.367558
8 0.214705 0.682507 0.429410 0.630930
8 0.674571 0.682421 0.492068 0.627435
8 0.924970 0.770413 0.149962 0.434912
8 0.367303 0.547601 0.125044 0.188767
8 0.067819 0.657738 0.135468 0.369520
5 0.335086 0.543155 0.032112 0.084349
2 0.856157 0.333198 0.014923 0.012328
4 0.339292 0.550340 0.015597 0.037040
2 0.343172 0.509162 0.012991 0.015407
5 0.857061 0.347546 0.033255 0.043227
5 0.564060 0.352395 0.027997 0.033189
2 0.343396 0.515550 0.011124 0.015103
4 0.856690 0.357611 0.020201 0.024855
