8 0.271586 0.294305 0.534194 0.587240
5 0.269846 0.809774 0.539508 0.379945
5 0.766822 0.792359 0.457399 0.405512
8 0.899236 0.449426 0.201529 0.245823
8 0.724880 0.313932 0.195078 0.138344
2 0.321615 0.797515 0.441197 0.266225
8 0.049590 0.362827 0.098962 0.256661
4 0.755042 0.780221 0.365816 0.389581
1 0.277615 0.935064 0.512047 0.129130
8 0.941985 0.506251 0.115905 0.164376
5 0.904375 0.794800 0.191131 0.409513
4 0.956697 0.822716 0.086033 0.353453
9 0.048460 0.363631 0.096920 0.240824
6 0.747416 0.435738 0.026767 0.060336
