5 0.230030 0.794537 0.458820 0.410013
8 0.139560 0.344429 0.278989 0.486174
1 0.202653 0.911678 0.386237 0.176446
2 0.225158 0.706484 0.449582 0.231906
6 0.707895 0.460916 0.070037 0.177184
6 0.816507 0.195867 0.016297 0.040664
6 0.667829 0.155440 0.012814 0.031817
6 0.935250 0.221958 0.015535 0.040897
6 0.722855 0.171160 0.013891 0.036348
6 0.781719 0.170703 0.011844 0.030370
6 0.817891 0.188221 0.013611 0.030317
6 0.721035 0.156504 0.011225 0.025818
6 0.632815 0.145660 0.011823 0.030417
6 0.643713 0.143192 0.012213 0.030364
6 0.876771 0.188401 0.013080 0.031953
6 0.539177 0.111379 0.011411 0.021848
4 0.230005 0.962311 0.459633 0.075107
6 0.721745 0.160523 0.015145 0.036834
8 0.827624 0.796337 0.344751 0.407325
8 0.321725 0.449268 0.038115 0.052005
6 0.872566 0.183263 0.012950 0.033003
6 0.786296 0.170654 0.009603 0.028091
6 0.932762 0.196897 0.011626 0.026639
