8 0.203469 0.193835 0.406938 0.387315
5 0.134880 0.831833 0.269761 0.336334
8 0.644042 0.725949 0.389719 0.436999
8 0.671090 0.226210 0.443545 0.321773
4 0.136170 0.893468 0.203314 0.212504
0 0.132383 0.731901 0.101892 0.124000
8 0.513703 0.859201 0.124594 0.233866
8 0.781143 0.307273 0.437715 0.157243
0 0.318717 0.810589 0.062635 0.066952
5 0.303917 0.886270 0.159957 0.227451
4 0.302007 0.932671 0.107547 0.134411
7 0.076092 0.354758 0.042104 0.053677
5 0.079418 0.345138 0.059645 0.084113
5 0.304074 0.358483 0.065521 0.058805
5 0.425802 0.761682 0.037146 0.108357
5 0.651458 0.789358 0.035828 0.074213
5 0.703867 0.173846 0.028214 0.038915
0 0.426321 0.717661 0.013265 0.018312
8 0.971270 0.647607 0.057170 0.139665
7 0.301665 0.368850 0.043343 0.039552
4 0.425290 0.748969 0.016760 0.035219
8 0.976287 0.677940 0.047304 0.073419
4 0.299784 0.369118 0.038172 0.037162
