5 0.696750 0.200404 0.418423 0.397951
8 0.280533 0.699389 0.420869 0.598983
8 0.222122 0.200945 0.442818 0.399297
5 0.942520 0.635022 0.112960 0.352540
0 0.833989 0.196720 0.331113 0.393440
4 0.929249 0.582019 0.059211 0.106930
0 0.929498 0.493090 0.046778 0.061364
7 0.438207 0.647902 0.046608 0.055907
5 0.437312 0.636733 0.059351 0.078007
7 0.199300 0.677970 0.046096 0.046630
5 0.195678 0.673816 0.073962 0.065101
4 0.982485 0.483491 0.034783 0.103219
5 0.972438 0.531153 0.054902 0.260572
3 0.988665 0.431825 0.020785 0.026708
7 0.181933 0.676783 0.025736 0.038472
