5 0.744134 0.619017 0.511716 0.238280
8 0.246381 0.251696 0.492621 0.496452
5 0.706838 0.858503 0.435586 0.281904
2 0.597202 0.782730 0.213498 0.123192
4 0.672929 0.619483 0.362540 0.215801
3 0.551216 0.558806 0.125153 0.113213
3 0.604211 0.952658 0.226870 0.094123
5 0.711940 0.048812 0.090168 0.097501
5 0.237191 0.945393 0.046016 0.102099
5 0.278514 0.343671 0.038610 0.162502
8 0.414907 0.919653 0.148465 0.160617
4 0.922435 0.681638 0.154983 0.119304
5 0.266452 0.348145 0.034978 0.135564
5 0.288775 0.344762 0.037692 0.158281
0 0.931065 0.956585 0.137869 0.086744
5 0.901718 0.620317 0.195508 0.241870
