5 0.774087 0.274931 0.449408 0.548661
8 0.275125 0.277607 0.546627 0.542892
8 0.797645 0.862550 0.404711 0.272989
4 0.775261 0.433371 0.449290 0.233047
8 0.868863 0.717538 0.261905 0.329615
1 0.821223 0.272627 0.357205 0.361094
2 0.446750 0.782030 0.106029 0.119597
5 0.374682 0.852152 0.345296 0.295483
4 0.409674 0.940363 0.182258 0.118834
2 0.827307 0.073024 0.344041 0.145602
5 0.232345 0.495401 0.110248 0.110430
5 0.411584 0.709965 0.264653 0.319614
5 0.906761 0.654027 0.020723 0.032434
1 0.404092 0.860722 0.050795 0.064989
4 0.239103 0.511376 0.058626 0.070104
4 0.458643 0.620618 0.142491 0.139478
2 0.262317 0.455390 0.031990 0.020854
2 0.458880 0.621319 0.150829 0.142071
2 0.241741 0.458653 0.021922 0.018128
