8 0.264642 0.275543 0.529284 0.550570
5 0.905085 0.774308 0.189150 0.449571
5 0.616316 0.774755 0.174044 0.449074
7 0.917271 0.808732 0.164086 0.361445
5 0.763747 0.773898 0.197952 0.449388
7 0.772480 0.768556 0.156929 0.358261
7 0.596296 0.753506 0.130451 0.334414
3 0.915763 0.608957 0.048964 0.048946
3 0.789551 0.571631 0.038895 0.038416
5 0.907440 0.364978 0.044442 0.175221
5 0.179712 0.112494 0.051113 0.125378
3 0.588018 0.570740 0.047299 0.039936
7 0.601292 0.383036 0.026521 0.065898
5 0.600574 0.417536 0.043123 0.194418
4 0.558750 0.872487 0.060543 0.234812
5 0.577685 0.785438 0.096130 0.428614
0 0.606972 0.333347 0.013842 0.020061
0 0.908308 0.289143 0.015083 0.019782
5 0.541280 0.471861 0.023788 0.151175
4 0.180065 0.102046 0.029953 0.053997
