8 0.364347 0.471190 0.545669 0.533033
8 0.240333 0.291920 0.477969 0.552576
5 0.818675 0.415750 0.360092 0.574441
5 0.358566 0.891698 0.140530 0.216345
0 0.372496 0.821169 0.066110 0.066278
7 0.816290 0.475908 0.357493 0.425352
5 0.184953 0.893528 0.106203 0.212583
0 0.247046 0.912166 0.044024 0.057893
4 0.342710 0.944909 0.070844 0.110136
0 0.194412 0.809240 0.033593 0.042873
7 0.820950 0.078756 0.355571 0.156702
4 0.197252 0.900689 0.047044 0.096052
9 0.853183 0.867794 0.070309 0.035021
4 0.256152 0.973750 0.047418 0.052500
5 0.219887 0.939239 0.141910 0.121522
5 0.817722 0.086477 0.363397 0.172836
9 0.712701 0.855367 0.053399 0.032718
3 0.194492 0.849934 0.019961 0.019339
3 0.376990 0.882013 0.019881 0.029934
6 0.818826 0.079668 0.359963 0.159282
5 0.257876 0.130180 0.028235 0.038400
