5 0.149821 0.740875 0.298907 0.517516
8 0.651970 0.238877 0.695324 0.477557
8 0.150540 0.290121 0.301048 0.376708
9 0.448598 0.265957 0.121645 0.111570
8 0.762887 0.300485 0.193031 0.333222
5 0.575404 0.217665 0.028309 0.088714
1 0.245970 0.781127 0.108632 0.307265
9 0.866294 0.077728 0.054550 0.077449
2 0.232420 0.544278 0.135867 0.129588
5 0.624121 0.447375 0.051695 0.062638
4 0.151277 0.943944 0.297142 0.111780
7 0.574873 0.205466 0.016598 0.032680
0 0.577260 0.185405 0.013308 0.018180
8 0.343461 0.063602 0.080218 0.075377
5 0.620472 0.453799 0.038910 0.045524
4 0.617696 0.457299 0.030898 0.042029
