5 0.780327 0.193847 0.439341 0.387462
8 0.278913 0.194259 0.557825 0.386116
5 0.847057 0.696007 0.305832 0.607987
8 0.417264 0.869627 0.278665 0.260268
1 0.688981 0.266482 0.261725 0.244313
0 0.848874 0.503441 0.299401 0.229372
8 0.198242 0.727818 0.396041 0.543867
0 0.623888 0.609888 0.132428 0.191120
5 0.650818 0.754059 0.183023 0.491283
4 0.649978 0.931176 0.181652 0.136506
3 0.871566 0.841038 0.191537 0.166544
3 0.601923 0.785826 0.089042 0.091469
4 0.054734 0.085297 0.022176 0.047030
2 0.683952 0.045334 0.251958 0.090453
5 0.057366 0.075357 0.033145 0.080834
5 0.213286 0.789064 0.020136 0.046558
2 0.050543 0.043467 0.013547 0.016738
4 0.891932 0.969195 0.216124 0.061557
