8 0.764278 0.299204 0.470743 0.596893
5 0.715023 0.840042 0.372407 0.319278
8 0.163632 0.798499 0.326765 0.395525
8 0.921406 0.127364 0.157188 0.221607
4 0.654775 0.741207 0.253195 0.131098
0 0.963591 0.955805 0.072818 0.069194
2 0.842138 0.768076 0.070918 0.069751
5 0.941588 0.134143 0.044225 0.108399
8 0.076174 0.333576 0.151615 0.533205
3 0.788054 0.788068 0.058405 0.045331
3 0.942339 0.986660 0.037107 0.025603
5 0.878569 0.954815 0.242667 0.089548
4 0.953869 0.140515 0.013848 0.044525
8 0.626710 0.111196 0.194281 0.222372
4 0.948655 0.141971 0.020066 0.047707
