8 0.251237 0.276289 0.501138 0.548298
9 0.417245 0.621951 0.159366 0.143367
8 0.693113 0.326937 0.386655 0.443982
8 0.780783 0.690583 0.322495 0.279227
5 0.298977 0.819111 0.060683 0.171851
5 0.357487 0.330123 0.043604 0.085643
5 0.028399 0.922505 0.051284 0.154990
8 0.559029 0.272329 0.116256 0.495180
7 0.027961 0.905929 0.030451 0.060236
4 0.350197 0.334421 0.019783 0.037789
8 0.532847 0.202105 0.065821 0.403756
0 0.283642 0.747249 0.015809 0.019928
0 0.023746 0.852210 0.020436 0.020290
2 0.345536 0.295179 0.013763 0.016106
0 0.019704 0.854324 0.018823 0.019574
