5 0.285149 0.749829 0.568006 0.499480
8 0.416473 0.237123 0.300112 0.462254
6 0.655564 0.244535 0.170652 0.445036
1 0.114965 0.894865 0.229684 0.210271
5 0.706095 0.396821 0.276565 0.145196
2 0.202097 0.674254 0.403875 0.292350
8 0.448167 0.121078 0.197789 0.241696
2 0.702544 0.382584 0.088889 0.088054
9 0.785077 0.940059 0.427949 0.119715
6 0.811683 0.746892 0.032543 0.063103
6 0.926896 0.698122 0.018562 0.037514
6 0.976870 0.677272 0.012147 0.028518
6 0.668423 0.625906 0.014089 0.035926
6 0.581430 0.895174 0.025500 0.143447
