8 0.309591 0.164964 0.618053 0.329244
5 0.807372 0.695555 0.378211 0.607318
8 0.881844 0.165507 0.236016 0.323701
8 0.809590 0.222969 0.050768 0.057680
0 0.755238 0.537110 0.222342 0.241605
9 0.336906 0.637846 0.104401 0.164328
9 0.253979 0.616001 0.112565 0.095428
8 0.873697 0.207342 0.049418 0.044969
5 0.535190 0.709853 0.161564 0.574724
5 0.428411 0.664241 0.348055 0.662626
3 0.722113 0.722843 0.096939 0.093470
0 0.451495 0.397437 0.064914 0.086168
7 0.548086 0.612080 0.091194 0.184682
7 0.801681 0.848518 0.343620 0.302949
9 0.902282 0.839561 0.195086 0.320878
7 0.409680 0.632169 0.138499 0.318351
0 0.557704 0.460845 0.035455 0.051409
8 0.757799 0.207494 0.044003 0.064691
8 0.701405 0.198719 0.054420 0.078858
8 0.736606 0.204637 0.045108 0.069804
9 0.920167 0.241053 0.048534 0.050660
8 0.635270 0.189415 0.038846 0.081117
8 0.675231 0.197326 0.051667 0.072211
8 0.708921 0.195647 0.033704 0.073007
8 0.642603 0.194813 0.048000 0.071528
5 0.951401 0.680881 0.097198 0.633832
8 0.712738 0.173750 0.024254 0.028398
