5 0.169085 0.707322 0.337957 0.581821
8 0.169142 0.208173 0.337883 0.416080
8 0.743713 0.704987 0.512486 0.589053
5 0.527432 0.240091 0.245960 0.356153
4 0.491157 0.242056 0.123498 0.149363
5 0.664157 0.260707 0.201491 0.313460
2 0.169393 0.496684 0.338787 0.158112
0 0.512228 0.096875 0.089154 0.063567
4 0.672710 0.301141 0.145804 0.158613
0 0.660864 0.140379 0.105455 0.070653
5 0.597247 0.614806 0.047705 0.110376
1 0.169689 0.768331 0.338524 0.264975
4 0.366690 0.249523 0.055721 0.140150
5 0.379695 0.242831 0.082757 0.352375
0 0.363035 0.105719 0.048767 0.069939
4 0.169990 0.918715 0.337125 0.161920
9 0.478258 0.680596 0.037259 0.041857
3 0.515096 0.154772 0.042032 0.036716
3 0.354431 0.170991 0.030778 0.036891
4 0.593440 0.603489 0.025060 0.034273
3 0.633407 0.190931 0.036994 0.028932
2 0.591543 0.570694 0.014254 0.011918
3 0.593255 0.579412 0.013857 0.012889
8 0.750655 0.208928 0.498690 0.417217
