8 0.202406 0.754675 0.404642 0.488759
5 0.699668 0.753658 0.600375 0.491708
8 0.199855 0.253411 0.399711 0.506607
4 0.699283 0.885076 0.599974 0.229716
8 0.170082 0.104859 0.233036 0.209717
8 0.261650 0.744417 0.210634 0.312894
1 0.633428 0.751520 0.469266 0.357299
2 0.659159 0.561395 0.517280 0.104488
5 0.184857 0.103600 0.051739 0.105823
5 0.373356 0.602327 0.026227 0.075819
8 0.022910 0.092010 0.045816 0.150134
7 0.372366 0.587949 0.015150 0.034575
4 0.171406 0.108544 0.022002 0.046613
0 0.372154 0.579317 0.013635 0.030534
