8 0.844489 0.764122 0.309716 0.471268
8 0.323147 0.828838 0.192720 0.140296
8 0.225896 0.264407 0.449687 0.527859
8 0.530569 0.917035 0.236921 0.165400
9 0.876746 0.077712 0.030282 0.042997
6 0.768402 0.130451 0.021258 0.040365
6 0.897242 0.182909 0.017253 0.034594
9 0.742260 0.327078 0.110229 0.399775
6 0.920478 0.161796 0.011584 0.023539
6 0.970849 0.219493 0.017207 0.035144
6 0.843813 0.101564 0.012298 0.023526
6 0.964649 0.363082 0.039391 0.063672
6 0.976330 0.213933 0.015441 0.032057
6 0.872977 0.125931 0.012418 0.022788
8 0.201169 0.913753 0.272094 0.172447
5 0.752871 0.947173 0.067264 0.103867
