5 0.291593 0.709028 0.581547 0.581030
5 0.789059 0.210251 0.421475 0.417339
8 0.193928 0.211644 0.387856 0.416973
4 0.290542 0.919228 0.579765 0.161231
1 0.237813 0.704324 0.472856 0.308248
7 0.788136 0.348851 0.421165 0.139825
3 0.639830 0.233975 0.120190 0.275433
2 0.260036 0.474372 0.503028 0.110419
9 0.688605 0.632951 0.032601 0.027403
9 0.733429 0.644127 0.036547 0.033450
9 0.790892 0.649278 0.050747 0.028288
9 0.660088 0.621657 0.030169 0.021751
9 0.808209 0.648992 0.022305 0.022850
9 0.854292 0.650702 0.035777 0.035225
0 0.693909 0.048222 0.230538 0.095429
