5 0.703747 0.204567 0.589332 0.406282
5 0.876166 0.841760 0.162276 0.311884
8 0.102368 0.808498 0.203726 0.214393
4 0.755642 0.915779 0.122414 0.168137
4 0.867894 0.927663 0.125738 0.144266
8 0.203810 0.080731 0.406871 0.161449
7 0.781819 0.189109 0.436363 0.375532
0 0.591413 0.702066 0.075963 0.087607
5 0.478896 0.832016 0.141928 0.334887
5 0.598212 0.827733 0.220455 0.344105
7 0.601060 0.903025 0.127475 0.193181
2 0.740991 0.705507 0.056747 0.055786
5 0.944938 0.859797 0.108920 0.279238
5 0.764947 0.836584 0.181087 0.324766
7 0.456785 0.909838 0.096670 0.179668
2 0.836455 0.720828 0.051452 0.053347
2 0.968141 0.757610 0.060040 0.055366
4 0.961037 0.947243 0.077926 0.104777
2 0.668509 0.875149 0.049506 0.055257
3 0.598726 0.796898 0.041520 0.050068
3 0.847519 0.824477 0.040021 0.049499
3 0.976746 0.863895 0.039236 0.048794
3 0.419108 0.802183 0.025099 0.047908
3 0.752290 0.805794 0.037148 0.044202
0 0.423093 0.708845 0.026178 0.074538
5 0.672887 0.920842 0.234021 0.158317
1 0.672232 0.974398 0.048241 0.049270
5 0.732069 0.916652 0.174736 0.166429
5 0.608027 0.896456 0.189848 0.207088
