9 0.194433 0.825990 0.388578 0.346942
4 0.591245 0.451218 0.220659 0.205250
4 0.661077 0.218436 0.204961 0.194701
5 0.550627 0.450670 0.321088 0.399630
8 0.254068 0.383276 0.267927 0.530135
5 0.634626 0.240681 0.233718 0.358534
5 0.801754 0.185719 0.092020 0.126529
0 0.586817 0.109285 0.117861 0.093392
9 0.942279 0.725287 0.022960 0.024256
0 0.557600 0.288138 0.152909 0.076762
4 0.806178 0.202621 0.063695 0.070586
0 0.794020 0.138504 0.063801 0.030889
8 0.364410 0.124019 0.049440 0.246635
3 0.577852 0.135339 0.035216 0.027664
3 0.528759 0.346954 0.032768 0.030821
8 0.914861 0.713737 0.036368 0.057178
5 0.606814 0.805343 0.013392 0.036787
8 0.985704 0.732916 0.019648 0.046356
9 0.962052 0.708423 0.018675 0.019512
5 0.867958 0.775947 0.013928 0.036065
5 0.559186 0.904431 0.017746 0.040465
5 0.782477 0.927396 0.013779 0.045591
5 0.929925 0.799700 0.013894 0.022050
8 0.989759 0.726175 0.018332 0.042869
5 0.868901 0.770484 0.010035 0.023229
6 0.959227 0.784373 0.008978 0.017849
