8 0.130259 0.259887 0.260251 0.518859
8 0.766680 0.258457 0.465864 0.514842
5 0.784324 0.759442 0.430779 0.481117
8 0.127366 0.112455 0.177780 0.224695
4 0.866844 0.927662 0.265842 0.144677
4 0.092254 0.775879 0.038561 0.058200
5 0.879598 0.446373 0.053356 0.143773
7 0.881718 0.456974 0.033492 0.085288
0 0.883037 0.386419 0.022504 0.026061
0 0.355938 0.745513 0.011697 0.012558
4 0.096596 0.784522 0.057231 0.118435
5 0.358833 0.762329 0.029717 0.042772
8 0.541212 0.251549 0.182313 0.465989
4 0.120401 0.776933 0.051787 0.112880
5 0.092803 0.785696 0.052976 0.122502
4 0.359528 0.769521 0.021666 0.024615
7 0.359139 0.768635 0.020398 0.025829
3 0.882261 0.408934 0.011067 0.012169
5 0.048555 0.754341 0.018542 0.042450
