9 0.798137 0.439086 0.143196 0.122534
5 0.707721 0.748289 0.438627 0.496622
9 0.600882 0.434601 0.157140 0.131735
9 0.914398 0.432523 0.146134 0.134891
8 0.593236 0.365459 0.211341 0.215660
8 0.874667 0.236409 0.250086 0.247600
8 0.117750 0.259453 0.221578 0.263551
8 0.941460 0.329587 0.116978 0.151401
5 0.261331 0.850201 0.064061 0.146977
4 0.784242 0.544879 0.193841 0.091439
8 0.720619 0.139483 0.179765 0.183463
5 0.184580 0.847577 0.062945 0.135580
9 0.973330 0.450271 0.053340 0.102786
4 0.189010 0.846521 0.031449 0.061860
9 0.731945 0.389132 0.172272 0.175469
4 0.266227 0.828795 0.035174 0.046349
0 0.263196 0.790555 0.022543 0.024588
9 0.965333 0.384509 0.064296 0.047229
3 0.635211 0.517988 0.081023 0.035982
0 0.201471 0.795118 0.021653 0.024107
8 0.969603 0.076587 0.060035 0.153058
5 0.868924 0.125886 0.016484 0.025249
5 0.846751 0.139423 0.014688 0.028762
9 0.901881 0.389119 0.066908 0.042194
9 0.758580 0.357491 0.142794 0.110135
5 0.874118 0.126116 0.019446 0.024732
9 0.831102 0.434564 0.084358 0.117201
1 0.639247 0.518275 0.094608 0.036311
8 0.983379 0.075442 0.033241 0.150883
5 0.865496 0.126888 0.023066 0.038484
