5 0.804432 0.649317 0.391135 0.697913
8 0.334004 0.150398 0.546232 0.300290
5 0.098397 0.519567 0.195684 0.439642
4 0.090096 0.468494 0.168233 0.203998
5 0.087724 0.771448 0.175196 0.451952
4 0.278049 0.488361 0.131295 0.202702
4 0.449192 0.937210 0.315060 0.124949
5 0.281719 0.836615 0.248058 0.326642
5 0.276995 0.523939 0.180827 0.450740
5 0.396291 0.892051 0.424086 0.215676
5 0.447577 0.513999 0.117861 0.284035
2 0.062694 0.618663 0.123972 0.119441
2 0.433207 0.828979 0.126481 0.063366
2 0.280205 0.321839 0.067274 0.041822
4 0.555828 0.702102 0.107081 0.113905
4 0.442601 0.460422 0.076661 0.071471
4 0.297887 0.899884 0.146247 0.199811
2 0.710450 0.353710 0.203533 0.108348
1 0.697393 0.778816 0.175271 0.442367
2 0.453199 0.389655 0.035264 0.023476
4 0.808248 0.934272 0.382371 0.131456
5 0.549715 0.725001 0.118773 0.333870
3 0.287316 0.380029 0.036649 0.034690
2 0.329702 0.740794 0.130081 0.075058
3 0.108743 0.353598 0.050852 0.038740
3 0.331462 0.840183 0.062966 0.041422
3 0.455265 0.415416 0.021337 0.016877
2 0.115570 0.312688 0.085483 0.024142
3 0.031590 0.706360 0.060146 0.044849
8 0.114833 0.151134 0.134742 0.300277
4 0.040522 0.796314 0.080851 0.259458
5 0.014969 0.495650 0.029939 0.325542
