5 0.158034 0.793959 0.315183 0.412081
2 0.203079 0.652462 0.190179 0.128495
8 0.501110 0.850612 0.359382 0.297916
5 0.591255 0.763309 0.034317 0.075270
7 0.676889 0.194532 0.149910 0.274138
5 0.659815 0.296155 0.188910 0.581286
1 0.110906 0.806045 0.089600 0.171337
0 0.670243 0.082229 0.086988 0.154229
5 0.460494 0.917720 0.093179 0.146667
4 0.134215 0.947703 0.265216 0.104473
4 0.451970 0.904756 0.043889 0.050292
2 0.460143 0.856742 0.019509 0.019394
3 0.455566 0.879435 0.018068 0.011649
2 0.461688 0.851401 0.018954 0.020946
