8 0.135135 0.209881 0.268944 0.419212
5 0.635531 0.209850 0.484031 0.417978
5 0.113084 0.709399 0.226167 0.580159
5 0.869160 0.317640 0.261083 0.202165
0 0.144059 0.475805 0.161983 0.112725
4 0.731972 0.128552 0.250267 0.193914
5 0.623494 0.744310 0.245212 0.507978
4 0.190560 0.849349 0.156317 0.299341
7 0.646638 0.721858 0.162061 0.285465
4 0.076418 0.796707 0.152835 0.404054
5 0.161893 0.789687 0.211657 0.418557
2 0.961453 0.265786 0.065618 0.049921
4 0.837261 0.321995 0.128002 0.131554
0 0.639814 0.540370 0.060531 0.092687
3 0.122428 0.578611 0.073957 0.094466
2 0.748570 0.045798 0.114444 0.045016
0 0.256910 0.641167 0.026524 0.068381
5 0.845095 0.332854 0.161335 0.173405
2 0.867656 0.270402 0.083678 0.033960
3 0.259010 0.705940 0.022896 0.062073
