8 0.204703 0.775267 0.407014 0.448745
5 0.704760 0.274584 0.588904 0.548181
8 0.704364 0.774542 0.587862 0.449710
8 0.204874 0.337855 0.409148 0.422984
8 0.838862 0.863861 0.200245 0.272279
8 0.204400 0.165999 0.404939 0.331655
4 0.703647 0.436293 0.589860 0.226368
5 0.664669 0.815464 0.030606 0.087398
1 0.713414 0.300437 0.411447 0.429835
9 0.932243 0.665091 0.053993 0.073066
2 0.759316 0.032686 0.439356 0.065318
5 0.779850 0.984132 0.043060 0.031221
7 0.662310 0.795502 0.020168 0.035181
9 0.962740 0.626538 0.023653 0.024388
9 0.967375 0.653983 0.031659 0.053960
8 0.979277 0.610510 0.040929 0.107867
