8 0.214943 0.254503 0.429478 0.508391
8 0.213861 0.788989 0.427722 0.421559
5 0.757014 0.258601 0.479641 0.502115
8 0.740023 0.808932 0.489272 0.380215
5 0.043243 0.924732 0.085341 0.150305
8 0.326813 0.832638 0.205060 0.333745
4 0.704941 0.137484 0.195886 0.173224
8 0.497393 0.647216 0.058203 0.094468
0 0.833005 0.057862 0.166760 0.112737
3 0.837820 0.168235 0.081796 0.074908
8 0.924210 0.644357 0.063774 0.036635
4 0.021048 0.915578 0.036824 0.076162
7 0.835286 0.056796 0.158878 0.110644
5 0.608038 0.691549 0.019001 0.037902
