5 0.734063 0.247104 0.530575 0.493345
5 0.720633 0.800311 0.503841 0.399137
8 0.229968 0.436054 0.459936 0.328907
3 0.660951 0.872748 0.137484 0.121675
5 0.312380 0.800014 0.312439 0.399031
4 0.681379 0.941302 0.385616 0.117237
7 0.339548 0.751124 0.248931 0.305509
8 0.096122 0.308281 0.192055 0.568239
5 0.509144 0.726788 0.077792 0.254555
5 0.758592 0.622984 0.061166 0.049498
7 0.720149 0.054961 0.533759 0.109663
4 0.490900 0.645511 0.041165 0.063299
5 0.136622 0.850855 0.273243 0.296733
0 0.019072 0.751756 0.036664 0.044126
2 0.641040 0.616753 0.212560 0.033393
