8 0.805693 0.230554 0.388247 0.460598
5 0.152826 0.686849 0.304998 0.456227
0 0.576062 0.667527 0.076146 0.090445
4 0.715003 0.868495 0.121305 0.257875
4 0.116923 0.560049 0.231397 0.199469
8 0.226922 0.353736 0.451705 0.208124
5 0.548193 0.809229 0.171683 0.379741
5 0.706029 0.794766 0.179116 0.407123
0 0.714854 0.640653 0.074163 0.097889
4 0.886778 0.883143 0.124184 0.233275
2 0.840949 0.659706 0.076325 0.059102
5 0.880362 0.810756 0.177863 0.375346
4 0.550258 0.881602 0.108313 0.234768
3 0.568697 0.754831 0.040564 0.042988
3 0.847571 0.755050 0.039444 0.059970
3 0.711540 0.724839 0.038483 0.034653
2 0.475691 0.654026 0.032252 0.068526
5 0.847194 0.323917 0.051152 0.135133
7 0.859328 0.312217 0.020929 0.053336
0 0.988499 0.536210 0.022927 0.134197
5 0.969165 0.778656 0.061221 0.442553
5 0.488784 0.804247 0.059612 0.383825
4 0.983804 0.883413 0.032278 0.233174
3 0.473052 0.718923 0.025702 0.055725
