8 0.301997 0.200488 0.600317 0.400793
5 0.300305 0.702052 0.599885 0.595862
1 0.485373 0.813166 0.230560 0.270859
2 0.406999 0.538917 0.381085 0.274163
5 0.913721 0.277248 0.078761 0.183676
5 0.932317 0.300609 0.055790 0.129794
4 0.900277 0.220068 0.043581 0.057510
2 0.930320 0.248141 0.020797 0.020524
4 0.931189 0.280205 0.029903 0.040317
4 0.306166 0.938373 0.589221 0.122632
5 0.858340 0.707629 0.041420 0.086128
5 0.229937 0.019730 0.057446 0.038158
4 0.857811 0.704851 0.025558 0.039088
2 0.859179 0.670501 0.010651 0.013519
4 0.861442 0.699246 0.021282 0.029903
2 0.989963 0.259055 0.020067 0.026944
