8 0.158620 0.496804 0.315900 0.565758
4 0.789959 0.353730 0.051294 0.096860
0 0.616548 0.284304 0.063746 0.063125
5 0.759966 0.497495 0.143672 0.321122
4 0.652467 0.435944 0.077612 0.176679
5 0.754075 0.847083 0.152036 0.134594
0 0.739239 0.366354 0.043134 0.056677
5 0.635095 0.482907 0.151947 0.469651
4 0.733360 0.447532 0.051830 0.092929
5 0.798020 0.394554 0.105549 0.308338
0 0.785319 0.265816 0.034422 0.039510
8 0.224270 0.303311 0.188864 0.485102
0 0.776162 0.797542 0.039553 0.034141
4 0.740015 0.823885 0.056317 0.058392
3 0.787911 0.303475 0.021107 0.021945
5 0.304673 0.158658 0.026335 0.073043
3 0.613657 0.344696 0.018043 0.031126
4 0.724339 0.832316 0.059911 0.066194
4 0.707689 0.840041 0.033993 0.054097
