8 0.267203 0.230461 0.534407 0.458453
8 0.792739 0.179498 0.409323 0.357197
2 0.463813 0.689765 0.069375 0.072257
5 0.405585 0.821905 0.228305 0.352843
4 0.433116 0.852610 0.127858 0.186030
8 0.408720 0.132750 0.345730 0.265501
7 0.638821 0.540378 0.099326 0.161406
5 0.651879 0.714057 0.122607 0.510000
5 0.679917 0.409092 0.172237 0.099588
0 0.777419 0.417248 0.071964 0.044277
0 0.725049 0.388506 0.055586 0.037019
7 0.700013 0.436424 0.093251 0.047727
3 0.450476 0.762748 0.035343 0.036989
5 0.791440 0.420067 0.208302 0.080502
5 0.797601 0.301792 0.025632 0.035142
5 0.800950 0.294820 0.026112 0.041681
7 0.805646 0.283306 0.015400 0.021935
8 0.047671 0.206499 0.094604 0.412999
5 0.805409 0.281064 0.019285 0.028327
