8 0.275352 0.209493 0.549198 0.417367
4 0.836009 0.638114 0.214070 0.199261
4 0.801458 0.876306 0.228909 0.219727
5 0.771399 0.210048 0.444311 0.416888
5 0.768208 0.836101 0.348652 0.327762
5 0.809393 0.650335 0.258598 0.342171
0 0.744738 0.540345 0.121945 0.102392
2 0.623853 0.141917 0.147692 0.251753
0 0.745960 0.721316 0.160136 0.091923
5 0.958174 0.583961 0.082684 0.120811
4 0.969267 0.600537 0.058913 0.069527
0 0.957044 0.541699 0.067787 0.034435
3 0.727461 0.782075 0.039157 0.032986
3 0.737306 0.565646 0.041528 0.031184
5 0.266322 0.491455 0.016331 0.044392
4 0.266441 0.491771 0.015208 0.042497
3 0.746999 0.562314 0.044734 0.033949
