5 0.693752 0.704712 0.611056 0.588791
5 0.139529 0.743478 0.279059 0.510399
8 0.161667 0.204275 0.313645 0.407836
1 0.055362 0.760854 0.108023 0.127385
5 0.267124 0.703783 0.243931 0.588703
4 0.310243 0.755130 0.157966 0.489741
7 0.890229 0.704581 0.219347 0.590838
4 0.090597 0.908703 0.180559 0.181864
0 0.512173 0.692160 0.247436 0.579833
2 0.048660 0.573754 0.097319 0.135835
2 0.019045 0.449813 0.038089 0.070472
3 0.362932 0.499653 0.053284 0.068738
5 0.023065 0.524082 0.046120 0.221122
5 0.031580 0.708050 0.063029 0.574177
8 0.352164 0.028858 0.082323 0.057717
