5 0.830480 0.741375 0.338143 0.504734
8 0.804833 0.244962 0.293167 0.486711
8 0.393246 0.243795 0.533773 0.486187
7 0.372321 0.911748 0.175329 0.176504
0 0.041687 0.635687 0.079704 0.111651
5 0.357563 0.896972 0.293373 0.205512
7 0.035130 0.852515 0.070148 0.292249
0 0.244508 0.872987 0.071481 0.137753
5 0.045583 0.788508 0.091110 0.421822
3 0.276305 0.923792 0.025351 0.051079
3 0.040598 0.716875 0.023701 0.035542
8 0.760745 0.050500 0.201994 0.100553
5 0.225700 0.502797 0.148424 0.030115
8 0.732741 0.089338 0.146463 0.177729
