8 0.194620 0.164466 0.387661 0.328641
5 0.172579 0.660784 0.345158 0.665645
4 0.744312 0.578185 0.111783 0.186421
5 0.551923 0.164242 0.324397 0.328397
4 0.901880 0.569766 0.125699 0.199677
4 0.563538 0.572063 0.130329 0.191821
5 0.900247 0.661299 0.199138 0.507754
5 0.702845 0.609010 0.317926 0.552811
5 0.520541 0.702884 0.256734 0.554034
4 0.428053 0.565738 0.080641 0.201650
3 0.177528 0.406960 0.089618 0.124130
7 0.170019 0.706177 0.324034 0.587646
3 0.758773 0.467795 0.045957 0.044926
2 0.765028 0.372725 0.072929 0.076240
5 0.444891 0.617925 0.106454 0.518639
3 0.950139 0.455914 0.036137 0.037488
3 0.965813 0.452708 0.034215 0.045954
