5 0.239442 0.733857 0.478767 0.529470
5 0.738622 0.734071 0.521612 0.528891
4 0.238540 0.898963 0.477079 0.200814
4 0.738109 0.839309 0.520076 0.319667
6 0.138523 0.234319 0.277046 0.466664
2 0.357029 0.073047 0.158447 0.144384
4 0.287916 0.408313 0.276385 0.119011
1 0.815901 0.671645 0.366629 0.403576
5 0.233002 0.234791 0.465605 0.469582
1 0.266674 0.713501 0.435157 0.387333
5 0.646262 0.233289 0.225613 0.466195
3 0.324535 0.314832 0.110418 0.112922
7 0.667639 0.087415 0.143134 0.174246
2 0.276055 0.511513 0.408415 0.087762
