5 0.794743 0.733052 0.410377 0.529870
4 0.794205 0.834843 0.411589 0.328953
8 0.305748 0.734632 0.568571 0.529071
5 0.691808 0.170822 0.206282 0.341394
8 0.179159 0.674093 0.357570 0.387085
1 0.716882 0.591711 0.257053 0.245537
5 0.947724 0.350711 0.104543 0.242281
4 0.677245 0.087391 0.157545 0.128748
4 0.982364 0.316503 0.035036 0.088725
2 0.649766 0.012853 0.099867 0.025589
2 0.958929 0.247679 0.070664 0.030444
0 0.986232 0.383022 0.026990 0.036961
5 0.548790 0.547036 0.033551 0.085930
4 0.554777 0.549847 0.017207 0.040117
3 0.663232 0.047909 0.064738 0.027419
2 0.558200 0.508272 0.011914 0.014753
8 0.533349 0.563549 0.095377 0.145883
3 0.953668 0.278185 0.033487 0.020201
