5 0.149521 0.754242 0.298888 0.490701
5 0.149912 0.253872 0.298495 0.507562
6 0.796871 0.754414 0.402849 0.490314
3 0.155770 0.112253 0.286999 0.224076
5 0.637572 0.753358 0.326166 0.485578
7 0.151073 0.312746 0.301805 0.388716
5 0.607677 0.087695 0.099266 0.126907
2 0.187631 0.581972 0.225449 0.145446
5 0.737490 0.298044 0.037742 0.085999
3 0.701730 0.788689 0.102750 0.145932
1 0.202720 0.857081 0.195268 0.282619
5 0.675851 0.112459 0.056045 0.107695
7 0.799879 0.299959 0.038484 0.058297
4 0.635136 0.955226 0.163494 0.089548
0 0.582470 0.050588 0.024817 0.038217
5 0.799108 0.310600 0.047078 0.085235
7 0.590209 0.066364 0.058892 0.077133
7 0.670323 0.092357 0.040862 0.060925
0 0.669665 0.080812 0.023735 0.039412
0 0.739203 0.276622 0.021465 0.033996
0 0.805558 0.289895 0.021244 0.035018
2 0.679959 0.530836 0.198812 0.043709
5 0.602063 0.036242 0.092347 0.069827
4 0.150158 0.959068 0.298097 0.081863
