5 0.809613 0.818225 0.379879 0.362446
8 0.809073 0.412569 0.380901 0.450661
0 0.808075 0.713832 0.382424 0.151630
5 0.480294 0.318424 0.266626 0.632176
1 0.798869 0.909126 0.369090 0.180673
4 0.528503 0.189581 0.122979 0.275734
2 0.063926 0.807938 0.082796 0.090572
6 0.239890 0.706293 0.172595 0.135580
5 0.669065 0.459862 0.045124 0.132400
5 0.165325 0.822549 0.330164 0.354744
7 0.668810 0.458743 0.030188 0.054343
8 0.910326 0.529943 0.179348 0.216238
3 0.068493 0.968541 0.071111 0.061468
1 0.519915 0.034537 0.035566 0.052702
0 0.664426 0.404668 0.022888 0.023921
2 0.664496 0.405491 0.021953 0.021676
3 0.061104 0.980133 0.080593 0.039734
