8 0.134009 0.758964 0.268017 0.479939
5 0.635848 0.193433 0.727026 0.386746
4 0.798342 0.638128 0.122515 0.201694
4 0.608606 0.633143 0.112644 0.197483
4 0.451411 0.618774 0.125622 0.194993
5 0.644575 0.732563 0.300797 0.425608
5 0.838158 0.761000 0.250335 0.477424
5 0.436634 0.738344 0.202217 0.440696
4 0.952677 0.635505 0.094646 0.202763
5 0.941957 0.722392 0.115848 0.406061
3 0.604773 0.529868 0.044178 0.021962
5 0.327518 0.699204 0.116140 0.358836
8 0.183775 0.364415 0.038658 0.052210
9 0.152123 0.269981 0.106341 0.055002
9 0.242515 0.322701 0.047183 0.036278
8 0.189997 0.357734 0.022393 0.038397
5 0.575922 0.731265 0.157940 0.425961
