5 0.220109 0.851355 0.440182 0.296822
4 0.829736 0.314902 0.159128 0.156252
5 0.740856 0.393856 0.412815 0.456944
2 0.156189 0.803543 0.246214 0.153236
8 0.808718 0.848792 0.381001 0.297070
5 0.531871 0.208335 0.186004 0.405530
2 0.559101 0.045781 0.077916 0.048703
9 0.285337 0.343467 0.060899 0.075644
0 0.808961 0.202251 0.125386 0.058220
1 0.184311 0.950531 0.238941 0.098749
8 0.125539 0.267595 0.251064 0.477521
3 0.770074 0.242380 0.039514 0.032234
3 0.521608 0.084219 0.048055 0.036772
4 0.471752 0.123904 0.065939 0.178255
