8 0.204902 0.343644 0.408841 0.533025
5 0.630934 0.148628 0.253694 0.296588
8 0.204261 0.860230 0.408522 0.279480
5 0.925118 0.273395 0.149635 0.240330
9 0.111282 0.495305 0.221718 0.231258
4 0.621353 0.063112 0.158203 0.125330
8 0.069273 0.716994 0.138497 0.212340
5 0.685540 0.934384 0.103025 0.131233
5 0.928568 0.941723 0.141562 0.115342
4 0.950221 0.232566 0.082258 0.100121
4 0.695920 0.961658 0.047309 0.076648
0 0.957135 0.288998 0.065025 0.049564
2 0.687618 0.891745 0.033608 0.037899
2 0.896611 0.175803 0.059151 0.034212
2 0.936998 0.944101 0.041115 0.040068
3 0.595815 0.025173 0.051954 0.025811
2 0.590354 0.007056 0.093378 0.014111
3 0.901410 0.195183 0.036233 0.020871
