8 0.297675 0.733100 0.593546 0.533016
8 0.297903 0.246749 0.590075 0.443456
5 0.745988 0.088775 0.313815 0.177411
5 0.675863 0.287985 0.172169 0.361627
4 0.646889 0.255463 0.115405 0.187529
0 0.641584 0.140108 0.104144 0.065189
8 0.420804 0.662949 0.204457 0.329394
5 0.109593 0.319255 0.125281 0.142176
5 0.283964 0.525809 0.028653 0.086918
5 0.327009 0.759090 0.051355 0.095994
5 0.663046 0.806740 0.063081 0.179113
2 0.860233 0.020261 0.073212 0.040148
4 0.701272 0.029625 0.225036 0.059110
5 0.872124 0.851117 0.061316 0.169884
3 0.808316 0.031696 0.034550 0.033029
2 0.087650 0.260225 0.036864 0.019185
4 0.877536 0.833578 0.031134 0.073355
7 0.288211 0.511602 0.016680 0.031738
0 0.658528 0.729057 0.010810 0.014983
0 0.872743 0.780105 0.017694 0.022051
5 0.936385 0.801588 0.031572 0.061129
0 0.882542 0.772957 0.014442 0.015593
4 0.753947 0.031215 0.121242 0.061996
7 0.285230 0.516056 0.016223 0.024283
5 0.136801 0.845352 0.041248 0.058226
