9 0.295194 0.663155 0.590167 0.668171
5 0.852470 0.664677 0.294634 0.667768
8 0.179233 0.140638 0.239106 0.266286
1 0.669972 0.704576 0.160216 0.253992
1 0.928977 0.615770 0.135568 0.207667
4 0.895416 0.865085 0.209168 0.268119
5 0.695686 0.665405 0.214145 0.665929
8 0.832205 0.104264 0.318771 0.208266
2 0.653897 0.421737 0.129574 0.169776
8 0.488411 0.184792 0.170772 0.191278
2 0.870665 0.395756 0.163026 0.132509
4 0.690737 0.898476 0.205048 0.202782
8 0.037918 0.160647 0.075410 0.314313
9 0.350835 0.217839 0.106169 0.057681
5 0.407727 0.211970 0.018715 0.041935
5 0.413499 0.214497 0.021479 0.047349
5 0.406275 0.199487 0.015077 0.023956
6 0.518854 0.270749 0.024717 0.047260
5 0.971946 0.548132 0.056108 0.426110
