5 0.267111 0.805074 0.531762 0.388945
8 0.765591 0.804599 0.468818 0.390376
4 0.283683 0.854774 0.416456 0.289589
4 0.789654 0.258108 0.139637 0.267986
4 0.623774 0.313599 0.125791 0.277075
8 0.264305 0.156045 0.239157 0.311802
0 0.627540 0.066114 0.080453 0.092663
5 0.634699 0.307818 0.206304 0.598657
1 0.265754 0.677060 0.218515 0.133405
0 0.765364 0.039595 0.079286 0.079190
8 0.126122 0.106519 0.083711 0.102976
5 0.796148 0.303713 0.240154 0.606025
5 0.904295 0.307095 0.191411 0.605824
2 0.898361 0.031978 0.084356 0.063956
8 0.425637 0.299964 0.209063 0.589384
4 0.951842 0.305485 0.096315 0.353363
3 0.770478 0.111794 0.043455 0.040179
3 0.625259 0.161466 0.042857 0.044882
3 0.915735 0.124590 0.042629 0.067319
5 0.563767 0.330316 0.065413 0.517441
8 0.047527 0.085169 0.094255 0.168333
