8 0.775087 0.265254 0.449510 0.529163
8 0.061243 0.099172 0.121784 0.121666
8 0.084598 0.735215 0.168626 0.358303
9 0.455292 0.955119 0.169200 0.089128
8 0.501203 0.760645 0.097800 0.193149
8 0.183561 0.893745 0.279945 0.135208
8 0.897289 0.657876 0.204406 0.216260
8 0.316801 0.802050 0.292686 0.222236
8 0.245817 0.627614 0.090125 0.156689
8 0.442074 0.857556 0.073476 0.163031
9 0.219316 0.957091 0.077197 0.043372
9 0.034321 0.973987 0.068495 0.049995
9 0.077377 0.959563 0.094790 0.073705
8 0.446346 0.035688 0.206341 0.071150
9 0.118222 0.974763 0.113064 0.049684
9 0.039317 0.951827 0.076591 0.095863
9 0.139630 0.972186 0.170500 0.053275
9 0.234059 0.959659 0.072614 0.040708
9 0.369280 0.986820 0.093714 0.026326
9 0.266751 0.973398 0.126687 0.052688
5 0.394068 0.728351 0.014459 0.025639
5 0.142024 0.935608 0.024557 0.039106
8 0.267976 0.908125 0.119545 0.142269
8 0.518347 0.425117 0.062468 0.137302
8 0.066652 0.615691 0.132449 0.129543
5 0.281198 0.758915 0.016679 0.055975
9 0.074650 0.016838 0.033188 0.031671
5 0.389996 0.719329 0.015868 0.028045
9 0.022451 0.927861 0.042198 0.053173
8 0.651263 0.605607 0.198532 0.113342
