8 0.814159 0.218724 0.370204 0.435890
5 0.917668 0.760377 0.164514 0.479245
5 0.894641 0.212522 0.077953 0.130272
7 0.873656 0.203244 0.027645 0.051273
5 0.301106 0.742966 0.021694 0.056132
5 0.541309 0.732163 0.042601 0.083852
8 0.564875 0.284007 0.128857 0.307971
4 0.540938 0.730315 0.026070 0.043579
4 0.980159 0.705048 0.039532 0.153916
5 0.468275 0.720754 0.027682 0.059963
5 0.356418 0.731209 0.018247 0.039159
2 0.529714 0.693422 0.013239 0.014838
4 0.965942 0.695071 0.061692 0.117661
5 0.470397 0.723174 0.014670 0.032814
5 0.364850 0.724086 0.017578 0.049563
4 0.301660 0.737611 0.016501 0.031120
4 0.986017 0.702419 0.027965 0.221976
