8 0.679696 0.814660 0.634210 0.370084
5 0.180245 0.821589 0.359240 0.356740
8 0.121463 0.317867 0.242179 0.626593
5 0.592922 0.316232 0.425711 0.626815
5 0.839223 0.325741 0.320136 0.606593
4 0.582478 0.167666 0.184228 0.284744
4 0.917720 0.347017 0.164040 0.288642
2 0.177468 0.836320 0.354936 0.326040
0 0.951701 0.100536 0.096597 0.130860
5 0.091719 0.235873 0.106367 0.184602
3 0.929526 0.196660 0.058531 0.053012
3 0.652460 0.051400 0.043021 0.047006
7 0.094348 0.218237 0.033336 0.065375
3 0.107303 0.181244 0.015757 0.015060
3 0.638474 0.053095 0.055640 0.045094
2 0.108860 0.159404 0.026366 0.025343
