5 0.306766 0.709464 0.519986 0.581072
8 0.231686 0.302234 0.305737 0.231559
8 0.815783 0.661139 0.367100 0.485687
8 0.363331 0.235475 0.408788 0.369271
8 0.719352 0.763100 0.178473 0.170831
8 0.665928 0.046816 0.171357 0.093535
7 0.315033 0.715147 0.510048 0.569707
3 0.442037 0.477604 0.064587 0.113291
8 0.019123 0.369242 0.037200 0.068360
8 0.049375 0.374686 0.044195 0.068124
8 0.897455 0.072339 0.204694 0.144281
8 0.796254 0.068043 0.403611 0.135991
8 0.175580 0.376895 0.043454 0.043883
8 0.116282 0.391135 0.062989 0.056425
9 0.220587 0.400871 0.045487 0.031994
8 0.062759 0.378354 0.042270 0.065452
