5 0.229671 0.733371 0.458489 0.531185
5 0.729458 0.734101 0.541044 0.531234
5 0.765785 0.235409 0.468056 0.470317
4 0.805103 0.292733 0.389632 0.356552
4 0.728182 0.887146 0.541822 0.225025
8 0.207328 0.253368 0.375905 0.431726
1 0.864708 0.110546 0.196366 0.208555
8 0.104296 0.150946 0.208181 0.301567
1 0.627339 0.730550 0.337393 0.315983
0 0.329347 0.685567 0.261756 0.436172
3 0.344748 0.905772 0.231108 0.188180
5 0.279266 0.238329 0.054457 0.086268
2 0.567127 0.532122 0.217046 0.126959
7 0.240615 0.942593 0.480116 0.114083
9 0.444284 0.214855 0.026122 0.046857
7 0.252958 0.967684 0.468591 0.064112
