5 0.775105 0.175585 0.448752 0.350786
8 0.279601 0.174602 0.559138 0.348702
2 0.460660 0.461288 0.181929 0.224670
2 0.283702 0.417854 0.223640 0.137034
5 0.349445 0.673579 0.397059 0.650876
5 0.664744 0.814204 0.229401 0.371166
1 0.668773 0.252210 0.237538 0.198537
9 0.182386 0.505717 0.166975 0.299166
2 0.709881 0.669335 0.083013 0.072724
4 0.696047 0.894739 0.129389 0.210381
4 0.352215 0.764504 0.321422 0.468227
4 0.059267 0.780117 0.118222 0.433279
5 0.509765 0.224765 0.082573 0.241408
3 0.334683 0.530585 0.102401 0.120747
5 0.453210 0.673021 0.190627 0.648306
7 0.525760 0.184823 0.047759 0.087689
5 0.078734 0.690894 0.157076 0.617580
4 0.181388 0.397179 0.075894 0.098236
3 0.516086 0.722431 0.066451 0.147714
5 0.186711 0.507118 0.167518 0.311974
2 0.722077 0.058348 0.339464 0.115087
5 0.389682 0.399753 0.099948 0.100331
4 0.390224 0.375922 0.080283 0.049775
1 0.734900 0.764068 0.028069 0.066635
0 0.511702 0.126035 0.034335 0.031161
1 0.728308 0.774534 0.026032 0.056537
4 0.510682 0.852296 0.078142 0.273186
