8 0.239405 0.251758 0.478655 0.498994
8 0.744318 0.739195 0.510405 0.478067
8 0.239151 0.798748 0.477951 0.400243
5 0.236094 0.185253 0.142905 0.162205
7 0.335841 0.302133 0.281875 0.357168
7 0.253704 0.200687 0.112843 0.112948
2 0.358150 0.039020 0.117900 0.045847
5 0.182087 0.381239 0.120210 0.232369
5 0.332130 0.245815 0.291327 0.488227
2 0.259866 0.123659 0.047464 0.025532
3 0.384145 0.100181 0.078905 0.037224
3 0.375729 0.089255 0.085860 0.034616
5 0.318022 0.114977 0.267249 0.223472
2 0.244147 0.049729 0.047505 0.026569
