8 0.201384 0.789592 0.402699 0.420311
5 0.688456 0.230766 0.179982 0.204317
7 0.655197 0.241035 0.105200 0.149707
0 0.742799 0.194559 0.075135 0.105852
5 0.842903 0.789390 0.314030 0.419669
5 0.117589 0.867605 0.041820 0.081343
8 0.295395 0.117971 0.387501 0.235732
8 0.427778 0.775879 0.125222 0.103895
5 0.452710 0.035884 0.051286 0.071027
4 0.117906 0.861795 0.018096 0.025472
3 0.731770 0.245712 0.024638 0.043653
4 0.113718 0.861108 0.020875 0.027810
3 0.736280 0.236561 0.023971 0.045095
5 0.596445 0.790147 0.213508 0.418804
9 0.394513 0.734392 0.028745 0.028110
