8 0.143255 0.222945 0.285951 0.301606
0 0.383140 0.618706 0.110602 0.208123
0 0.700762 0.706224 0.167797 0.144441
4 0.572676 0.676318 0.197142 0.232937
5 0.748318 0.599087 0.250186 0.270940
0 0.770901 0.539685 0.200190 0.178271
4 0.110263 0.954768 0.091736 0.090463
0 0.383759 0.799379 0.111454 0.208208
5 0.122007 0.920756 0.162061 0.158488
5 0.548993 0.634354 0.340074 0.334786
0 0.677167 0.801709 0.157454 0.149520
2 0.591394 0.535881 0.093365 0.095471
5 0.613066 0.828279 0.323045 0.208795
0 0.122660 0.868876 0.055335 0.044245
4 0.716604 0.622655 0.104441 0.117974
5 0.388971 0.622219 0.117027 0.209980
0 0.369769 0.944320 0.082409 0.110733
5 0.405574 0.833134 0.151840 0.263701
4 0.577015 0.865199 0.111182 0.130847
0 0.732036 0.944954 0.197738 0.109082
5 0.383279 0.496258 0.107926 0.092924
5 0.588903 0.963695 0.311508 0.072530
3 0.134712 0.905541 0.025834 0.023838
5 0.372289 0.944213 0.089194 0.111141
7 0.406853 0.898335 0.127224 0.156609
0 0.374287 0.721180 0.091041 0.091614
7 0.576250 0.863233 0.115581 0.141488
4 0.522889 0.962965 0.142308 0.074069
5 0.902958 0.625376 0.192045 0.320353
4 0.377909 0.476333 0.090829 0.051543
