5 0.738376 0.224596 0.522420 0.448921
8 0.191140 0.227687 0.382256 0.454333
8 0.800602 0.655756 0.358400 0.411434
8 0.871386 0.726047 0.257049 0.547906
2 0.731145 0.088991 0.508283 0.177583
7 0.356212 0.420707 0.092289 0.059172
5 0.364811 0.386541 0.139423 0.130860
0 0.257168 0.410187 0.051684 0.056711
1 0.742425 0.287076 0.510518 0.331684
0 0.330322 0.352237 0.047242 0.053642
0 0.438819 0.358670 0.031226 0.041286
5 0.777571 0.652152 0.040636 0.086821
5 0.430425 0.537490 0.058151 0.136230
7 0.454899 0.400033 0.049728 0.097379
0 0.295829 0.389996 0.037905 0.041959
0 0.452381 0.319118 0.038688 0.042256
8 0.304570 0.720129 0.346914 0.533387
5 0.447595 0.371128 0.066125 0.156057
4 0.740025 0.386910 0.519222 0.126415
7 0.442057 0.515733 0.030907 0.052314
3 0.268368 0.446251 0.022036 0.019608
5 0.315555 0.410900 0.114727 0.083985
5 0.265648 0.414814 0.117670 0.075476
3 0.342124 0.384667 0.017420 0.017793
7 0.296923 0.434654 0.037708 0.033918
7 0.326009 0.424113 0.039772 0.052365
4 0.779432 0.646778 0.025081 0.036434
3 0.302990 0.422118 0.016893 0.019583
