5 0.839501 0.259518 0.320500 0.516873
5 0.840089 0.760055 0.319428 0.478044
8 0.343648 0.260141 0.684628 0.518382
5 0.367400 0.912914 0.260641 0.173396
4 0.908497 0.783559 0.183007 0.432542
0 0.646605 0.571769 0.067764 0.104987
1 0.861851 0.304871 0.275480 0.404165
7 0.348067 0.919452 0.167211 0.160907
0 0.443680 0.929016 0.084946 0.141706
1 0.968506 0.586327 0.062795 0.136462
9 0.621524 0.349218 0.118736 0.336170
4 0.839439 0.462646 0.321123 0.110284
2 0.840631 0.046234 0.318738 0.092469
3 0.666347 0.637300 0.024065 0.037212
5 0.398772 0.455838 0.027478 0.037436
9 0.613469 0.415602 0.134237 0.203266
3 0.417892 0.977417 0.022686 0.040815
5 0.313170 0.340149 0.057660 0.085954
