5 0.820049 0.245081 0.359465 0.486118
8 0.300251 0.225091 0.131607 0.126616
7 0.816216 0.905512 0.177226 0.188975
4 0.801650 0.359225 0.323920 0.260124
4 0.097837 0.781784 0.131637 0.273924
1 0.709040 0.211350 0.141353 0.255422
4 0.261974 0.733718 0.134269 0.258232
5 0.802844 0.891226 0.301192 0.216488
0 0.102329 0.539433 0.079544 0.092185
5 0.262537 0.743310 0.218896 0.509914
2 0.372845 0.514610 0.078127 0.054356
4 0.448952 0.785454 0.143007 0.344982
5 0.099244 0.745730 0.192604 0.508021
0 0.240340 0.520667 0.080214 0.063389
8 0.524837 0.266416 0.098909 0.105293
5 0.425020 0.744012 0.257306 0.510008
0 0.686568 0.866410 0.076701 0.135687
4 0.577896 0.750112 0.121326 0.484715
5 0.551549 0.743462 0.174846 0.510196
3 0.245050 0.588135 0.043893 0.040223
3 0.099396 0.633331 0.042807 0.043410
9 0.621949 0.160355 0.029249 0.038414
3 0.391103 0.606090 0.044829 0.060107
3 0.719843 0.912202 0.028278 0.053986
3 0.563500 0.508148 0.067536 0.039185
5 0.034624 0.757459 0.067575 0.483287
2 0.009132 0.543401 0.018264 0.071469
8 0.628357 0.208550 0.021836 0.107339
5 0.023118 0.733172 0.046236 0.435518
