5 0.135818 0.732970 0.268985 0.531405
5 0.702301 0.203396 0.245804 0.405644
4 0.889878 0.247721 0.105020 0.131663
5 0.906401 0.287331 0.186709 0.360321
8 0.318142 0.219353 0.519267 0.437217
4 0.322777 0.904384 0.237647 0.190594
5 0.322828 0.794098 0.282404 0.409572
3 0.392141 0.779529 0.098882 0.063847
0 0.368937 0.649840 0.201289 0.114340
4 0.133366 0.846533 0.266727 0.304743
4 0.639889 0.098444 0.121560 0.196372
0 0.119270 0.511247 0.238299 0.085287
3 0.151671 0.614342 0.134330 0.114398
0 0.914065 0.142328 0.065121 0.053803
5 0.873634 0.794298 0.041754 0.110179
4 0.873874 0.773666 0.027044 0.037003
4 0.894582 0.715617 0.045391 0.060908
5 0.886160 0.768174 0.062826 0.165872
3 0.899471 0.178350 0.029304 0.023633
3 0.734957 0.016537 0.051196 0.033074
5 0.668294 0.706216 0.021012 0.049266
2 0.869752 0.742651 0.017049 0.017581
5 0.270181 0.733522 0.538200 0.532794
3 0.724135 0.019575 0.048211 0.035559
5 0.659572 0.709157 0.015524 0.044984
