8 0.185603 0.763738 0.371146 0.470088
5 0.789512 0.765468 0.420898 0.468858
5 0.507246 0.798186 0.278742 0.402366
8 0.633900 0.097765 0.346659 0.195530
8 0.312258 0.207525 0.112905 0.112612
4 0.498754 0.915133 0.260637 0.169424
1 0.521783 0.750874 0.105274 0.124037
1 0.842591 0.707777 0.085449 0.124000
7 0.286265 0.774665 0.029682 0.060458
2 0.538942 0.650317 0.096690 0.062988
2 0.826361 0.579276 0.125690 0.076091
4 0.811199 0.910500 0.303521 0.178610
5 0.264496 0.794717 0.079310 0.177356
0 0.287075 0.721623 0.021972 0.027572
9 0.149215 0.237017 0.145910 0.041628
9 0.118307 0.235163 0.099996 0.035129
5 0.958834 0.765568 0.081540 0.468864
