8 0.316035 0.229914 0.632071 0.459623
8 0.313393 0.707546 0.626283 0.497195
5 0.838547 0.729441 0.322123 0.540118
1 0.689205 0.094134 0.036358 0.043406
4 0.690376 0.234121 0.099203 0.233509
4 0.908141 0.183135 0.105085 0.301196
5 0.102313 0.174993 0.072159 0.178480
5 0.699754 0.235218 0.136658 0.449398
4 0.901328 0.742558 0.197316 0.509450
5 0.914324 0.230123 0.161628 0.460238
2 0.687344 0.040639 0.051431 0.048361
4 0.085203 0.160742 0.026824 0.058723
2 0.085477 0.097868 0.021539 0.023201
1 0.892012 0.011765 0.039950 0.023221
4 0.096286 0.157673 0.035469 0.052579
5 0.225652 0.482533 0.061266 0.046771
3 0.089773 0.123368 0.014042 0.015186
