8 0.714941 0.625296 0.567888 0.493599
8 0.112675 0.130330 0.224804 0.260010
8 0.215266 0.752186 0.430533 0.491558
5 0.324954 0.719971 0.033120 0.074254
8 0.312153 0.146865 0.035434 0.067808
9 0.111692 0.143108 0.041934 0.050674
8 0.207414 0.151440 0.038231 0.047411
8 0.154380 0.123781 0.037819 0.041457
8 0.280936 0.146918 0.034170 0.060746
8 0.347035 0.150948 0.042483 0.065089
8 0.417002 0.157325 0.025273 0.075458
8 0.398826 0.148555 0.045728 0.082730
8 0.263168 0.147119 0.026665 0.054652
4 0.320703 0.725555 0.017155 0.037068
2 0.319153 0.690433 0.011261 0.014340
8 0.395989 0.116985 0.030820 0.039261
8 0.270512 0.143763 0.031913 0.058008
8 0.067769 0.192372 0.135411 0.371656
5 0.930946 0.189598 0.138108 0.379197
