8 0.300304 0.264898 0.599138 0.528782
8 0.798681 0.267360 0.394807 0.528035
8 0.329982 0.772981 0.515576 0.453821
5 0.786550 0.763852 0.356882 0.469902
5 0.890100 0.763922 0.219715 0.470428
4 0.894563 0.870855 0.210718 0.258290
8 0.800385 0.396057 0.398296 0.264610
4 0.785856 0.738407 0.241024 0.421953
7 0.098852 0.564426 0.034504 0.059998
5 0.118039 0.070553 0.088708 0.141041
3 0.934197 0.696816 0.075419 0.143565
5 0.093758 0.578192 0.058446 0.096524
2 0.964049 0.586017 0.071809 0.115848
5 0.669277 0.764992 0.139942 0.469933
7 0.125148 0.033576 0.031049 0.062233
