5 0.159042 0.880387 0.317685 0.239154
8 0.610901 0.383322 0.562557 0.759815
7 0.057349 0.879395 0.113653 0.240501
5 0.686291 0.279556 0.044397 0.137929
5 0.387317 0.123539 0.041698 0.135849
5 0.405537 0.299527 0.038898 0.130063
8 0.048040 0.090325 0.096080 0.180650
7 0.402277 0.273938 0.023650 0.039724
5 0.665368 0.956628 0.653973 0.085759
7 0.683051 0.256290 0.020524 0.038829
1 0.644416 0.974239 0.441882 0.051172
7 0.387206 0.100452 0.027735 0.043489
0 0.678928 0.218887 0.012577 0.015041
7 0.687768 0.259482 0.018790 0.033341
8 0.964814 0.068054 0.070371 0.136023
