5 0.749354 0.771255 0.501292 0.442816
8 0.228489 0.272352 0.456485 0.544601
8 0.141300 0.814277 0.282599 0.291426
1 0.748547 0.683747 0.499307 0.267751
8 0.610396 0.198847 0.219668 0.305313
5 0.151869 0.118989 0.094884 0.116440
8 0.751951 0.127648 0.495592 0.254862
6 0.084036 0.460191 0.108414 0.181351
4 0.750886 0.857798 0.497808 0.273275
7 0.469841 0.306953 0.060255 0.145013
5 0.453124 0.367662 0.094374 0.362950
6 0.354400 0.478859 0.129080 0.141156
5 0.606245 0.771179 0.213934 0.443307
7 0.153351 0.135534 0.060473 0.083682
2 0.164790 0.075179 0.030466 0.022728
3 0.536548 0.655496 0.071875 0.185597
3 0.163568 0.103551 0.017792 0.018856
5 0.910735 0.039043 0.045656 0.077009
0 0.492767 0.204483 0.016116 0.025525
4 0.600442 0.822481 0.199213 0.302807
