8 0.717010 0.714117 0.554803 0.571264
8 0.219891 0.233402 0.439781 0.395016
9 0.293982 0.649014 0.033945 0.029411
5 0.669557 0.315263 0.106586 0.154147
5 0.911014 0.371833 0.173903 0.112249
5 0.204318 0.830398 0.088440 0.257876
4 0.671024 0.341963 0.046864 0.090878
5 0.208928 0.691568 0.059063 0.137142
9 0.255062 0.637754 0.027441 0.026518
8 0.138737 0.645431 0.032758 0.038691
2 0.680530 0.261282 0.032302 0.037695
4 0.209924 0.678490 0.030749 0.056070
0 0.203019 0.637668 0.023615 0.028324
5 0.488215 0.623621 0.098480 0.404837
4 0.205008 0.779170 0.036079 0.082150
0 0.206642 0.719162 0.029534 0.037958
2 0.911097 0.376764 0.036736 0.029297
9 0.093960 0.638982 0.032472 0.025405
9 0.226120 0.623698 0.031750 0.030044
0 0.214405 0.720766 0.037143 0.040998
4 0.483003 0.504793 0.086476 0.143490
2 0.914125 0.385088 0.040099 0.045523
