5 0.734253 0.255300 0.530975 0.508512
8 0.234038 0.255722 0.468075 0.509867
8 0.235754 0.785111 0.471509 0.429395
5 0.204716 0.329871 0.065664 0.189630
7 0.921779 0.618374 0.055973 0.078698
5 0.420430 0.818433 0.096102 0.126846
1 0.794018 0.307776 0.406175 0.391493
5 0.906100 0.639213 0.096283 0.128203
5 0.901439 0.561439 0.064964 0.105812
5 0.834682 0.665923 0.060892 0.104719
5 0.778906 0.855221 0.037605 0.086575
7 0.838801 0.646400 0.038746 0.056944
2 0.194146 0.247725 0.023644 0.027893
7 0.715144 0.857041 0.040273 0.060596
4 0.733683 0.416180 0.529107 0.186254
7 0.907773 0.524848 0.040215 0.033490
5 0.717158 0.869568 0.046321 0.077357
0 0.708217 0.845636 0.020206 0.031173
4 0.190096 0.313374 0.027359 0.056467
0 0.930057 0.598921 0.022123 0.035696
0 0.778786 0.834206 0.022836 0.033628
2 0.844118 0.042206 0.311506 0.084399
0 0.839572 0.630561 0.019434 0.033191
5 0.972611 0.541308 0.052157 0.064702
2 0.400769 0.765290 0.029554 0.015773
4 0.197249 0.314121 0.030866 0.053633
0 0.924584 0.593016 0.021295 0.030940
0 0.839862 0.636548 0.027984 0.041245
