9 0.838534 0.214358 0.321631 0.428584
8 0.212861 0.213899 0.425183 0.427798
5 0.623681 0.215412 0.262950 0.430595
6 0.072301 0.642665 0.143269 0.262826
6 0.408774 0.620847 0.162530 0.288250
6 0.089418 0.921782 0.103218 0.155614
7 0.609911 0.139923 0.236803 0.279426
6 0.297733 0.933546 0.114728 0.132738
6 0.805372 0.943953 0.057102 0.110490
6 0.721610 0.085390 0.034779 0.046324
6 0.768128 0.680213 0.013928 0.032643
5 0.211686 0.233697 0.045779 0.046263
6 0.912481 0.717099 0.016823 0.037142
6 0.821742 0.691045 0.014963 0.036931
6 0.742770 0.669336 0.013468 0.031104
6 0.943205 0.704428 0.008761 0.020802
7 0.208958 0.236094 0.037845 0.040816
6 0.880290 0.690350 0.010927 0.024178
6 0.969876 0.711036 0.011974 0.030570
6 0.731514 0.668438 0.013365 0.032005
5 0.552662 0.215772 0.123866 0.431225
9 0.586507 0.581974 0.074799 0.081414
