8 0.284958 0.169089 0.568276 0.338013
8 0.286652 0.668197 0.572870 0.657939
8 0.784755 0.622060 0.430414 0.547082
5 0.240276 0.111986 0.119123 0.136367
7 0.841153 0.871035 0.033379 0.062704
7 0.639457 0.877465 0.034342 0.060158
8 0.615680 0.129602 0.095477 0.191826
8 0.402772 0.640194 0.199043 0.217400
8 0.076509 0.701096 0.152741 0.415231
5 0.336483 0.622134 0.041740 0.087604
5 0.754395 0.904778 0.067810 0.141192
5 0.637928 0.890462 0.054327 0.124915
5 0.838522 0.893826 0.062512 0.154354
7 0.758283 0.890946 0.038598 0.062706
6 0.795491 0.311353 0.028289 0.051489
2 0.221113 0.058728 0.033445 0.020356
5 0.640044 0.029499 0.017115 0.044330
4 0.343406 0.631890 0.019040 0.041074
2 0.353017 0.592163 0.014162 0.016011
5 0.972166 0.054031 0.018937 0.044185
5 0.723347 0.701081 0.042231 0.069640
2 0.635298 0.834694 0.016547 0.013763
5 0.978485 0.052076 0.018860 0.042453
2 0.778241 0.846033 0.018640 0.019215
4 0.338472 0.629280 0.022355 0.040715
7 0.978677 0.048727 0.015883 0.034563
5 0.928939 0.956052 0.131438 0.087563
4 0.348709 0.632598 0.019718 0.045350
