7 0.313362 0.512704 0.129547 0.217924
8 0.320910 0.086185 0.202577 0.172370
7 0.039695 0.565145 0.079226 0.203351
5 0.077503 0.655262 0.154174 0.508386
1 0.850748 0.843197 0.298504 0.313607
8 0.091002 0.200012 0.181454 0.266206
5 0.314637 0.593053 0.200258 0.386751
0 0.055315 0.437344 0.060464 0.075261
1 0.060535 0.491377 0.031698 0.048762
0 0.231361 0.417631 0.048726 0.034420
5 0.143713 0.439096 0.122219 0.078018
7 0.161997 0.432327 0.107389 0.064079
7 0.130351 0.434384 0.069941 0.068817
5 0.125582 0.438324 0.064913 0.074466
5 0.015458 0.641592 0.030916 0.429636
