5 0.819439 0.197280 0.361121 0.363994
5 0.268160 0.689075 0.536253 0.619737
8 0.320374 0.189551 0.634181 0.378569
7 0.969785 0.484264 0.058962 0.099871
4 0.184031 0.782303 0.368061 0.434259
1 0.172047 0.551566 0.186731 0.206903
7 0.871378 0.516160 0.087192 0.152945
2 0.751836 0.143234 0.225234 0.205408
7 0.741945 0.455333 0.052978 0.097309
5 0.852368 0.589398 0.173485 0.409537
5 0.744721 0.485596 0.083153 0.211931
0 0.981172 0.405636 0.021825 0.026772
7 0.834235 0.464545 0.048639 0.087076
0 0.889643 0.405278 0.038236 0.040003
0 0.840319 0.396666 0.021174 0.023366
1 0.740532 0.311394 0.199855 0.136820
5 0.961270 0.526654 0.077334 0.274198
7 0.910701 0.471482 0.031535 0.084833
5 0.827114 0.481878 0.071169 0.191182
3 0.979845 0.431105 0.016120 0.016790
5 0.972246 0.629027 0.055106 0.415193
5 0.903782 0.478737 0.062084 0.189325
5 0.845701 0.464813 0.056050 0.153673
7 0.986853 0.556463 0.026067 0.137406
3 0.892113 0.444463 0.018762 0.020847
5 0.984639 0.526858 0.030508 0.227669
3 0.756111 0.403627 0.016300 0.016146
3 0.840193 0.421599 0.012837 0.013927
5 0.854842 0.445492 0.040086 0.107935
5 0.273960 0.221374 0.046211 0.094329
7 0.850724 0.463089 0.035257 0.085089
7 0.853583 0.445042 0.027446 0.042686
7 0.990522 0.523544 0.018664 0.187395
