8 0.237521 0.275485 0.474813 0.548291
5 0.775996 0.774266 0.447901 0.449704
9 0.517190 0.498973 0.089824 0.098461
4 0.358049 0.266810 0.055614 0.107134
7 0.655805 0.429313 0.138233 0.239575
5 0.379539 0.322885 0.167246 0.330711
5 0.345393 0.484610 0.225350 0.130052
4 0.298567 0.519169 0.060986 0.061677
5 0.704925 0.305574 0.344672 0.491520
9 0.591948 0.485181 0.097840 0.129604
7 0.778187 0.779505 0.365615 0.439486
5 0.804387 0.377857 0.172056 0.344362
0 0.628166 0.239318 0.061921 0.088210
7 0.784576 0.405525 0.083831 0.179098
2 0.325157 0.445955 0.054955 0.041303
3 0.742214 0.582817 0.111080 0.066981
0 0.744799 0.264449 0.035326 0.050206
2 0.351250 0.176917 0.037106 0.027710
3 0.358329 0.204199 0.025682 0.020653
3 0.332135 0.484574 0.023493 0.023058
