9 0.304965 0.849024 0.609639 0.301467
7 0.064981 0.300268 0.129960 0.276035
6 0.559694 0.832666 0.089006 0.172600
5 0.087604 0.259925 0.175078 0.519850
8 0.695855 0.259503 0.174908 0.515483
9 0.510903 0.141455 0.083702 0.117112
6 0.317508 0.672069 0.035362 0.068609
9 0.558199 0.123397 0.081367 0.117363
6 0.411139 0.718461 0.048582 0.097665
0 0.023748 0.036373 0.046376 0.072645
9 0.022316 0.593852 0.044632 0.123478
6 0.248028 0.656633 0.023129 0.049439
6 0.136251 0.648328 0.019971 0.040848
6 0.051160 0.658873 0.015835 0.033080
6 0.200250 0.647683 0.018458 0.042284
1 0.014036 0.103400 0.028051 0.090578
8 0.804289 0.412723 0.389039 0.213682
