8 0.729674 0.642575 0.125337 0.130177
8 0.308822 0.820786 0.372863 0.357697
8 0.770265 0.098049 0.459270 0.195921
8 0.253240 0.287363 0.368339 0.429327
9 0.611733 0.553953 0.083183 0.087551
5 0.223413 0.765298 0.025695 0.035887
5 0.241883 0.321440 0.039856 0.065175
9 0.727059 0.561804 0.033329 0.031453
9 0.758906 0.536340 0.033796 0.028317
9 0.604087 0.572004 0.062217 0.052685
6 0.768167 0.559810 0.016339 0.025686
9 0.746130 0.562598 0.019768 0.025226
8 0.179679 0.516859 0.157948 0.033404
4 0.241986 0.328381 0.030325 0.038886
