8 0.784378 0.169981 0.431239 0.338661
8 0.265853 0.148031 0.494645 0.294684
7 0.723422 0.201220 0.310031 0.275701
4 0.133528 0.604530 0.105797 0.196541
5 0.639597 0.106037 0.136261 0.172762
5 0.913561 0.414604 0.167517 0.149856
0 0.168939 0.446237 0.065217 0.075929
5 0.748272 0.169631 0.357701 0.337683
7 0.646070 0.128386 0.116579 0.121733
5 0.114857 0.699916 0.182445 0.594516
3 0.799675 0.048791 0.082893 0.044673
2 0.662304 0.043617 0.048771 0.027110
8 0.526784 0.141134 0.088299 0.282001
5 0.640814 0.172923 0.142837 0.330506
1 0.175100 0.508448 0.020752 0.040053
