9 0.274278 0.772016 0.192362 0.206290
8 0.189342 0.276937 0.378066 0.545197
8 0.478424 0.726718 0.200200 0.352407
5 0.137389 0.417383 0.132860 0.260167
4 0.135354 0.394250 0.084887 0.096372
5 0.545751 0.182098 0.166881 0.363972
7 0.562127 0.033752 0.116878 0.067504
7 0.391325 0.889699 0.023649 0.061984
5 0.397044 0.913199 0.037141 0.152992
2 0.150979 0.302028 0.027658 0.025770
8 0.299589 0.368693 0.156318 0.361230
3 0.146307 0.338418 0.024586 0.026785
5 0.196204 0.049389 0.068672 0.095943
3 0.144104 0.346635 0.024793 0.024925
0 0.403200 0.845966 0.012509 0.014404
8 0.929632 0.774684 0.140361 0.448229
