8 0.193348 0.269859 0.386083 0.537434
5 0.853928 0.264824 0.291750 0.529648
0 0.456765 0.047207 0.135473 0.094241
0 0.959422 0.138548 0.081156 0.269957
4 0.636261 0.940860 0.056573 0.106165
5 0.636902 0.916321 0.079124 0.167359
5 0.288814 0.165743 0.055454 0.116853
5 0.448400 0.269236 0.123159 0.537367
4 0.294176 0.155137 0.026783 0.039484
4 0.427884 0.342869 0.077549 0.364539
3 0.634465 0.879966 0.018738 0.017670
2 0.296159 0.120487 0.016946 0.014118
2 0.635224 0.842363 0.019316 0.017893
3 0.416481 0.185998 0.057266 0.085155
2 0.637516 0.837943 0.020764 0.019742
4 0.421058 0.392338 0.062817 0.238499
3 0.295458 0.129159 0.011894 0.012043
3 0.426715 0.153012 0.069576 0.065259
