5 0.769264 0.328589 0.461381 0.655461
4 0.811509 0.424154 0.376218 0.471208
8 0.215084 0.303393 0.429577 0.592307
1 0.868926 0.039732 0.193916 0.079156
2 0.075279 0.861088 0.113805 0.134070
5 0.331810 0.304985 0.119890 0.132736
5 0.685297 0.828594 0.512472 0.339625
5 0.107356 0.890562 0.214691 0.218743
4 0.132082 0.708389 0.105576 0.097036
5 0.165885 0.798722 0.272885 0.277990
1 0.096886 0.946465 0.046535 0.060350
4 0.059843 0.974896 0.119686 0.050061
2 0.372253 0.253281 0.033535 0.018490
8 0.720389 0.928670 0.557688 0.142416
