6 0.412880 0.617274 0.088530 0.183990
6 0.371166 0.647111 0.099088 0.202888
5 0.742679 0.189474 0.366334 0.378650
8 0.246348 0.465073 0.384213 0.170522
7 0.726838 0.277720 0.338265 0.204169
6 0.046899 0.508445 0.036952 0.057370
6 0.518744 0.452016 0.050942 0.100042
5 0.383319 0.179746 0.052028 0.119526
6 0.446505 0.570518 0.084102 0.160528
6 0.408570 0.434069 0.039590 0.068232
9 0.302789 0.403483 0.075492 0.050016
4 0.379155 0.165015 0.027143 0.046976
6 0.439631 0.434788 0.036950 0.071965
6 0.492563 0.495922 0.061042 0.119144
6 0.443417 0.502692 0.060830 0.116788
9 0.267358 0.408710 0.083547 0.057058
6 0.472011 0.413464 0.018882 0.035490
6 0.474051 0.430494 0.031313 0.072678
6 0.443565 0.476159 0.048823 0.080755
2 0.377749 0.130877 0.013801 0.014094
