8 0.156172 0.706981 0.311545 0.434887
1 0.663405 0.123121 0.219852 0.244896
5 0.669024 0.244158 0.646355 0.487894
8 0.128648 0.117565 0.257231 0.190185
8 0.170900 0.376124 0.278674 0.223800
8 0.736657 0.875458 0.386902 0.247682
8 0.411923 0.814961 0.205073 0.179116
8 0.821327 0.685691 0.356367 0.396346
8 0.762835 0.608492 0.145514 0.130877
4 0.706216 0.324396 0.452790 0.327150
8 0.539217 0.644406 0.329802 0.310558
8 0.276923 0.713499 0.064469 0.115128
5 0.582245 0.655389 0.027228 0.048024
5 0.587456 0.864819 0.022551 0.027314
9 0.877314 0.531037 0.020947 0.022297
9 0.904854 0.528083 0.023265 0.019980
5 0.589306 0.652540 0.024936 0.038504
9 0.897983 0.529452 0.022052 0.019893
8 0.016292 0.618372 0.032585 0.254179
9 0.897495 0.523947 0.019685 0.019517
8 0.058908 0.806218 0.117563 0.164729
9 0.870463 0.531747 0.019822 0.024716
