8 0.704606 0.231196 0.589112 0.459886
5 0.173792 0.728621 0.347181 0.540789
5 0.851434 0.709626 0.145496 0.229542
3 0.044648 0.581796 0.089297 0.101990
7 0.153477 0.767669 0.306075 0.463315
4 0.832314 0.661237 0.062856 0.049613
8 0.819309 0.356326 0.360678 0.206614
5 0.539413 0.369484 0.064961 0.096628
5 0.295417 0.668169 0.051114 0.127388
4 0.226166 0.670627 0.041972 0.109498
2 0.820502 0.614188 0.032407 0.023659
5 0.266269 0.633486 0.033144 0.072504
4 0.288632 0.649053 0.025918 0.040536
4 0.219219 0.661103 0.025711 0.047324
4 0.266143 0.636443 0.024107 0.045519
2 0.217958 0.621716 0.016333 0.015220
3 0.821277 0.630159 0.021585 0.016809
4 0.229606 0.659032 0.026297 0.038709
4 0.218100 0.660536 0.021447 0.030144
5 0.256039 0.639433 0.032798 0.078530
4 0.242424 0.644517 0.029013 0.053858
4 0.217918 0.661903 0.027153 0.080059
0 0.061392 0.481529 0.121414 0.044362
5 0.267356 0.675994 0.049847 0.137391
