8 0.737849 0.369440 0.516881 0.733850
8 0.214352 0.200189 0.428312 0.386900
5 0.188250 0.870729 0.375591 0.257740
2 0.079175 0.842102 0.158258 0.176080
5 0.318778 0.868892 0.319336 0.261648
7 0.213544 0.565740 0.122364 0.125586
5 0.771185 0.367565 0.310829 0.733707
5 0.190153 0.594405 0.213365 0.287523
7 0.722556 0.235488 0.121965 0.330114
0 0.835093 0.871135 0.036112 0.037670
7 0.961221 0.955601 0.064305 0.088797
5 0.955509 0.929141 0.087789 0.141718
7 0.131921 0.534319 0.092557 0.101237
0 0.980926 0.881346 0.034062 0.039201
7 0.764184 0.947434 0.058774 0.101853
0 0.201262 0.477835 0.071065 0.037592
7 0.823606 0.949397 0.055776 0.101206
5 0.766666 0.928691 0.090555 0.141151
5 0.817229 0.925167 0.090347 0.149007
5 0.104217 0.565202 0.181538 0.266351
0 0.144930 0.454563 0.056013 0.034535
0 0.783861 0.880358 0.034232 0.036681
3 0.184196 0.507717 0.020978 0.018918
7 0.207812 0.359068 0.020506 0.029293
3 0.136940 0.485230 0.025764 0.018831
5 0.507236 0.893091 0.053515 0.213538
0 0.807862 0.888768 0.019074 0.033116
5 0.208631 0.358741 0.025109 0.035377
3 0.982162 0.914188 0.016738 0.016099
0 0.494412 0.807216 0.023351 0.042563
3 0.726114 0.007640 0.034526 0.015280
9 0.575096 0.986990 0.042759 0.025043
1 0.074341 0.984992 0.148682 0.029965
8 0.565556 0.872154 0.173449 0.254851
