8 0.784398 0.720508 0.429994 0.557851
8 0.783714 0.219605 0.430174 0.438484
7 0.516196 0.295675 0.016556 0.035280
8 0.194550 0.185888 0.346689 0.371477
9 0.478591 0.091220 0.042235 0.056591
5 0.198530 0.718741 0.397060 0.560229
5 0.285885 0.372218 0.030015 0.107860
5 0.444210 0.399233 0.039482 0.084535
7 0.446892 0.397248 0.030557 0.039676
7 0.473572 0.400094 0.031589 0.044228
7 0.285115 0.356433 0.016057 0.031276
5 0.515533 0.310075 0.027730 0.088616
5 0.508217 0.399766 0.036388 0.082847
7 0.509795 0.394211 0.025603 0.039317
5 0.496067 0.401045 0.029216 0.082410
5 0.519365 0.397444 0.035639 0.083913
5 0.478175 0.400921 0.037573 0.076375
7 0.553646 0.300766 0.020427 0.040092
7 0.557404 0.359695 0.021394 0.046256
5 0.929042 0.038697 0.046290 0.074810
7 0.532610 0.387688 0.018970 0.033472
0 0.447742 0.360841 0.013143 0.020360
5 0.521568 0.346737 0.015416 0.029231
5 0.555872 0.377797 0.027328 0.112974
4 0.933118 0.045865 0.029669 0.043847
7 0.517334 0.393905 0.024270 0.037701
7 0.499508 0.395762 0.023717 0.041266
5 0.507604 0.315235 0.018028 0.088713
7 0.527527 0.361223 0.019268 0.038937
7 0.289959 0.354959 0.016680 0.033118
7 0.542003 0.391056 0.014669 0.023084
7 0.511636 0.297113 0.018791 0.035759
5 0.464933 0.397270 0.035486 0.080123
7 0.544389 0.378329 0.018319 0.034625
5 0.420439 0.718277 0.290228 0.562482
7 0.544334 0.362727 0.027445 0.052020
8 0.063363 0.720090 0.125508 0.559821
8 0.949252 0.068707 0.101497 0.137414
5 0.939724 0.040641 0.033019 0.081282
5 0.546007 0.364258 0.022385 0.059510
8 0.180987 0.720242 0.361905 0.559516
0 0.446832 0.365808 0.012251 0.016226
8 0.546426 0.114004 0.045914 0.104113
5 0.556355 0.355296 0.025121 0.063761
