5 0.789631 0.779013 0.420339 0.438162
8 0.290093 0.779954 0.577878 0.439583
5 0.168806 0.278851 0.334330 0.555709
6 0.638916 0.119468 0.120799 0.237634
7 0.177704 0.192030 0.162431 0.252041
6 0.947372 0.116075 0.105257 0.231409
6 0.637858 0.399322 0.103607 0.173445
6 0.861518 0.429178 0.106927 0.172333
5 0.492945 0.701530 0.117175 0.132784
4 0.810730 0.863082 0.378215 0.272758
6 0.639736 0.515538 0.076471 0.088955
1 0.206065 0.036631 0.063062 0.065477
6 0.796516 0.524688 0.077129 0.072481
7 0.507613 0.712238 0.076796 0.055447
0 0.514146 0.658597 0.038874 0.034810
