8 0.240168 0.693974 0.480190 0.610789
5 0.616423 0.731217 0.275288 0.531461
8 0.097226 0.180896 0.193218 0.187218
4 0.594293 0.793733 0.228216 0.338112
0 0.666286 0.535617 0.135246 0.112568
5 0.894741 0.708617 0.210518 0.579574
5 0.530967 0.275075 0.048360 0.124984
3 0.638239 0.612203 0.080630 0.062795
0 0.971186 0.469686 0.057628 0.095080
3 0.978448 0.554179 0.042906 0.048376
4 0.949148 0.689068 0.101705 0.257494
4 0.531078 0.260547 0.028858 0.050592
5 0.257803 0.505625 0.029962 0.052946
2 0.530859 0.221917 0.014201 0.014786
