5 0.730955 0.255273 0.537764 0.509625
5 0.214344 0.686295 0.068771 0.111300
4 0.730070 0.398788 0.538521 0.215352
5 0.207041 0.779019 0.413104 0.440820
3 0.085585 0.954115 0.143424 0.091612
1 0.782113 0.130376 0.417639 0.233352
8 0.049359 0.394575 0.097093 0.079356
2 0.090790 0.642645 0.178292 0.156579
6 0.955820 0.952678 0.036584 0.067886
6 0.849150 0.955676 0.021762 0.043381
6 0.739241 0.963442 0.015583 0.033938
2 0.833589 0.027966 0.327840 0.055864
8 0.061166 0.399689 0.066165 0.071709
6 0.610894 0.973484 0.015006 0.024896
8 0.429956 0.382464 0.060172 0.192354
