8 0.719013 0.765710 0.561360 0.468257
8 0.232778 0.119792 0.413106 0.239488
8 0.123467 0.281517 0.246387 0.342299
0 0.599690 0.077842 0.211837 0.141672
5 0.596512 0.203916 0.232145 0.398279
0 0.636796 0.431578 0.105047 0.067171
5 0.854821 0.213749 0.279974 0.348954
4 0.866178 0.304738 0.185571 0.149160
5 0.079039 0.764753 0.157815 0.469945
5 0.281068 0.084671 0.045160 0.062109
0 0.807397 0.508301 0.106258 0.044358
5 0.597110 0.465152 0.173945 0.132304
0 0.698072 0.507253 0.069116 0.045131
3 0.621082 0.516925 0.059354 0.033207
0 0.927435 0.118281 0.093971 0.121388
9 0.548533 0.929462 0.222550 0.141071
4 0.479565 0.484739 0.085488 0.087507
8 0.540069 0.924115 0.202777 0.151771
5 0.698313 0.506753 0.071562 0.045591
5 0.469995 0.203274 0.061772 0.396679
0 0.927475 0.363004 0.136722 0.049947
5 0.481305 0.467142 0.086006 0.122483
5 0.893529 0.356809 0.212942 0.068688
7 0.282201 0.073572 0.025850 0.031256
0 0.525632 0.499302 0.024606 0.057274
5 0.527697 0.498843 0.024563 0.058115
4 0.464422 0.095721 0.050820 0.178268
0 0.975559 0.190499 0.048882 0.101492
7 0.279989 0.081667 0.036705 0.047714
5 0.926302 0.173012 0.133787 0.213084
