8 0.234333 0.163682 0.468192 0.326259
6 0.823217 0.562539 0.162966 0.265913
6 0.862683 0.857075 0.094843 0.170897
6 0.894033 0.118924 0.025708 0.077381
6 0.871617 0.960700 0.072002 0.078601
6 0.672144 0.094057 0.021476 0.063963
6 0.819022 0.057264 0.015290 0.051842
6 0.696890 0.019167 0.010668 0.030922
6 0.609336 0.062849 0.016847 0.046792
6 0.953296 0.065701 0.015996 0.053318
6 0.754063 0.039612 0.015343 0.046529
6 0.635895 0.037328 0.014428 0.038517
6 0.778683 0.017204 0.010844 0.031684
6 0.883162 0.007556 0.008072 0.015113
6 0.753137 0.027612 0.014184 0.032504
6 0.831064 0.009459 0.009101 0.018559
5 0.105008 0.272813 0.017034 0.023965
7 0.106390 0.296789 0.018573 0.026606
5 0.489422 0.891975 0.041216 0.150563
7 0.104586 0.268579 0.014951 0.019735
