8 0.744433 0.284822 0.506830 0.568603
5 0.744912 0.784116 0.506183 0.430448
8 0.207187 0.282821 0.314149 0.359905
8 0.278613 0.284471 0.420318 0.568942
5 0.298368 0.784325 0.383216 0.431286
8 0.884521 0.317940 0.229500 0.500957
7 0.332965 0.807975 0.319992 0.383971
8 0.090747 0.313793 0.054904 0.053096
0 0.834586 0.776143 0.330729 0.417275
8 0.152666 0.298107 0.042562 0.043986
3 0.655505 0.742178 0.178098 0.321556
9 0.194879 0.333099 0.048861 0.049191
3 0.461385 0.597094 0.056358 0.056514
7 0.582753 0.785953 0.184956 0.421550
8 0.017628 0.289763 0.034700 0.066158
8 0.041092 0.292869 0.041229 0.065524
8 0.028222 0.290622 0.039249 0.064829
3 0.679421 0.704974 0.125438 0.252751
5 0.564525 0.037015 0.043070 0.070748
