5 0.195068 0.665388 0.389747 0.666764
8 0.193977 0.165050 0.387949 0.330101
8 0.779326 0.663444 0.440933 0.669096
0 0.848306 0.092266 0.149720 0.169506
3 0.829460 0.252102 0.087766 0.075564
0 0.559764 0.136356 0.129093 0.125309
5 0.805975 0.167310 0.269887 0.322975
5 0.569648 0.199740 0.311930 0.257443
3 0.571638 0.264068 0.087019 0.072025
7 0.047741 0.291543 0.053610 0.070344
4 0.224766 0.936022 0.330953 0.127727
3 0.340049 0.779057 0.098232 0.265239
5 0.305058 0.263009 0.083403 0.134574
0 0.322662 0.217908 0.040180 0.041583
7 0.300529 0.287452 0.060203 0.084433
0 0.359164 0.207932 0.026914 0.030884
0 0.047634 0.220285 0.032633 0.029230
5 0.051861 0.265038 0.084420 0.125107
0 0.965936 0.068207 0.067788 0.136209
7 0.355668 0.283457 0.043616 0.093098
5 0.357818 0.258670 0.053187 0.137996
5 0.962009 0.164611 0.075982 0.329223
3 0.357047 0.241725 0.016393 0.018408
7 0.373678 0.276650 0.030320 0.103541
3 0.329470 0.257162 0.015145 0.019666
5 0.019187 0.273296 0.038030 0.110525
7 0.014924 0.298870 0.029847 0.060222
1 0.051588 0.252437 0.018120 0.013988
