4 0.803967 0.660377 0.186595 0.235651
8 0.275180 0.750340 0.189361 0.498963
5 0.804196 0.673546 0.231645 0.349194
8 0.660632 0.125724 0.567121 0.251032
8 0.056074 0.164518 0.111853 0.327030
8 0.085568 0.805384 0.170238 0.351028
0 0.816346 0.522993 0.077029 0.043797
7 0.203042 0.429265 0.034646 0.049492
7 0.309374 0.427417 0.026700 0.045769
9 0.222949 0.103893 0.042468 0.059952
9 0.325148 0.152762 0.085645 0.074434
7 0.173793 0.422254 0.030703 0.044577
5 0.171296 0.440675 0.035049 0.114613
7 0.253772 0.320553 0.016278 0.031112
9 0.351745 0.267790 0.033540 0.085702
7 0.241416 0.422958 0.026710 0.042513
5 0.228221 0.445930 0.034349 0.106741
5 0.307141 0.440826 0.044004 0.117193
5 0.242989 0.443722 0.035289 0.110442
7 0.264219 0.411986 0.021709 0.039803
5 0.204528 0.444819 0.034183 0.109240
5 0.255179 0.336507 0.022866 0.086198
5 0.012306 0.384927 0.024154 0.084936
5 0.245556 0.337219 0.027083 0.092636
5 0.259622 0.439418 0.039546 0.116003
7 0.294130 0.327863 0.017862 0.034880
5 0.363387 0.430100 0.021380 0.111335
7 0.294757 0.382983 0.020874 0.039819
7 0.264774 0.398220 0.023486 0.061582
7 0.365368 0.408410 0.012055 0.043330
7 0.328044 0.380669 0.018050 0.034852
7 0.009788 0.379555 0.014572 0.031493
0 0.233109 0.384337 0.012190 0.017135
5 0.183458 0.441710 0.023832 0.114466
5 0.257864 0.368902 0.016089 0.027317
7 0.264764 0.389901 0.019024 0.039509
5 0.292839 0.325821 0.019009 0.052408
7 0.257736 0.418796 0.025622 0.039189
0 0.179146 0.389876 0.011526 0.015936
7 0.280756 0.389508 0.021940 0.046458
5 0.238611 0.338386 0.020587 0.095214
5 0.232061 0.460215 0.027785 0.073504
5 0.289853 0.421230 0.022500 0.088624
5 0.269308 0.470722 0.033106 0.053269
7 0.289159 0.387633 0.021082 0.065215
5 0.259848 0.397237 0.024008 0.065002
5 0.288524 0.435646 0.048251 0.128973
7 0.242802 0.320976 0.013057 0.028972
8 0.316669 0.150336 0.100216 0.086696
5 0.256129 0.456589 0.027015 0.080485
8 0.218448 0.030911 0.221120 0.060271
7 0.303313 0.419229 0.025996 0.047322
7 0.219981 0.426828 0.021877 0.046189
5 0.318114 0.467668 0.029528 0.060579
5 0.283935 0.474104 0.028931 0.046377
5 0.281935 0.391681 0.023653 0.056606
0 0.294653 0.304669 0.011574 0.010585
7 0.260265 0.386564 0.017219 0.029233
5 0.328140 0.388998 0.018688 0.053002
5 0.290935 0.446107 0.030114 0.103327
5 0.357778 0.430727 0.031642 0.134565
