5 0.704870 0.160176 0.588514 0.319545
8 0.200790 0.667812 0.401426 0.664376
5 0.278545 0.701727 0.158663 0.330530
5 0.670157 0.757803 0.360117 0.483589
5 0.188073 0.892800 0.188483 0.213182
8 0.091369 0.124695 0.182001 0.248159
0 0.634733 0.629539 0.201287 0.204032
2 0.192999 0.810087 0.057431 0.038541
1 0.865412 0.223784 0.267427 0.190789
3 0.635668 0.812006 0.109804 0.095393
4 0.267777 0.642530 0.048293 0.102610
4 0.653272 0.939260 0.273662 0.121187
4 0.148330 0.899584 0.073451 0.112229
2 0.283746 0.552058 0.035382 0.027519
3 0.283911 0.580812 0.022449 0.020836
2 0.779526 0.072709 0.434460 0.145378
3 0.195462 0.853052 0.021909 0.022003
