8 0.783170 0.087714 0.247860 0.173556
4 0.547161 0.836274 0.141420 0.302717
7 0.334429 0.831532 0.162118 0.314763
8 0.526592 0.205090 0.263683 0.409902
5 0.549918 0.704707 0.210396 0.589550
5 0.295674 0.777635 0.257168 0.443528
0 0.361854 0.610489 0.075951 0.099860
0 0.492758 0.568851 0.082804 0.044228
8 0.190018 0.377365 0.079946 0.066185
3 0.495481 0.656705 0.046192 0.060419
8 0.327553 0.340575 0.197325 0.139396
8 0.944296 0.216520 0.109267 0.218400
5 0.775675 0.056926 0.031667 0.053996
3 0.360422 0.635393 0.031753 0.042376
7 0.780215 0.048173 0.019451 0.023089
8 0.934541 0.066829 0.130918 0.133657
3 0.357844 0.628259 0.052321 0.058039
