8 0.522635 0.189319 0.177275 0.336207
8 0.167323 0.868685 0.334647 0.260747
8 0.139374 0.481449 0.143354 0.277167
8 0.113085 0.190101 0.210450 0.210016
5 0.653754 0.359094 0.095230 0.679982
8 0.021062 0.312497 0.042124 0.208892
5 0.025256 0.252578 0.018669 0.056036
2 0.626179 0.720598 0.031806 0.041477
7 0.636396 0.290849 0.053143 0.212859
0 0.620076 0.156769 0.022707 0.052223
5 0.650166 0.849124 0.080169 0.301533
5 0.562038 0.245714 0.022047 0.041318
7 0.631738 0.372138 0.047694 0.258516
4 0.626909 0.870639 0.036025 0.218011
8 0.091373 0.076776 0.127942 0.153551
