5 0.204452 0.839556 0.408055 0.319978
5 0.568690 0.830058 0.320194 0.339884
8 0.682952 0.319003 0.549088 0.635228
5 0.807367 0.830291 0.372012 0.339194
3 0.559171 0.822721 0.096132 0.086511
0 0.553946 0.702951 0.157671 0.085905
0 0.840741 0.732175 0.136538 0.127103
3 0.819149 0.860876 0.093002 0.077628
8 0.081142 0.425692 0.162021 0.460970
4 0.783223 0.948723 0.202833 0.102555
2 0.276684 0.837427 0.263840 0.256082
7 0.387131 0.337224 0.038702 0.075805
5 0.373470 0.374289 0.069962 0.210679
4 0.545444 0.946832 0.252252 0.106123
0 0.396810 0.281135 0.020811 0.022984
5 0.439538 0.833748 0.060528 0.332504
