5 0.163802 0.719772 0.326342 0.559116
8 0.828869 0.219550 0.341701 0.437197
8 0.429706 0.211792 0.422655 0.413101
5 0.393418 0.718785 0.395700 0.560689
7 0.362003 0.687833 0.252261 0.474852
4 0.092618 0.749020 0.184903 0.468623
5 0.557327 0.718990 0.161164 0.561721
3 0.335041 0.466292 0.068155 0.055418
5 0.806550 0.159846 0.092799 0.183320
3 0.612214 0.523950 0.055203 0.062343
4 0.599412 0.681650 0.077025 0.306534
3 0.054257 0.509306 0.063501 0.063224
7 0.788227 0.137296 0.043532 0.062058
7 0.804560 0.134619 0.023221 0.061572
2 0.043098 0.453057 0.083634 0.027990
