8 0.759319 0.244439 0.480968 0.487890
3 0.047611 0.794566 0.094858 0.163376
6 0.248216 0.745257 0.491557 0.509070
6 0.653331 0.783250 0.060032 0.114690
8 0.930519 0.251191 0.138698 0.475727
5 0.251638 0.745894 0.503276 0.506043
2 0.076126 0.519442 0.152070 0.062933
6 0.556689 0.644753 0.025601 0.064835
6 0.994241 0.560291 0.010484 0.027770
6 0.819618 0.545399 0.010326 0.025661
6 0.733680 0.546319 0.010459 0.024651
6 0.680792 0.530334 0.006960 0.019569
7 0.596561 0.027582 0.026149 0.044501
6 0.567637 0.531314 0.007952 0.019747
6 0.643885 0.550884 0.009904 0.021628
5 0.582656 0.083383 0.102848 0.163931
5 0.590903 0.038812 0.046399 0.075320
6 0.893621 0.542380 0.008599 0.019117
4 0.048233 0.927413 0.096445 0.145175
