8 0.302987 0.296971 0.602116 0.583185
8 0.300811 0.794666 0.600136 0.409036
4 0.813303 0.433301 0.137326 0.305332
5 0.853270 0.358163 0.263377 0.460456
7 0.112279 0.246427 0.059740 0.085895
5 0.123766 0.284245 0.100711 0.219763
2 0.814068 0.168263 0.079512 0.069535
5 0.908210 0.793757 0.183071 0.412211
0 0.942007 0.649566 0.115170 0.123232
0 0.131286 0.191447 0.031716 0.029053
1 0.789275 0.263004 0.026145 0.056446
3 0.130289 0.217602 0.013953 0.014080
4 0.980347 0.757746 0.039284 0.205927
5 0.018114 0.309872 0.036124 0.407207
