8 0.167190 0.488582 0.333736 0.483002
5 0.174617 0.864829 0.272571 0.268548
8 0.812994 0.293961 0.373657 0.586793
7 0.163819 0.810879 0.172789 0.164500
9 0.241367 0.126546 0.104614 0.043664
7 0.363092 0.776835 0.112067 0.093687
5 0.352970 0.864232 0.133740 0.268169
9 0.077749 0.116944 0.088842 0.092485
5 0.298937 0.701256 0.044232 0.057028
7 0.295936 0.706166 0.030947 0.046102
0 0.291727 0.685039 0.012291 0.017444
7 0.291564 0.696058 0.017828 0.031605
8 0.485166 0.488599 0.134749 0.207783
7 0.291751 0.689200 0.017377 0.019947
9 0.341831 0.412610 0.035312 0.036488
5 0.214763 0.574479 0.130409 0.214603
