8 0.784622 0.204936 0.430640 0.408971
8 0.251119 0.205074 0.501340 0.409587
5 0.378356 0.791820 0.358175 0.415133
4 0.503670 0.813878 0.133021 0.339205
5 0.867620 0.704765 0.226785 0.376199
8 0.490946 0.238367 0.155723 0.335779
4 0.393562 0.909852 0.252670 0.179856
5 0.481145 0.733451 0.179017 0.533098
0 0.413492 0.521693 0.113462 0.087165
0 0.053985 0.771386 0.097940 0.075803
0 0.253761 0.661844 0.125800 0.109954
4 0.148722 0.461627 0.223082 0.106274
0 0.366926 0.623114 0.085985 0.065868
0 0.142561 0.720543 0.085107 0.066846
3 0.442901 0.626965 0.069071 0.062039
0 0.335981 0.676518 0.048039 0.061875
5 0.145307 0.473196 0.284681 0.129325
5 0.173623 0.815276 0.295534 0.368424
5 0.377881 0.666753 0.092261 0.164313
3 0.165551 0.802122 0.047518 0.037928
5 0.518250 0.636878 0.035124 0.046538
3 0.292634 0.779997 0.067783 0.045150
4 0.191709 0.901923 0.110710 0.180343
0 0.486437 0.605567 0.036401 0.045673
0 0.539987 0.574902 0.032272 0.069805
0 0.517743 0.636482 0.036501 0.045520
5 0.357131 0.715352 0.074240 0.146996
4 0.106020 0.933515 0.210819 0.132325
5 0.234781 0.774465 0.079481 0.149828
5 0.541999 0.610544 0.044092 0.140705
3 0.387258 0.696352 0.037891 0.028063
5 0.249320 0.739416 0.106397 0.215433
3 0.227742 0.739051 0.031522 0.040084
5 0.182882 0.803334 0.156003 0.255937
4 0.365617 0.765259 0.056975 0.064998
4 0.186463 0.871261 0.093776 0.116639
3 0.356808 0.730315 0.024826 0.023798
4 0.287977 0.896078 0.138806 0.207843
5 0.055893 0.790802 0.105933 0.116489
0 0.487475 0.617662 0.033492 0.036039
5 0.549297 0.668123 0.041757 0.268320
5 0.021494 0.840670 0.042989 0.318660
