8 0.627130 0.165937 0.145873 0.260992
8 0.395164 0.194459 0.235581 0.194498
9 0.396780 0.881896 0.608064 0.235641
8 0.850195 0.903851 0.299481 0.192032
8 0.391708 0.086748 0.098430 0.095508
6 0.136862 0.790557 0.046328 0.105232
6 0.605589 0.635024 0.024320 0.055802
6 0.316270 0.625997 0.022015 0.053295
6 0.022525 0.643293 0.016306 0.035359
5 0.937771 0.033514 0.111610 0.067027
6 0.129668 0.612459 0.014920 0.031997
6 0.244093 0.586868 0.012575 0.030343
6 0.566469 0.585242 0.015102 0.038911
6 0.516451 0.560288 0.009775 0.027892
6 0.330479 0.587432 0.014702 0.034032
6 0.203723 0.567885 0.009184 0.027086
6 0.366936 0.549194 0.008998 0.023246
6 0.452713 0.549617 0.009859 0.025457
6 0.102792 0.592401 0.009769 0.025761
6 0.643167 0.549481 0.007257 0.022732
6 0.290871 0.553795 0.009424 0.026640
6 0.345026 0.533014 0.007533 0.021307
6 0.596058 0.541081 0.007489 0.019476
5 0.207448 0.058418 0.014285 0.041687
6 0.245527 0.578546 0.012613 0.040697
6 0.042944 0.592112 0.006915 0.017305
6 0.661975 0.558817 0.009961 0.025146
6 0.528823 0.542812 0.008406 0.021296
