8 0.800254 0.609839 0.397725 0.778385
8 0.445143 0.109239 0.309151 0.218344
8 0.128148 0.098499 0.046885 0.076518
8 0.240441 0.095137 0.053147 0.058504
8 0.300614 0.060982 0.044793 0.046748
8 0.338029 0.615672 0.380131 0.765260
8 0.343279 0.107485 0.294617 0.214969
2 0.927277 0.280081 0.068231 0.121842
7 0.958187 0.622523 0.083219 0.309771
8 0.088585 0.103981 0.048890 0.076595
3 0.947240 0.380906 0.038160 0.048710
5 0.945313 0.603804 0.108222 0.784121
8 0.161161 0.095645 0.046063 0.067425
9 0.346016 0.086920 0.044983 0.055425
8 0.035337 0.101479 0.054923 0.103896
8 0.018823 0.115195 0.036539 0.090036
8 0.181507 0.092304 0.036214 0.064633
8 0.010415 0.116333 0.020321 0.088551
