8 0.869228 0.858968 0.261471 0.281408
8 0.193564 0.162561 0.386137 0.324951
8 0.399013 0.439017 0.222725 0.118559
7 0.466640 0.044489 0.085053 0.088977
6 0.077235 0.271211 0.108462 0.207877
6 0.372225 0.263205 0.109966 0.232799
7 0.621872 0.026307 0.074118 0.052543
5 0.514350 0.510604 0.057773 0.157585
5 0.472825 0.138890 0.113562 0.277620
5 0.856303 0.736747 0.056097 0.172165
4 0.508511 0.486473 0.031411 0.055482
5 0.700927 0.160359 0.079293 0.320423
5 0.633308 0.117452 0.123933 0.234891
9 0.176038 0.472765 0.143153 0.040700
2 0.508159 0.443640 0.015126 0.017380
9 0.142084 0.476615 0.117536 0.040139
9 0.206337 0.472922 0.089722 0.032315
0 0.841430 0.663152 0.021538 0.020838
5 0.667912 0.086460 0.074219 0.171899
5 0.560699 0.108613 0.070893 0.216690
5 0.709276 0.090587 0.066056 0.180865
3 0.507187 0.453273 0.011559 0.013282
7 0.554835 0.023915 0.043986 0.047830
9 0.271215 0.466208 0.031779 0.039383
4 0.851649 0.705642 0.026068 0.050693
