5 0.099950 0.845130 0.199744 0.309210
8 0.657244 0.847233 0.184886 0.300206
4 0.367342 0.341094 0.217400 0.207454
4 0.444261 0.576188 0.231332 0.221640
5 0.485898 0.525342 0.348087 0.328760
8 0.655870 0.845070 0.678038 0.309860
0 0.474289 0.411373 0.159551 0.090928
5 0.389139 0.360784 0.251746 0.386514
2 0.100580 0.787197 0.200834 0.194139
8 0.119426 0.466575 0.096348 0.108653
0 0.433280 0.220827 0.129077 0.098980
4 0.220941 0.332306 0.048223 0.076703
5 0.233275 0.313812 0.069581 0.134961
1 0.100191 0.949424 0.199973 0.101152
5 0.845212 0.955461 0.063446 0.088097
0 0.229041 0.265819 0.056363 0.034488
5 0.787290 0.721668 0.026211 0.065684
3 0.506572 0.467393 0.032131 0.035399
3 0.445330 0.248544 0.043700 0.033019
4 0.852326 0.953837 0.027417 0.038671
