5 0.653873 0.793862 0.368411 0.411524
7 0.648964 0.791731 0.359982 0.413294
7 0.523084 0.166336 0.081493 0.171831
7 0.925296 0.153330 0.080206 0.134925
7 0.671019 0.131264 0.076743 0.146234
7 0.607102 0.176430 0.073258 0.154987
7 0.744166 0.156590 0.071324 0.141109
7 0.832015 0.155003 0.068384 0.140004
5 0.918250 0.202303 0.099365 0.374722
0 0.675488 0.013144 0.035833 0.026273
0 0.884951 0.025968 0.030725 0.032550
0 0.975450 0.021516 0.032271 0.034065
5 0.609667 0.223644 0.082392 0.407427
7 0.880624 0.120759 0.056031 0.107927
0 0.923344 0.041567 0.032195 0.034471
0 0.801522 0.015098 0.032425 0.029301
0 0.838939 0.043595 0.033576 0.034513
5 0.672805 0.196374 0.093292 0.388600
0 0.750921 0.037331 0.034388 0.037244
0 0.942213 0.009429 0.027612 0.018858
5 0.880849 0.174867 0.069987 0.331073
0 0.712453 0.021407 0.032832 0.034639
5 0.831642 0.203764 0.088901 0.371961
7 0.977204 0.132509 0.045582 0.133571
3 0.530005 0.057537 0.027006 0.026795
0 0.530962 0.018162 0.043613 0.035744
0 0.772094 0.010451 0.027324 0.020681
7 0.789773 0.122221 0.053888 0.127300
5 0.785003 0.174421 0.065434 0.341751
5 0.969742 0.189894 0.059876 0.366965
3 0.837345 0.079985 0.022878 0.019211
3 0.882684 0.056290 0.018189 0.017363
5 0.710324 0.179353 0.059584 0.353257
0 0.609572 0.051597 0.039474 0.037304
5 0.740289 0.209119 0.076638 0.359495
5 0.528055 0.218287 0.105463 0.430561
3 0.973398 0.054255 0.018750 0.017328
7 0.573655 0.098003 0.054017 0.115356
5 0.568917 0.199014 0.070261 0.396395
7 0.964242 0.087717 0.052417 0.048927
3 0.924295 0.080646 0.022093 0.018529
3 0.749153 0.077870 0.022033 0.021057
3 0.615822 0.088979 0.018596 0.019496
0 0.849035 0.005350 0.027331 0.010701
3 0.674615 0.051178 0.021166 0.021671
3 0.711769 0.062144 0.020675 0.019324
3 0.800637 0.051859 0.020475 0.017343
3 0.943499 0.033661 0.011885 0.018082
7 0.842879 0.058650 0.060216 0.058870
7 0.949149 0.064789 0.024875 0.026919
7 0.709533 0.142286 0.035394 0.128062
3 0.881769 0.062857 0.017584 0.015790
5 0.982884 0.203471 0.034232 0.357278
7 0.789008 0.132750 0.024169 0.118916
5 0.572372 0.194271 0.039486 0.375005
0 0.594943 0.011140 0.034629 0.022027
