8 0.675820 0.868051 0.568823 0.262774
8 0.337762 0.079899 0.101051 0.138429
8 0.257874 0.144056 0.282405 0.287447
8 0.199733 0.775348 0.399236 0.448875
8 0.115967 0.110584 0.082491 0.128714
5 0.981641 0.208107 0.036718 0.080275
8 0.027453 0.106525 0.054487 0.079462
5 0.758844 0.209631 0.019775 0.043823
4 0.981469 0.213267 0.026977 0.049933
5 0.916722 0.198039 0.021341 0.053893
5 0.809515 0.203300 0.018471 0.041203
5 0.819122 0.199721 0.016791 0.042368
8 0.964844 0.916802 0.070100 0.166044
2 0.919623 0.171516 0.012220 0.016049
5 0.918942 0.199313 0.013106 0.031293
