8 0.284897 0.754527 0.488275 0.489473
8 0.191219 0.450007 0.072936 0.071661
8 0.885904 0.418396 0.228135 0.183558
8 0.762612 0.351881 0.460054 0.313278
5 0.942182 0.802999 0.115344 0.392211
7 0.818618 0.901544 0.079610 0.160314
8 0.405172 0.427294 0.139911 0.081785
0 0.824390 0.763155 0.034887 0.049032
5 0.816830 0.832646 0.150469 0.333172
7 0.966576 0.889446 0.066619 0.220924
8 0.039061 0.437579 0.074350 0.137274
9 0.928925 0.940044 0.137349 0.119907
0 0.976336 0.704270 0.046359 0.063650
8 0.437225 0.435696 0.055440 0.064034
3 0.822526 0.808409 0.026729 0.029433
8 0.423779 0.440557 0.047034 0.057865
0 0.988978 0.741039 0.022044 0.040920
8 0.446756 0.427340 0.046330 0.065552
