8 0.755423 0.329345 0.488173 0.641764
5 0.667982 0.828509 0.315585 0.340540
5 0.642708 0.366453 0.175021 0.350123
4 0.631347 0.852173 0.244251 0.294936
4 0.791575 0.563162 0.083253 0.108408
5 0.760117 0.551429 0.202003 0.216964
4 0.645169 0.308925 0.057432 0.105637
2 0.740221 0.475096 0.061846 0.044851
5 0.076603 0.325165 0.152156 0.648630
5 0.454914 0.828350 0.110063 0.340149
2 0.622798 0.216237 0.040219 0.029742
3 0.549065 0.697659 0.073337 0.061172
3 0.621541 0.245276 0.021730 0.022203
7 0.026235 0.135189 0.052424 0.222461
7 0.023280 0.102257 0.046544 0.204515
3 0.741292 0.517187 0.020749 0.023835
5 0.531471 0.286746 0.043926 0.148583
4 0.526028 0.290715 0.029508 0.063868
5 0.534432 0.331336 0.049426 0.222957
