5 0.226020 0.787966 0.450694 0.416258
7 0.212657 0.117102 0.105347 0.170803
4 0.224937 0.799475 0.449682 0.395457
5 0.724274 0.301119 0.551086 0.555722
5 0.832036 0.788587 0.335822 0.421364
7 0.858771 0.866936 0.281586 0.265827
7 0.049487 0.092468 0.098024 0.160023
0 0.941988 0.666214 0.115994 0.171881
7 0.114909 0.102784 0.096946 0.177925
1 0.852527 0.440943 0.294401 0.278027
5 0.193840 0.211245 0.170695 0.419565
5 0.300363 0.221785 0.196971 0.443570
7 0.315973 0.114104 0.128057 0.173756
7 0.279213 0.057417 0.065090 0.087112
5 0.255673 0.176575 0.124203 0.353149
5 0.154302 0.174270 0.131860 0.348540
5 0.052824 0.197248 0.105648 0.390860
7 0.404651 0.166911 0.091964 0.224505
7 0.373888 0.106707 0.092673 0.157560
5 0.366995 0.242695 0.144754 0.483153
2 0.875811 0.226348 0.248085 0.175304
3 0.968942 0.816602 0.059460 0.081185
0 0.434707 0.018193 0.031461 0.034736
5 0.099192 0.184355 0.140852 0.356736
7 0.172797 0.093888 0.072224 0.156312
3 0.436086 0.063630 0.024918 0.028806
3 0.395998 0.016195 0.029316 0.027634
3 0.222015 0.032687 0.024659 0.026302
3 0.325785 0.017390 0.029446 0.025873
0 0.228012 0.005305 0.040145 0.010520
7 0.105060 0.015454 0.070025 0.030652
5 0.020602 0.144926 0.041189 0.287091
3 0.052782 0.009157 0.027511 0.018089
7 0.014620 0.069793 0.029241 0.135294
7 0.200934 0.020851 0.032945 0.039637
5 0.008909 0.137631 0.017817 0.275263
7 0.025112 0.028882 0.048081 0.057359
3 0.287090 0.010265 0.024006 0.020338
3 0.169857 0.007028 0.022851 0.014023
3 0.324276 0.026260 0.029249 0.020416
5 0.380891 0.158584 0.129454 0.317169
5 0.011852 0.080837 0.023704 0.161674
3 0.126208 0.008004 0.024669 0.016009
5 0.424407 0.267576 0.061579 0.535152
7 0.040418 0.014072 0.070236 0.027642
2 0.722011 0.094208 0.553741 0.187417
7 0.221659 0.022889 0.075177 0.044625
7 0.249067 0.014980 0.076705 0.029956
