5 0.800593 0.296843 0.398564 0.593081
4 0.800190 0.413512 0.399424 0.349217
7 0.552059 0.170223 0.095944 0.158064
9 0.147168 0.900476 0.101159 0.088656
7 0.214227 0.199167 0.079566 0.158547
7 0.467073 0.192019 0.091887 0.173390
8 0.775057 0.832590 0.350960 0.333809
7 0.311572 0.199392 0.068520 0.163838
7 0.031418 0.217367 0.062836 0.204828
0 0.047500 0.032751 0.047277 0.045791
7 0.378844 0.196356 0.072944 0.150819
0 0.397860 0.012554 0.033093 0.024976
7 0.251600 0.871841 0.117060 0.253324
5 0.253703 0.795392 0.147234 0.408054
0 0.430738 0.038331 0.037557 0.040520
5 0.466873 0.269747 0.095530 0.476124
7 0.109920 0.182108 0.100439 0.164056
0 0.211369 0.068363 0.042175 0.043159
0 0.270682 0.050836 0.035833 0.037972
7 0.431921 0.840853 0.066501 0.156432
7 0.510028 0.080750 0.057355 0.062468
5 0.548197 0.252766 0.104078 0.466627
0 0.557480 0.042213 0.041875 0.043460
0 0.229634 0.025702 0.035838 0.037566
0 0.465462 0.054541 0.038305 0.041842
0 0.416213 0.699935 0.035168 0.050229
0 0.242280 0.662571 0.056253 0.072553
5 0.382326 0.266932 0.088992 0.438806
0 0.321618 0.007048 0.032197 0.013780
5 0.037232 0.294703 0.074463 0.527946
0 0.385507 0.067295 0.039271 0.045041
0 0.113836 0.044849 0.046560 0.041466
0 0.506533 0.009559 0.036527 0.018803
0 0.156276 0.040521 0.039280 0.042456
0 0.314370 0.061575 0.037499 0.037352
5 0.214185 0.269270 0.092051 0.452688
5 0.114683 0.271672 0.109455 0.490117
0 0.011972 0.063902 0.023681 0.050454
5 0.443901 0.795319 0.104146 0.409240
3 0.466443 0.106710 0.023609 0.025105
3 0.322368 0.034415 0.022125 0.022843
3 0.269306 0.092491 0.024346 0.020436
7 0.153470 0.134004 0.046808 0.089170
3 0.554461 0.089557 0.028161 0.026820
3 0.385076 0.111687 0.024057 0.023565
3 0.155560 0.083935 0.023695 0.022151
3 0.046815 0.079176 0.027613 0.025756
3 0.430745 0.079266 0.023890 0.019290
9 0.293786 0.909248 0.196134 0.144478
3 0.507551 0.040038 0.026023 0.022798
5 0.262584 0.240796 0.075156 0.418549
5 0.318334 0.229079 0.080226 0.407421
7 0.255167 0.178994 0.054848 0.141193
3 0.214016 0.114701 0.022105 0.021477
3 0.114592 0.090204 0.028121 0.022671
5 0.511556 0.209656 0.070787 0.418410
5 0.426766 0.217672 0.062311 0.396232
5 0.160082 0.234048 0.063313 0.414036
3 0.316385 0.105604 0.022836 0.019302
7 0.056369 0.166780 0.075637 0.153342
5 0.577701 0.249213 0.045848 0.455049
7 0.422133 0.111179 0.047351 0.062132
7 0.583133 0.207876 0.033960 0.196115
5 0.057894 0.244002 0.083091 0.461524
7 0.322517 0.084761 0.064677 0.082316
3 0.239153 0.063507 0.018589 0.018976
3 0.399399 0.042428 0.016386 0.016789
5 0.233022 0.215014 0.071753 0.393052
3 0.422610 0.744560 0.022218 0.028164
7 0.241752 0.100167 0.028978 0.039602
7 0.394354 0.095665 0.060098 0.063233
3 0.006407 0.116963 0.012778 0.020839
7 0.295388 0.079468 0.022368 0.037483
7 0.425658 0.134234 0.054854 0.100758
7 0.413368 0.101092 0.032411 0.053776
3 0.006816 0.110246 0.013159 0.019428
3 0.316873 0.100138 0.022154 0.017891
3 0.114538 0.097983 0.025628 0.022684
7 0.429069 0.164708 0.056467 0.142256
5 0.510709 0.221422 0.036229 0.429605
5 0.025240 0.217814 0.050480 0.373955
7 0.080875 0.176687 0.071230 0.167125
1 0.960036 0.129181 0.078944 0.243775
5 0.185003 0.212921 0.098211 0.395652
7 0.234667 0.103139 0.024654 0.041401
5 0.279404 0.200279 0.072834 0.383484
5 0.395548 0.059024 0.059863 0.118047
