5 0.789566 0.793810 0.418576 0.411326
5 0.289664 0.294472 0.578838 0.588649
5 0.307878 0.793566 0.550053 0.412276
4 0.287744 0.355749 0.575487 0.464564
1 0.421992 0.659043 0.193353 0.141151
4 0.377771 0.869555 0.411481 0.260454
1 0.741099 0.820694 0.327943 0.344374
1 0.337357 0.139568 0.483625 0.279078
4 0.789521 0.921433 0.419109 0.157031
6 0.723716 0.523914 0.027429 0.049185
9 0.789663 0.531444 0.420569 0.112951
6 0.933469 0.436204 0.011476 0.025997
5 0.678062 0.419462 0.016746 0.042698
6 0.985201 0.456694 0.020123 0.039263
5 0.716529 0.414697 0.018293 0.063230
6 0.774556 0.464646 0.013995 0.028020
5 0.644334 0.427536 0.015489 0.046499
6 0.791867 0.443978 0.009030 0.020009
5 0.674261 0.420521 0.020101 0.036614
6 0.881580 0.412822 0.009250 0.018758
6 0.805414 0.427482 0.006395 0.013784
6 0.817122 0.417721 0.005960 0.014273
5 0.717024 0.423382 0.014540 0.042425
6 0.911481 0.432240 0.012622 0.022922
5 0.643754 0.420712 0.013063 0.028462
5 0.646700 0.436158 0.013469 0.031582
