5 0.244191 0.331642 0.488382 0.650967
8 0.743204 0.329213 0.510961 0.657938
5 0.313696 0.829032 0.350375 0.340281
5 0.095842 0.829141 0.191512 0.341317
5 0.732603 0.829472 0.486571 0.340716
8 0.845153 0.461641 0.309093 0.394944
3 0.322832 0.802989 0.193295 0.167808
1 0.219943 0.358997 0.437636 0.295284
4 0.087251 0.900498 0.174004 0.198790
3 0.052468 0.720419 0.099089 0.093008
2 0.218117 0.084816 0.435969 0.161736
2 0.602319 0.774110 0.226636 0.228083
4 0.243694 0.583343 0.486678 0.152122
4 0.364730 0.946178 0.248763 0.107522
5 0.949587 0.823584 0.100731 0.325499
1 0.586701 0.966256 0.193883 0.066852
7 0.961122 0.785057 0.077560 0.239745
