8 0.221528 0.843370 0.441207 0.312926
5 0.253679 0.345208 0.506448 0.685416
7 0.873183 0.336886 0.056534 0.113592
7 0.567054 0.377215 0.082079 0.160395
7 0.723089 0.453200 0.091322 0.250704
7 0.658408 0.339630 0.061483 0.101776
5 0.876691 0.385648 0.060781 0.301886
5 0.658198 0.401798 0.075827 0.327358
5 0.565809 0.450276 0.094750 0.424973
5 0.724297 0.451518 0.103153 0.474998
7 0.831877 0.339307 0.044138 0.094209
4 0.181566 0.138369 0.359522 0.276503
5 0.829363 0.377245 0.054347 0.252727
7 0.796558 0.343271 0.034321 0.087620
0 0.728393 0.254920 0.057415 0.069780
7 0.934048 0.338834 0.032849 0.090881
0 0.868867 0.244608 0.027483 0.027500
0 0.736612 0.198417 0.033762 0.037065
0 0.929955 0.258748 0.022189 0.025609
7 0.968822 0.345504 0.043220 0.084433
0 0.827163 0.264606 0.024013 0.022363
0 0.563360 0.255866 0.038634 0.037567
0 0.693976 0.226812 0.021701 0.023074
0 0.653293 0.255090 0.031398 0.031931
7 0.758552 0.311114 0.050966 0.129363
7 0.688991 0.302911 0.034913 0.080691
7 0.523941 0.327018 0.030034 0.090933
0 0.974277 0.264561 0.021055 0.022111
5 0.934734 0.384351 0.050355 0.271922
5 0.691319 0.299413 0.042790 0.166126
5 0.968006 0.387815 0.053160 0.261663
5 0.622690 0.348668 0.033064 0.192334
0 0.788800 0.276787 0.016806 0.022803
0 0.515319 0.249257 0.012537 0.023789
5 0.797211 0.371780 0.037152 0.227628
5 0.614614 0.350536 0.023359 0.177991
5 0.746813 0.424048 0.076922 0.437064
7 0.622314 0.327175 0.033575 0.075363
0 0.614837 0.261983 0.020582 0.019647
5 0.526742 0.386517 0.035498 0.294812
3 0.654116 0.287747 0.018742 0.015942
5 0.693326 0.376513 0.046473 0.328576
5 0.780287 0.452663 0.047818 0.411385
5 0.788841 0.427748 0.038452 0.343724
0 0.697902 0.251671 0.022595 0.028845
5 0.992610 0.404548 0.014726 0.278118
3 0.619373 0.284227 0.013851 0.014451
5 0.534219 0.420856 0.046632 0.367513
5 0.642534 0.363127 0.045949 0.238155
5 0.982151 0.388003 0.032825 0.275482
3 0.931812 0.284828 0.013934 0.013959
3 0.865599 0.274527 0.016531 0.016357
5 0.626290 0.326479 0.019175 0.119958
7 0.994090 0.351031 0.011274 0.090695
7 0.614051 0.331188 0.020181 0.083023
