5 0.381207 0.764634 0.762413 0.470080
5 0.880464 0.309200 0.238982 0.440548
5 0.379712 0.330808 0.757314 0.398795
5 0.879791 0.781996 0.239686 0.433467
1 0.927446 0.222299 0.074030 0.074954
1 0.782585 0.435556 0.045725 0.055225
5 0.843441 0.410997 0.169007 0.233361
2 0.453957 0.649770 0.362065 0.236326
1 0.825896 0.209751 0.066750 0.068780
2 0.937782 0.133868 0.081328 0.062630
1 0.336406 0.436405 0.519298 0.187599
2 0.788372 0.344407 0.057946 0.091871
2 0.832690 0.125751 0.075017 0.062453
2 0.235921 0.255639 0.444992 0.190809
5 0.823257 0.242762 0.131581 0.319375
4 0.902919 0.390863 0.193197 0.271975
5 0.878222 0.113084 0.222708 0.225327
4 0.852774 0.061108 0.139365 0.121531
4 0.801909 0.282867 0.083849 0.116237
5 0.961935 0.104977 0.076131 0.207623
5 0.964948 0.319407 0.070055 0.375365
5 0.940244 0.406809 0.119512 0.246279
5 0.927883 0.121926 0.142840 0.239093
4 0.780903 0.220325 0.041128 0.095764
3 0.424530 0.974410 0.368933 0.050917
4 0.805106 0.490177 0.087891 0.075995
5 0.954416 0.066508 0.091063 0.133016
5 0.841027 0.159297 0.163122 0.154910
2 0.977313 0.057639 0.045294 0.094854
5 0.949306 0.226392 0.101388 0.311533
4 0.868231 0.246493 0.069629 0.074473
