5 0.640910 0.159639 0.361296 0.318381
8 0.678382 0.515161 0.438403 0.344296
5 0.601375 0.866644 0.181935 0.247884
7 0.565295 0.846517 0.088312 0.092585
7 0.668821 0.217096 0.242759 0.202252
0 0.501721 0.786813 0.067167 0.034689
5 0.533809 0.882578 0.148644 0.234354
7 0.498552 0.867158 0.079105 0.109735
0 0.554172 0.766693 0.054436 0.033175
0 0.402739 0.243682 0.047857 0.065649
4 0.294893 0.070158 0.130680 0.139983
5 0.270057 0.256067 0.255140 0.125378
3 0.511258 0.184544 0.073277 0.146032
5 0.292323 0.072939 0.190674 0.145879
7 0.302851 0.254562 0.179817 0.127205
7 0.083158 0.260197 0.165904 0.116355
5 0.109923 0.260352 0.219070 0.117406
5 0.413378 0.263829 0.070240 0.108981
5 0.409283 0.095150 0.100144 0.189951
4 0.050252 0.066254 0.099563 0.131525
1 0.392706 0.293784 0.024418 0.044804
5 0.494762 0.679409 0.024974 0.033234
5 0.183550 0.065779 0.118478 0.130700
3 0.561505 0.797345 0.025611 0.019009
5 0.492964 0.663620 0.025116 0.043098
0 0.534342 0.042799 0.147584 0.084901
4 0.178671 0.048932 0.073329 0.095195
3 0.517495 0.816614 0.018354 0.018264
4 0.432648 0.092426 0.052837 0.184852
7 0.494600 0.675171 0.018907 0.027677
3 0.511695 0.816043 0.024465 0.020332
5 0.491781 0.651296 0.015458 0.016313
