5 0.228905 0.774386 0.457811 0.450236
5 0.230638 0.274778 0.461147 0.548272
1 0.278980 0.898920 0.359479 0.202161
7 0.574677 0.638821 0.201959 0.175122
2 0.256147 0.661570 0.403792 0.221028
5 0.586175 0.775208 0.251450 0.449163
1 0.132643 0.266393 0.265286 0.258194
2 0.225779 0.081987 0.450914 0.163385
4 0.229449 0.464808 0.458899 0.171548
5 0.696272 0.629518 0.077803 0.159439
6 0.663361 0.425116 0.047923 0.071259
6 0.776505 0.434841 0.023568 0.044096
6 0.890420 0.447477 0.020267 0.037987
4 0.230679 0.946028 0.460463 0.107738
