5 0.224869 0.250337 0.449737 0.499161
6 0.637208 0.593943 0.199146 0.188310
1 0.280840 0.292236 0.340641 0.267915
2 0.303953 0.085478 0.294694 0.168431
9 0.674859 0.464505 0.112611 0.074597
6 0.508062 0.817700 0.118615 0.363236
0 0.981499 0.148841 0.036985 0.093608
6 0.161866 0.783712 0.031718 0.099918
6 0.761871 0.526534 0.161540 0.052282
6 0.316911 0.737216 0.027287 0.073823
4 0.225616 0.421551 0.447215 0.157483
6 0.007698 0.649381 0.012248 0.036824
6 0.071720 0.632892 0.009954 0.026291
6 0.154420 0.641328 0.012138 0.038881
6 0.308017 0.615484 0.009877 0.023969
6 0.239865 0.638407 0.012110 0.036525
6 0.282081 0.627672 0.011765 0.035330
6 0.218281 0.613897 0.009255 0.023109
6 0.343240 0.613633 0.010668 0.020789
6 0.094333 0.616763 0.009288 0.020066
5 0.971924 0.269230 0.056015 0.396849
6 0.145324 0.624359 0.008698 0.026113
6 0.193142 0.622517 0.009185 0.025224
5 0.981398 0.254282 0.036875 0.322760
6 0.180366 0.622999 0.009174 0.024967
6 0.813364 0.522056 0.079009 0.041045
6 0.152759 0.629831 0.011481 0.032884
8 0.723966 0.250893 0.549375 0.501786
6 0.105871 0.618237 0.009053 0.021786
6 0.045910 0.618658 0.009445 0.021618
6 0.821292 0.528268 0.041052 0.036526
