7 0.332849 0.156428 0.098320 0.182204
7 0.174457 0.172756 0.108773 0.170795
8 0.866817 0.820383 0.265882 0.358703
8 0.231708 0.773359 0.463204 0.451152
8 0.789231 0.695879 0.319702 0.287717
7 0.050743 0.175317 0.099777 0.203218
7 0.492711 0.166147 0.066051 0.163941
7 0.252829 0.140179 0.081730 0.157848
7 0.422858 0.158276 0.072665 0.154258
5 0.335586 0.241836 0.105514 0.470019
0 0.166713 0.026415 0.047437 0.045551
7 0.287465 0.046667 0.053355 0.065694
0 0.488528 0.023628 0.040145 0.040206
6 0.906909 0.438074 0.033362 0.106842
5 0.061469 0.258512 0.122019 0.512464
0 0.243347 0.014253 0.038194 0.027873
5 0.419609 0.239778 0.080055 0.449502
0 0.416389 0.029320 0.040149 0.040120
0 0.335468 0.018947 0.034964 0.036243
5 0.165966 0.258028 0.114218 0.502401
5 0.487661 0.237429 0.081799 0.445418
0 0.113226 0.014126 0.041683 0.028251
0 0.371257 0.010320 0.030842 0.020504
3 0.417011 0.074186 0.027199 0.024535
6 0.631992 0.261023 0.014268 0.037908
6 0.555405 0.503261 0.037018 0.095257
6 0.755873 0.277250 0.014197 0.041254
7 0.115679 0.102112 0.068239 0.080238
3 0.170678 0.074479 0.027385 0.025031
5 0.284745 0.206957 0.067475 0.411358
3 0.114401 0.051283 0.027492 0.020018
5 0.382123 0.198007 0.056298 0.383217
0 0.052919 0.017501 0.047864 0.034461
6 0.914445 0.287918 0.014043 0.039674
5 0.254095 0.215718 0.099276 0.428585
5 0.114944 0.227540 0.072813 0.432899
3 0.336093 0.070470 0.029143 0.028544
7 0.378899 0.082760 0.048890 0.050097
3 0.244506 0.050516 0.027619 0.022995
6 0.592915 0.239315 0.008947 0.023430
3 0.488835 0.068573 0.025733 0.023005
7 0.106586 0.164439 0.068219 0.182987
8 0.397102 0.834590 0.262562 0.329862
6 0.805571 0.250647 0.007953 0.019405
3 0.056194 0.063229 0.028651 0.026051
6 0.945087 0.264915 0.010772 0.030374
3 0.371303 0.042386 0.026755 0.020140
6 0.867404 0.254794 0.007698 0.019804
3 0.369915 0.035540 0.021519 0.015855
7 0.453836 0.070873 0.037521 0.042278
5 0.021237 0.262853 0.042474 0.496463
6 0.828270 0.266403 0.010224 0.031628
7 0.390404 0.125900 0.064013 0.118045
3 0.291694 0.018089 0.020836 0.019514
6 0.587934 0.236417 0.008293 0.020824
5 0.134605 0.257793 0.080990 0.508919
5 0.458199 0.211153 0.064952 0.416370
6 0.693011 0.251907 0.007217 0.023816
7 0.010626 0.185865 0.020862 0.273337
5 0.288240 0.219978 0.042567 0.419084
6 0.955569 0.261661 0.010791 0.031322
5 0.208189 0.241376 0.062414 0.437628
7 0.386006 0.051354 0.044575 0.064375
5 0.513077 0.204335 0.030093 0.408669
7 0.453913 0.081265 0.046122 0.054754
5 0.337853 0.190966 0.045937 0.380628
7 0.455826 0.056244 0.037623 0.059176
6 0.907853 0.255669 0.008632 0.021072
7 0.127501 0.160573 0.054062 0.166077
6 0.914349 0.275545 0.013467 0.042492
6 0.862915 0.260431 0.006994 0.024540
