5 0.329103 0.368416 0.126820 0.420450
7 0.228464 0.329513 0.091368 0.161184
0 0.319330 0.181264 0.047485 0.044873
9 0.512434 0.875439 0.123935 0.248900
7 0.323163 0.314257 0.109448 0.162580
7 0.134795 0.336590 0.071589 0.159277
7 0.064699 0.330635 0.084242 0.148522
0 0.382904 0.166457 0.044791 0.043888
0 0.165132 0.191932 0.033300 0.034517
7 0.415604 0.342376 0.071111 0.200941
0 0.276311 0.178191 0.040039 0.044521
0 0.429273 0.188889 0.041189 0.045904
0 0.225548 0.205818 0.039277 0.039987
0 0.205072 0.168573 0.036141 0.038040
0 0.053150 0.212339 0.039444 0.039778
6 0.896682 0.346841 0.027966 0.078749
0 0.112965 0.143225 0.033762 0.034956
9 0.874810 0.794828 0.249412 0.410117
0 0.039067 0.158639 0.032890 0.032186
6 0.733448 0.386781 0.032439 0.106691
5 0.408214 0.367360 0.080360 0.420810
5 0.059705 0.383832 0.096020 0.387909
5 0.127573 0.359013 0.083188 0.406017
6 0.581358 0.238721 0.014603 0.037241
7 0.381137 0.261103 0.061578 0.079933
3 0.386779 0.209246 0.027250 0.024330
0 0.012724 0.187987 0.025342 0.037934
7 0.279368 0.263993 0.049001 0.073153
0 0.125693 0.206818 0.042528 0.038575
5 0.225423 0.370506 0.106869 0.398107
3 0.057373 0.257060 0.022562 0.020171
3 0.169875 0.230566 0.020416 0.017695
6 0.821996 0.240015 0.014128 0.037797
7 0.015690 0.334854 0.031321 0.164824
6 0.735043 0.241568 0.015397 0.037526
3 0.279658 0.219410 0.023526 0.020502
5 0.027242 0.371849 0.052293 0.392126
7 0.185437 0.312463 0.052496 0.133312
3 0.433576 0.242248 0.027273 0.027468
5 0.273712 0.364553 0.076619 0.393949
5 0.374888 0.358095 0.098909 0.414674
7 0.112047 0.224709 0.069836 0.071730
5 0.175840 0.372999 0.072915 0.388562
3 0.319639 0.226119 0.027300 0.021017
6 0.870636 0.236252 0.011942 0.031243
7 0.024457 0.253225 0.041350 0.061248
3 0.124840 0.246142 0.027912 0.022493
7 0.172852 0.271500 0.046942 0.064454
6 0.518788 0.215850 0.009137 0.029166
6 0.493273 0.206704 0.006194 0.017592
6 0.928852 0.221004 0.009822 0.024964
3 0.010657 0.226598 0.019867 0.021043
7 0.202087 0.244115 0.026340 0.038264
6 0.682083 0.210164 0.008802 0.022367
6 0.896378 0.227575 0.010804 0.026528
3 0.224521 0.246879 0.022372 0.022062
3 0.114553 0.180314 0.021757 0.019651
6 0.629452 0.208051 0.008537 0.021622
7 0.092933 0.226221 0.041512 0.058861
5 0.093353 0.341185 0.081348 0.417696
6 0.460853 0.226765 0.014798 0.036914
5 0.046541 0.202578 0.056686 0.129033
6 0.647064 0.221996 0.010397 0.028573
7 0.376851 0.298622 0.076692 0.156826
7 0.121908 0.213419 0.052568 0.051227
7 0.202388 0.237044 0.031659 0.062830
7 0.177825 0.289086 0.046703 0.101124
7 0.022789 0.269307 0.037745 0.054609
9 0.938809 0.792814 0.121971 0.412193
6 0.731657 0.224420 0.010814 0.032801
5 0.204480 0.345702 0.053679 0.410237
7 0.269918 0.271233 0.039674 0.054402
6 0.579887 0.228046 0.012989 0.036611
6 0.806674 0.214022 0.009887 0.027100
3 0.197654 0.209012 0.017796 0.021527
6 0.831897 0.207068 0.006409 0.021148
