5 0.250317 0.360634 0.499915 0.718999
8 0.249463 0.858965 0.497542 0.281574
5 0.750252 0.361372 0.499496 0.720273
4 0.249740 0.559146 0.499243 0.319961
7 0.887304 0.934963 0.171384 0.129704
1 0.634276 0.394008 0.271060 0.411630
2 0.229454 0.100486 0.458549 0.200357
2 0.615187 0.080003 0.230144 0.159162
4 0.722420 0.591201 0.444422 0.256559
0 0.792299 0.956602 0.077446 0.086797
5 0.872719 0.929488 0.250722 0.140478
1 0.246421 0.350621 0.491138 0.355618
9 0.129114 0.864221 0.255898 0.270687
9 0.182614 0.938738 0.365228 0.121868
9 0.151692 0.957592 0.301958 0.083425
7 0.521473 0.893173 0.042420 0.212980
5 0.553294 0.857307 0.105462 0.284877
0 0.519856 0.730812 0.036433 0.023643
5 0.413819 0.780892 0.028233 0.041749
5 0.388061 0.879733 0.027873 0.038976
