7 0.374854 0.370806 0.109082 0.362408
7 0.181080 0.443252 0.194459 0.215038
4 0.182936 0.092313 0.152407 0.183685
5 0.193605 0.095122 0.238754 0.189160
5 0.229540 0.774319 0.399497 0.448787
5 0.185219 0.368864 0.212306 0.362548
5 0.373844 0.372155 0.112345 0.357916
0 0.139093 0.230857 0.079416 0.087862
0 0.297525 0.246338 0.049660 0.067561
5 0.291597 0.381393 0.059269 0.334746
4 0.392010 0.063719 0.073202 0.127231
1 0.311993 0.306676 0.018896 0.044236
4 0.192967 0.621669 0.201674 0.142574
5 0.394629 0.066729 0.070034 0.133263
5 0.043681 0.092784 0.087143 0.185425
5 0.380707 0.088620 0.096310 0.176114
