5 0.315167 0.236347 0.624873 0.471865
4 0.313347 0.305168 0.626484 0.329797
8 0.115681 0.829746 0.225164 0.339904
1 0.344396 0.078431 0.477782 0.156862
8 0.110567 0.675936 0.220241 0.244765
8 0.684724 0.094710 0.109809 0.188880
8 0.766779 0.874019 0.275393 0.242972
8 0.734527 0.277147 0.212378 0.381022
9 0.801396 0.577283 0.052908 0.045952
8 0.410507 0.584839 0.441031 0.230787
9 0.066647 0.519965 0.066567 0.073806
9 0.653186 0.600089 0.047270 0.050893
9 0.895910 0.529725 0.035147 0.027297
9 0.917823 0.557246 0.045174 0.042589
9 0.897082 0.561028 0.063384 0.043831
9 0.894246 0.540993 0.036398 0.026295
8 0.223781 0.501441 0.050664 0.064461
9 0.165348 0.480983 0.029888 0.025017
9 0.103140 0.562902 0.052540 0.027963
8 0.817397 0.233909 0.365206 0.461123
