5 0.789215 0.372592 0.421442 0.744571
3 0.731875 0.415581 0.137909 0.146105
2 0.700443 0.098295 0.195265 0.196292
5 0.357945 0.534364 0.244352 0.408043
7 0.355878 0.607804 0.214665 0.263220
4 0.709845 0.611645 0.249907 0.255308
5 0.110765 0.175324 0.221399 0.350648
5 0.313892 0.168151 0.270994 0.336301
4 0.317334 0.171979 0.178832 0.312653
1 0.218183 0.046443 0.069950 0.082674
6 0.847235 0.370858 0.305486 0.740097
7 0.516943 0.522921 0.125929 0.408977
5 0.242952 0.869417 0.447984 0.260792
5 0.509152 0.137940 0.137638 0.272488
5 0.512836 0.531259 0.131746 0.414308
0 0.441637 0.384200 0.050051 0.070067
4 0.084613 0.189356 0.163962 0.313827
0 0.289028 0.379343 0.081385 0.089174
1 0.460591 0.436887 0.022230 0.045635
4 0.520459 0.163836 0.108620 0.187988
1 0.510072 0.071359 0.038471 0.033985
5 0.446993 0.522694 0.075882 0.345160
1 0.026207 0.025332 0.049220 0.050659
9 0.136544 0.868315 0.272667 0.263208
2 0.497187 0.018097 0.063709 0.033108
8 0.798735 0.966319 0.227348 0.067322
6 0.306944 0.694621 0.070054 0.089172
8 0.811562 0.958716 0.364404 0.082568
5 0.548958 0.111033 0.061976 0.221784
5 0.041677 0.187076 0.083353 0.331265
6 0.312721 0.710249 0.060973 0.055988
9 0.066338 0.866970 0.132049 0.264367
