5 0.289935 0.244700 0.579870 0.486597
5 0.789129 0.750821 0.420801 0.497422
1 0.763703 0.891185 0.368474 0.217629
8 0.185969 0.849372 0.371913 0.300855
1 0.297361 0.320641 0.577958 0.352018
2 0.704983 0.699281 0.251840 0.284277
6 0.753527 0.264239 0.067110 0.111416
2 0.304152 0.111741 0.548971 0.206697
6 0.627609 0.165507 0.041897 0.064370
6 0.676279 0.051908 0.013460 0.023783
6 0.760593 0.025742 0.017304 0.029326
6 0.601643 0.061660 0.012637 0.021660
6 0.703431 0.034833 0.010454 0.020641
6 0.836215 0.009135 0.014820 0.018178
6 0.586012 0.125637 0.015570 0.040059
8 0.447413 0.924131 0.263283 0.151347
6 0.581446 0.060253 0.006430 0.023865
