5 0.266074 0.240476 0.531747 0.476642
5 0.763666 0.247329 0.471759 0.464984
8 0.332525 0.739128 0.395711 0.521172
5 0.691216 0.740089 0.313787 0.519054
5 0.898642 0.740382 0.202190 0.518417
8 0.229060 0.820673 0.351515 0.358567
1 0.902910 0.544950 0.127836 0.129944
1 0.183892 0.353335 0.367785 0.251751
2 0.191947 0.080488 0.383471 0.158689
1 0.869331 0.356867 0.261149 0.243683
4 0.689464 0.779514 0.204176 0.439455
2 0.864002 0.107744 0.271580 0.165071
4 0.922223 0.788593 0.155555 0.422814
1 0.650898 0.510383 0.104687 0.059908
5 0.517475 0.551798 0.016949 0.065220
