5 0.158095 0.284880 0.304910 0.569760
5 0.612251 0.784634 0.618064 0.430732
5 0.216585 0.784643 0.186382 0.430261
4 0.158387 0.436695 0.301286 0.263624
8 0.719922 0.425653 0.233620 0.283039
4 0.119798 0.657083 0.130828 0.178964
1 0.476628 0.795533 0.205599 0.300792
4 0.574099 0.912420 0.425439 0.173782
5 0.114217 0.783855 0.215408 0.429938
8 0.514987 0.407923 0.215004 0.312672
0 0.365493 0.680107 0.111488 0.225198
4 0.269238 0.716831 0.078691 0.299966
9 0.890465 0.536836 0.107212 0.053750
5 0.028192 0.781903 0.055153 0.430531
5 0.947247 0.546523 0.024784 0.037687
6 0.979689 0.548935 0.027085 0.036259
5 0.524632 0.551494 0.024473 0.031753
8 0.970749 0.471486 0.058096 0.190128
9 0.905656 0.543820 0.070265 0.046193
