5 0.282193 0.237328 0.564359 0.323549
5 0.389558 0.701197 0.363378 0.593631
5 0.802874 0.199621 0.321347 0.398230
5 0.935140 0.200885 0.129569 0.400843
4 0.790600 0.247888 0.252373 0.304923
3 0.768061 0.034184 0.091705 0.068369
5 0.640134 0.200295 0.143434 0.399266
4 0.961922 0.229227 0.076141 0.321054
2 0.215105 0.195534 0.430211 0.199759
6 0.292140 0.909405 0.049775 0.130849
4 0.453719 0.673362 0.238722 0.553073
3 0.589960 0.094248 0.043241 0.111518
5 0.922493 0.507734 0.154728 0.213864
5 0.940570 0.569194 0.118524 0.334707
1 0.214866 0.352882 0.429732 0.094296
3 0.216926 0.355628 0.433852 0.087546
4 0.459937 0.564526 0.225473 0.327311
4 0.611825 0.272202 0.086091 0.257713
