5 0.224703 0.306419 0.449176 0.611860
5 0.724793 0.300334 0.550181 0.599233
4 0.224982 0.404997 0.449896 0.409413
8 0.313699 0.784020 0.269972 0.347762
4 0.723733 0.454387 0.548981 0.307397
1 0.315002 0.150540 0.272826 0.297176
1 0.696676 0.244561 0.485429 0.343815
5 0.345091 0.733716 0.092507 0.143005
2 0.660706 0.054793 0.414319 0.109318
4 0.330187 0.721215 0.043942 0.049879
5 0.879882 0.734761 0.239274 0.246008
3 0.329592 0.693805 0.012080 0.012381
2 0.329217 0.678927 0.016532 0.013804
2 0.328836 0.673652 0.019689 0.018301
5 0.873804 0.642254 0.237024 0.065968
