8 0.819595 0.219784 0.360404 0.439516
5 0.321985 0.718342 0.641652 0.562199
5 0.820281 0.767339 0.359056 0.463615
1 0.819829 0.882237 0.360020 0.235451
1 0.461952 0.632778 0.354108 0.371138
4 0.390217 0.847246 0.498660 0.304962
7 0.421036 0.058538 0.055236 0.078731
5 0.410840 0.083093 0.083704 0.125649
5 0.320094 0.297938 0.039164 0.084182
5 0.349142 0.115376 0.060869 0.102835
2 0.818808 0.704390 0.361938 0.237218
7 0.263437 0.311075 0.037258 0.057252
0 0.256644 0.300499 0.018271 0.032231
0 0.425532 0.041553 0.024147 0.037697
5 0.265781 0.318800 0.044372 0.071299
7 0.350914 0.094219 0.035346 0.053789
0 0.317645 0.279787 0.021505 0.034653
5 0.391511 0.027135 0.067834 0.054105
0 0.347688 0.080724 0.020385 0.034307
