8 0.841596 0.620725 0.316558 0.721512
0 0.147990 0.206045 0.032889 0.034129
0 0.419899 0.179785 0.042704 0.045183
7 0.656858 0.222819 0.043829 0.071228
0 0.219901 0.200525 0.039925 0.041091
0 0.508044 0.180500 0.031184 0.039610
5 0.652608 0.197003 0.054709 0.125685
0 0.248785 0.182690 0.032038 0.034520
7 0.483882 0.237133 0.032473 0.041173
7 0.166000 0.247211 0.048525 0.025241
7 0.380463 0.231631 0.033866 0.052185
0 0.657816 0.149240 0.027215 0.027773
5 0.260200 0.212261 0.066652 0.095998
7 0.437978 0.240631 0.076376 0.033980
5 0.426510 0.207654 0.105361 0.103188
7 0.537402 0.214423 0.043016 0.081877
5 0.538146 0.196727 0.065086 0.124111
5 0.489536 0.215920 0.053553 0.084828
7 0.261805 0.239447 0.047428 0.037556
5 0.346947 0.210361 0.086096 0.098905
3 0.660258 0.179182 0.017969 0.018034
5 0.591866 0.206492 0.083444 0.108413
5 0.514529 0.210187 0.076629 0.097693
0 0.575593 0.158939 0.041318 0.039218
7 0.337552 0.242241 0.056209 0.032748
7 0.605160 0.228664 0.048757 0.060828
0 0.537973 0.144212 0.024496 0.022455
5 0.156810 0.223411 0.087152 0.072912
0 0.367166 0.174467 0.027073 0.030005
5 0.378056 0.209303 0.058848 0.099097
3 0.503669 0.217133 0.017700 0.017357
5 0.565728 0.199473 0.091609 0.119548
0 0.562602 0.162155 0.026619 0.028865
3 0.218527 0.243000 0.025085 0.020936
0 0.352173 0.178466 0.028078 0.030443
0 0.485177 0.186784 0.015635 0.022101
7 0.577345 0.231384 0.062704 0.055229
7 0.527336 0.235153 0.054052 0.046852
3 0.152265 0.235619 0.016685 0.015724
3 0.568865 0.200344 0.017725 0.017407
3 0.147917 0.235491 0.016815 0.016193
3 0.538057 0.171197 0.016124 0.015122
5 0.219385 0.217851 0.103754 0.085827
3 0.348875 0.217207 0.021130 0.019747
3 0.418408 0.222902 0.016710 0.018295
3 0.249087 0.216902 0.016931 0.015948
5 0.181946 0.221522 0.109259 0.077012
8 0.344953 0.625475 0.689907 0.725440
7 0.524714 0.199541 0.032461 0.058953
0 0.602628 0.178366 0.016611 0.021918
