8 0.820724 0.775376 0.358279 0.449082
5 0.323597 0.305912 0.640734 0.486675
1 0.135048 0.452911 0.268631 0.196587
5 0.705708 0.871712 0.131239 0.256576
8 0.411919 0.636289 0.279581 0.171585
8 0.110710 0.720144 0.221173 0.335827
2 0.698356 0.772101 0.058356 0.040596
4 0.718659 0.873640 0.071458 0.127963
2 0.292258 0.288919 0.584515 0.354122
5 0.690831 0.682187 0.105459 0.265191
4 0.669001 0.593861 0.055663 0.087513
3 0.688081 0.811748 0.024850 0.024377
8 0.946063 0.812715 0.103360 0.126913
5 0.962373 0.760019 0.075254 0.252950
8 0.925555 0.776120 0.144933 0.254830
