9 0.440453 0.180692 0.161218 0.198675
5 0.180100 0.313154 0.359708 0.533726
8 0.522774 0.789167 0.328362 0.419680
8 0.828400 0.791751 0.342512 0.416360
4 0.305685 0.885838 0.105741 0.228324
4 0.134450 0.886267 0.146456 0.226944
5 0.165154 0.814574 0.297662 0.368225
5 0.265183 0.810464 0.187220 0.378944
1 0.079705 0.443414 0.158782 0.272461
2 0.116727 0.204452 0.232849 0.216249
2 0.231244 0.679234 0.077461 0.066149
5 0.074685 0.789881 0.148883 0.419509
5 0.722207 0.220154 0.060451 0.167398
0 0.337004 0.677178 0.044883 0.099188
4 0.041730 0.835685 0.083452 0.328550
3 0.211763 0.770971 0.043435 0.059709
4 0.723016 0.197767 0.034058 0.057629
3 0.050980 0.656961 0.061731 0.064555
3 0.341784 0.757249 0.033747 0.042965
2 0.726221 0.144747 0.019049 0.014630
4 0.714172 0.207632 0.024300 0.048510
