5 0.234458 0.240215 0.468783 0.479398
8 0.733557 0.648235 0.529114 0.337027
5 0.741200 0.378407 0.516648 0.203472
7 0.074305 0.569825 0.142999 0.183183
7 0.353459 0.547583 0.104673 0.135653
5 0.082610 0.687216 0.163451 0.413588
7 0.195549 0.565344 0.119789 0.165016
1 0.832106 0.440053 0.174615 0.076927
7 0.434602 0.540076 0.070857 0.120967
2 0.768666 0.333494 0.257257 0.102286
1 0.231103 0.146730 0.461644 0.292076
5 0.199203 0.676831 0.129866 0.398278
5 0.352720 0.655533 0.117900 0.353546
5 0.543708 0.345754 0.149543 0.246647
7 0.264805 0.534490 0.102828 0.109420
2 0.673076 0.258464 0.140025 0.076281
1 0.657292 0.344272 0.086093 0.077145
2 0.533774 0.275061 0.130641 0.094012
5 0.930199 0.341394 0.139511 0.274375
5 0.306796 0.626441 0.074530 0.299273
5 0.139178 0.642627 0.086674 0.325996
5 0.662204 0.291326 0.154504 0.167870
5 0.425623 0.639090 0.082340 0.330029
5 0.278465 0.643104 0.104694 0.328350
5 0.399189 0.620142 0.070942 0.285216
4 0.228794 0.414709 0.454869 0.127126
7 0.137510 0.510619 0.071191 0.063400
2 0.812418 0.246920 0.148738 0.069441
5 0.236448 0.645231 0.079546 0.336848
7 0.233119 0.572715 0.049805 0.152341
7 0.136195 0.550190 0.076809 0.142307
