8 0.814065 0.256447 0.369976 0.512037
5 0.317031 0.278406 0.632416 0.482192
8 0.177019 0.819797 0.353818 0.359846
1 0.267691 0.395888 0.532982 0.249014
2 0.322759 0.183727 0.631295 0.247421
8 0.931035 0.039615 0.137640 0.078797
6 0.741905 0.963374 0.028135 0.048061
6 0.689682 0.905864 0.012635 0.025538
6 0.670431 0.880970 0.008391 0.018558
5 0.816987 0.863795 0.021282 0.047074
6 0.657135 0.866552 0.008665 0.015934
5 0.784662 0.859273 0.016253 0.036849
5 0.744086 0.851283 0.017581 0.058368
5 0.789603 0.856953 0.018406 0.041673
8 0.908486 0.812425 0.183029 0.371408
8 0.688309 0.178953 0.120210 0.356905
5 0.743484 0.861299 0.012803 0.040155
5 0.819456 0.861326 0.014585 0.032136
