5 0.274526 0.234429 0.548929 0.467777
5 0.772608 0.751606 0.446550 0.496787
8 0.270082 0.692839 0.540164 0.446080
7 0.914486 0.189399 0.074009 0.138515
7 0.787038 0.191727 0.072204 0.168679
2 0.290979 0.095577 0.515596 0.190664
7 0.580027 0.192333 0.060574 0.158281
7 0.728124 0.228371 0.047723 0.147906
1 0.273649 0.337260 0.536849 0.261983
5 0.039270 0.611773 0.077549 0.214650
2 0.745345 0.711862 0.289355 0.425051
5 0.590732 0.254323 0.079581 0.408205
0 0.922439 0.078543 0.042033 0.044692
7 0.962581 0.207176 0.049515 0.113106
0 0.572188 0.076174 0.041865 0.041558
0 0.809946 0.101045 0.032223 0.034138
0 0.960328 0.110536 0.032281 0.036034
5 0.905892 0.255790 0.107917 0.396787
2 0.021607 0.518260 0.033617 0.029905
0 0.792568 0.062966 0.033143 0.037044
5 0.777703 0.262168 0.109365 0.413080
5 0.727101 0.267591 0.073407 0.317743
1 0.702525 0.965032 0.193718 0.069020
7 0.819641 0.247312 0.033130 0.077917
0 0.988245 0.124919 0.023494 0.046561
0 0.736961 0.136440 0.035513 0.028600
5 0.963083 0.271089 0.067867 0.360339
5 0.821047 0.277759 0.074474 0.359745
3 0.019730 0.544219 0.021530 0.017400
4 0.011371 0.590001 0.022679 0.078376
8 0.947550 0.195524 0.103291 0.390663
3 0.567042 0.116229 0.022362 0.021976
5 0.981222 0.276561 0.036440 0.377358
3 0.959276 0.147704 0.018213 0.020279
4 0.738698 0.965545 0.334499 0.068408
3 0.784945 0.095661 0.016425 0.020131
3 0.992440 0.169047 0.015120 0.020703
