5 0.675128 0.328942 0.641546 0.656940
5 0.175348 0.356903 0.349864 0.601504
8 0.718275 0.807097 0.544855 0.295294
1 0.671397 0.318028 0.574161 0.295384
4 0.675617 0.530349 0.645751 0.258693
5 0.044918 0.830634 0.088966 0.338201
5 0.239616 0.933368 0.063106 0.132620
4 0.036087 0.833231 0.062478 0.157129
0 0.057300 0.700136 0.045033 0.077610
4 0.241450 0.933437 0.035442 0.069091
0 0.239284 0.886342 0.020287 0.032529
2 0.674210 0.056960 0.636661 0.113301
3 0.055182 0.757156 0.018355 0.028845
4 0.092281 0.934696 0.017649 0.041997
5 0.092741 0.928999 0.024590 0.070801
4 0.251949 0.930188 0.023341 0.061540
2 0.302935 0.129748 0.095023 0.120925
