8 0.269544 0.713233 0.538643 0.568721
5 0.270802 0.299814 0.539281 0.255618
5 0.747652 0.768305 0.313609 0.461438
8 0.180679 0.763707 0.192758 0.341043
1 0.272794 0.351087 0.522176 0.157231
7 0.761742 0.682782 0.178230 0.202153
8 0.835157 0.257935 0.325515 0.239290
0 0.629847 0.629819 0.079837 0.133643
5 0.332497 0.628620 0.029550 0.089585
2 0.203661 0.266549 0.405088 0.121607
5 0.277985 0.862730 0.052358 0.095324
7 0.330419 0.615027 0.017038 0.029160
3 0.663107 0.678996 0.030251 0.056236
9 0.024937 0.552771 0.047474 0.079991
9 0.027530 0.567208 0.044340 0.052116
5 0.431293 0.216173 0.214212 0.430182
