8 0.781332 0.233316 0.432552 0.465989
5 0.314477 0.169583 0.137452 0.339167
7 0.123185 0.124993 0.166279 0.249986
7 0.326454 0.120507 0.083057 0.155261
5 0.426044 0.075913 0.108262 0.149465
5 0.128917 0.155467 0.232399 0.310527
0 0.358366 0.012546 0.046038 0.025021
1 0.366155 0.048632 0.022511 0.042670
4 0.445900 0.044058 0.068407 0.087927
1 0.355834 0.046286 0.024006 0.038776
5 0.885827 0.060163 0.053086 0.069074
5 0.847176 0.055342 0.052755 0.086644
3 0.348675 0.043672 0.026146 0.035604
7 0.444475 0.036634 0.073333 0.073268
7 0.381744 0.220742 0.108638 0.200723
