5 0.294757 0.320749 0.588144 0.640478
6 0.370858 0.818852 0.440491 0.361529
5 0.916226 0.441336 0.167163 0.396161
6 0.135718 0.819473 0.271296 0.360756
4 0.934046 0.517844 0.131908 0.243064
4 0.296948 0.431050 0.591828 0.413574
2 0.878186 0.294605 0.082888 0.070626
1 0.413698 0.189803 0.347462 0.337233
8 0.797607 0.783162 0.403993 0.286220
1 0.881596 0.389826 0.029461 0.057812
2 0.346782 0.034162 0.494520 0.068056
1 0.872925 0.385058 0.027287 0.059360
8 0.794202 0.322713 0.411596 0.644632
1 0.887329 0.397702 0.024152 0.050996
4 0.663204 0.389777 0.146244 0.502647
