5 0.824479 0.150166 0.351042 0.299921
5 0.325995 0.648020 0.651004 0.695658
8 0.824537 0.646364 0.348701 0.695546
4 0.324584 0.876070 0.648475 0.237652
2 0.176801 0.387979 0.352744 0.172969
1 0.206907 0.708912 0.397838 0.442881
7 0.479804 0.116315 0.046663 0.057822
5 0.479226 0.118509 0.052431 0.063810
5 0.418010 0.103783 0.049230 0.094321
0 0.427840 0.075225 0.019850 0.029381
7 0.498167 0.056021 0.033976 0.053146
0 0.492697 0.101303 0.017516 0.024738
0 0.490435 0.104714 0.024334 0.029586
4 0.825242 0.150627 0.349037 0.300179
5 0.493015 0.057014 0.041574 0.066791
5 0.458995 0.027147 0.054845 0.052322
8 0.824932 0.388387 0.349685 0.177881
0 0.478509 0.017802 0.023355 0.035605
