7 0.562805 0.272449 0.112765 0.270689
7 0.201855 0.274027 0.207211 0.264809
7 0.771745 0.283246 0.115420 0.247954
7 0.096228 0.611493 0.138457 0.193921
0 0.721533 0.125121 0.064421 0.104847
5 0.204401 0.206431 0.235191 0.404316
5 0.578115 0.205612 0.161996 0.406180
5 0.774150 0.238564 0.178883 0.341235
0 0.579722 0.054602 0.072217 0.094145
5 0.098367 0.660496 0.186290 0.489833
0 0.142150 0.046131 0.075969 0.083760
0 0.075590 0.452203 0.054427 0.064989
8 0.902866 0.961887 0.192704 0.075609
0 0.288921 0.052032 0.046961 0.064938
7 0.339030 0.186101 0.058317 0.363625
5 0.333596 0.205818 0.068991 0.404901
3 0.085325 0.511108 0.029686 0.030307
5 0.294856 0.184683 0.068217 0.340114
1 0.309210 0.107724 0.018675 0.045123
6 0.165329 0.377830 0.067925 0.061658
3 0.591913 0.136048 0.020489 0.038668
3 0.738061 0.192042 0.022363 0.033462
5 0.030707 0.691020 0.060500 0.506178
9 0.469328 0.975144 0.114846 0.049578
8 0.957100 0.586748 0.085367 0.282424
