5 0.258624 0.239618 0.516168 0.479235
8 0.815659 0.239660 0.366863 0.479318
4 0.259349 0.298051 0.518577 0.360919
4 0.119118 0.937571 0.236222 0.124615
5 0.195916 0.897811 0.390254 0.204037
1 0.250131 0.158072 0.497910 0.316144
0 0.228577 0.850354 0.138719 0.079348
5 0.870976 0.176966 0.056048 0.064735
3 0.242958 0.899722 0.051409 0.045670
7 0.870955 0.174006 0.036532 0.043820
5 0.643746 0.501647 0.061689 0.049817
5 0.644903 0.497719 0.041531 0.035027
7 0.870418 0.177032 0.049874 0.061553
5 0.829274 0.185003 0.057060 0.066321
