5 0.368905 0.260136 0.734256 0.518582
9 0.535769 0.785614 0.105462 0.093995
5 0.875406 0.758941 0.249083 0.479958
1 0.268006 0.164105 0.515963 0.298564
7 0.232484 0.765047 0.087564 0.197794
7 0.398700 0.779890 0.124797 0.303560
4 0.365581 0.390474 0.728247 0.255941
5 0.357995 0.758800 0.329568 0.482133
4 0.913539 0.724118 0.172921 0.410309
5 0.783104 0.260957 0.109173 0.520517
0 0.232084 0.609830 0.042538 0.067731
5 0.236223 0.767525 0.143243 0.464125
7 0.760521 0.150419 0.066419 0.296844
5 0.801636 0.759691 0.144457 0.479704
0 0.374468 0.538015 0.044877 0.038674
9 0.414597 0.810695 0.178977 0.182365
9 0.452165 0.802897 0.105656 0.155959
4 0.215434 0.406175 0.430869 0.224936
