5 0.764035 0.773800 0.470160 0.446009
4 0.764315 0.791193 0.469984 0.414701
5 0.711564 0.274565 0.365287 0.547922
6 0.386048 0.774439 0.287040 0.450731
6 0.178142 0.774565 0.356185 0.448540
4 0.664196 0.342953 0.267878 0.417396
7 0.388070 0.181502 0.064017 0.097087
5 0.076405 0.272769 0.120796 0.342132
1 0.765622 0.622883 0.458148 0.146666
7 0.065017 0.213450 0.077016 0.110432
7 0.144355 0.316083 0.131891 0.260425
5 0.472515 0.227818 0.108465 0.325737
7 0.474892 0.207363 0.082233 0.161192
7 0.285216 0.180683 0.072134 0.121582
7 0.441666 0.171644 0.071921 0.120005
5 0.295627 0.228945 0.108299 0.319497
0 0.476256 0.085411 0.034941 0.039047
0 0.379593 0.095858 0.025533 0.027229
7 0.240715 0.187986 0.057641 0.100042
0 0.435242 0.083832 0.042241 0.033869
0 0.229137 0.114869 0.029959 0.027412
5 0.162066 0.306917 0.166893 0.472075
7 0.027457 0.203940 0.048869 0.078026
0 0.268476 0.088182 0.032093 0.029677
5 0.380559 0.229427 0.108394 0.290975
0 0.049821 0.125675 0.034834 0.033104
0 0.332659 0.092627 0.028339 0.026273
0 0.088421 0.092257 0.029649 0.028868
7 0.209285 0.194570 0.042346 0.094827
7 0.350263 0.185073 0.047487 0.101487
5 0.251200 0.222251 0.088603 0.272052
5 0.355085 0.219590 0.088518 0.280501
0 0.015773 0.136590 0.022325 0.021385
5 0.029875 0.229071 0.059232 0.213690
5 0.441812 0.239500 0.087827 0.353194
0 0.010331 0.136878 0.018957 0.021384
5 0.033281 0.317540 0.066210 0.420973
5 0.214469 0.233242 0.075027 0.259508
5 0.102200 0.253019 0.099091 0.360069
0 0.128086 0.113511 0.068346 0.083509
7 0.162222 0.170808 0.077870 0.127394
3 0.268695 0.117549 0.018989 0.018796
0 0.125864 0.073769 0.048748 0.060644
7 0.097740 0.170852 0.058429 0.094771
0 0.125156 0.061385 0.040524 0.044457
5 0.103423 0.176646 0.081843 0.205073
3 0.053819 0.159805 0.022680 0.023420
3 0.018283 0.159184 0.018193 0.017514
7 0.015492 0.263407 0.030575 0.168825
5 0.196723 0.299396 0.116723 0.400525
3 0.229308 0.138811 0.019458 0.015825
3 0.091751 0.118393 0.018822 0.019059
0 0.126935 0.092136 0.053684 0.049179
0 0.012909 0.140528 0.024459 0.024882
5 0.151976 0.155605 0.105023 0.169132
3 0.383772 0.125035 0.018973 0.017741
0 0.337155 0.123679 0.028657 0.027139
0 0.099958 0.105999 0.030225 0.051990
7 0.091904 0.148256 0.048816 0.053077
0 0.141776 0.130964 0.039461 0.045532
0 0.089265 0.105303 0.032858 0.049478
8 0.451087 0.261958 0.156039 0.523915
0 0.055437 0.139426 0.043534 0.051549
0 0.469459 0.125978 0.024512 0.031301
