5 0.672367 0.778049 0.645912 0.443172
8 0.695791 0.292038 0.607907 0.535568
8 0.173573 0.731728 0.345257 0.342627
2 0.480934 0.167952 0.046299 0.058218
1 0.734869 0.861603 0.460061 0.275791
4 0.272824 0.345071 0.155599 0.312764
5 0.113596 0.245781 0.226679 0.473988
5 0.441340 0.324030 0.182144 0.392577
4 0.450793 0.238699 0.089317 0.158053
5 0.244867 0.282534 0.213494 0.468291
1 0.171356 0.193422 0.076834 0.084740
4 0.079799 0.304111 0.159326 0.311556
5 0.533609 0.152388 0.126704 0.293695
4 0.670072 0.355150 0.051272 0.100737
5 0.654786 0.404003 0.156005 0.318724
4 0.535279 0.093331 0.060027 0.106181
0 0.754957 0.660384 0.474441 0.196039
4 0.668426 0.934351 0.638962 0.130887
0 0.073112 0.500093 0.079989 0.084184
2 0.551024 0.023202 0.030567 0.022826
2 0.703705 0.531676 0.054890 0.034893
2 0.677918 0.270602 0.036433 0.026189
5 0.704497 0.534063 0.186427 0.055724
3 0.673896 0.297615 0.026552 0.020480
0 0.027577 0.166969 0.055048 0.083269
0 0.029506 0.046103 0.059012 0.081874
1 0.337810 0.194234 0.029491 0.056999
3 0.149502 0.160051 0.074572 0.058522
