5 0.209832 0.290672 0.419116 0.576435
8 0.710255 0.291185 0.575705 0.577859
8 0.688127 0.790162 0.534625 0.419047
4 0.209440 0.444863 0.418765 0.265698
8 0.556303 0.269709 0.221151 0.198929
1 0.219266 0.212815 0.400367 0.301461
5 0.568899 0.277290 0.037599 0.105274
5 0.073102 0.805475 0.022832 0.036423
0 0.075539 0.800425 0.021309 0.028876
4 0.566854 0.283132 0.019608 0.038336
4 0.561495 0.285788 0.016032 0.035953
2 0.567362 0.232426 0.010992 0.013068
2 0.217967 0.012144 0.413080 0.024288
8 0.907174 0.172753 0.185652 0.338153
