5 0.180354 0.845912 0.360368 0.306925
5 0.180486 0.689946 0.359512 0.260683
9 0.549516 0.236746 0.080679 0.089230
7 0.060140 0.255620 0.114848 0.198025
7 0.155767 0.240015 0.088904 0.132448
4 0.181386 0.675919 0.361667 0.233253
8 0.796548 0.710689 0.400508 0.300795
7 0.247946 0.248989 0.068977 0.129102
2 0.084745 0.792435 0.169069 0.144271
9 0.934577 0.299387 0.032764 0.039258
7 0.293522 0.286415 0.092654 0.156764
0 0.095236 0.120997 0.048930 0.052857
8 0.721604 0.860163 0.556791 0.278545
9 0.615936 0.258632 0.049989 0.057489
5 0.064933 0.323388 0.128287 0.469769
5 0.147642 0.291774 0.130657 0.359625
3 0.162182 0.609981 0.225437 0.101671
5 0.246835 0.266571 0.102020 0.279653
0 0.302353 0.170737 0.043818 0.046610
7 0.337698 0.264262 0.043836 0.122400
0 0.274934 0.148685 0.037556 0.039302
5 0.279368 0.344914 0.154356 0.409462
3 0.061870 0.951944 0.123730 0.095659
0 0.011602 0.105340 0.023194 0.057379
7 0.125280 0.208048 0.046223 0.111223
7 0.022874 0.188653 0.037345 0.077489
5 0.862232 0.613705 0.024839 0.041948
3 0.300742 0.214796 0.026020 0.023326
5 0.113579 0.252693 0.092669 0.314268
5 0.329532 0.307504 0.058971 0.315862
0 0.153922 0.123613 0.034426 0.034621
3 0.165306 0.168974 0.021938 0.018790
5 0.022212 0.259664 0.044423 0.345360
0 0.167186 0.131511 0.031459 0.038303
3 0.269633 0.185665 0.017893 0.019812
0 0.025781 0.121814 0.018876 0.027203
3 0.090848 0.168081 0.022453 0.025592
3 0.163928 0.174397 0.021326 0.021569
0 0.021298 0.120717 0.020333 0.028003
3 0.223280 0.583929 0.119289 0.050869
7 0.013793 0.193800 0.026738 0.089115
5 0.340831 0.290837 0.037083 0.225100
3 0.006892 0.151609 0.013717 0.021416
3 0.017103 0.146403 0.015040 0.016901
7 0.011063 0.226680 0.021869 0.166252
9 0.928348 0.357014 0.033694 0.032808
7 0.129074 0.181015 0.039280 0.055255
7 0.101057 0.206731 0.032166 0.100140
