5 0.324584 0.264937 0.647062 0.529385
4 0.324092 0.345754 0.648184 0.367676
8 0.324398 0.764288 0.644079 0.468332
8 0.512796 0.756025 0.273982 0.416813
5 0.790740 0.791175 0.279106 0.415444
9 0.901156 0.217419 0.197043 0.433558
1 0.217224 0.090665 0.430630 0.180930
2 0.811787 0.732947 0.081392 0.097149
4 0.792242 0.968856 0.192155 0.062289
3 0.798143 0.893462 0.064329 0.058978
6 0.692042 0.608219 0.085380 0.156723
5 0.234245 0.603259 0.040798 0.104263
4 0.221803 0.604006 0.014981 0.047602
8 0.047730 0.624605 0.088707 0.099260
