5 0.281663 0.202350 0.562830 0.352478
5 0.898839 0.251306 0.202092 0.254997
7 0.755810 0.322353 0.165640 0.113640
1 0.428527 0.916713 0.256643 0.166559
5 0.751347 0.244744 0.257337 0.265683
1 0.202369 0.945407 0.246604 0.109034
2 0.879545 0.158046 0.060807 0.057866
4 0.917902 0.335276 0.154371 0.087851
2 0.335263 0.180580 0.453657 0.235475
0 0.726582 0.159273 0.078943 0.089306
1 0.335236 0.316400 0.455996 0.127249
2 0.973458 0.171301 0.050515 0.052939
3 0.737504 0.255640 0.046340 0.052711
3 0.895311 0.256898 0.040070 0.051510
5 0.646658 0.242230 0.166265 0.274478
2 0.809035 0.336968 0.057281 0.065805
7 0.602574 0.331186 0.075479 0.102251
3 0.984540 0.276840 0.030731 0.059106
1 0.064400 0.840713 0.128629 0.318236
5 0.963232 0.253189 0.073028 0.248026
4 0.974881 0.350054 0.050117 0.058773
