8 0.774938 0.768932 0.449813 0.462025
5 0.275797 0.268833 0.550334 0.536865
4 0.274611 0.335507 0.549223 0.404801
2 0.148907 0.622975 0.097447 0.056016
7 0.809348 0.230669 0.154082 0.290594
4 0.163582 0.710632 0.176978 0.133058
5 0.165686 0.773503 0.282575 0.390251
1 0.289382 0.140434 0.524171 0.280869
5 0.792367 0.277438 0.208920 0.521303
0 0.801217 0.105582 0.096014 0.162341
4 0.469751 0.966986 0.077102 0.065528
5 0.447973 0.946368 0.197814 0.107234
2 0.429172 0.913450 0.065209 0.028859
3 0.161993 0.671548 0.067013 0.028724
0 0.537233 0.750467 0.023816 0.034440
3 0.419727 0.934474 0.030644 0.019635
3 0.418951 0.939161 0.041617 0.022561
