5 0.214784 0.738702 0.429567 0.520057
5 0.215083 0.239600 0.429557 0.479201
8 0.712947 0.239964 0.570175 0.479928
1 0.122540 0.335306 0.244850 0.286973
4 0.214050 0.841065 0.427709 0.315601
8 0.666336 0.799497 0.473447 0.401005
1 0.067789 0.624679 0.135577 0.254353
2 0.098856 0.090042 0.197010 0.179180
8 0.933931 0.039026 0.129426 0.078051
5 0.681680 0.924662 0.043459 0.046615
8 0.695852 0.032062 0.129008 0.063676
8 0.805011 0.035448 0.125375 0.069983
8 0.766983 0.035822 0.264892 0.069737
7 0.679969 0.928041 0.041831 0.040402
8 0.731518 0.033201 0.077193 0.066403
8 0.714323 0.592389 0.570947 0.227529
8 0.949534 0.810616 0.100109 0.378767
