8 0.183765 0.764115 0.367049 0.471399
5 0.185095 0.264739 0.369947 0.526409
0 0.636215 0.265121 0.390428 0.526951
8 0.869418 0.900022 0.260785 0.199587
4 0.645723 0.280108 0.258632 0.501181
9 0.515172 0.762953 0.297696 0.471798
4 0.949322 0.102556 0.101355 0.204768
4 0.858683 0.154140 0.154833 0.306284
0 0.434339 0.265787 0.127034 0.529840
5 0.848698 0.264981 0.216835 0.528399
9 0.659768 0.270035 0.574889 0.537403
5 0.547085 0.610815 0.035708 0.159139
5 0.944069 0.264717 0.111485 0.529121
7 0.547048 0.586195 0.024431 0.051767
1 0.311100 0.340320 0.114848 0.336303
4 0.757102 0.027849 0.035434 0.054597
0 0.544669 0.544585 0.016974 0.025806
5 0.427320 0.264455 0.114458 0.528910
2 0.309488 0.070783 0.120337 0.140836
5 0.757524 0.031971 0.062585 0.063465
0 0.490661 0.268144 0.242287 0.530600
