5 0.744063 0.169431 0.511715 0.338749
1 0.832164 0.123504 0.333567 0.245189
8 0.244183 0.658705 0.231737 0.288528
5 0.711696 0.672055 0.422159 0.653113
7 0.442366 0.094973 0.054500 0.078136
8 0.422175 0.653644 0.137383 0.331317
5 0.430178 0.119071 0.088239 0.133403
4 0.744213 0.249763 0.507236 0.177438
5 0.361552 0.147450 0.058771 0.104145
7 0.365078 0.126248 0.035274 0.052647
5 0.423651 0.048292 0.064271 0.096583
0 0.449848 0.078048 0.025003 0.037611
9 0.075931 0.766120 0.111671 0.054105
7 0.426266 0.010607 0.043395 0.020656
5 0.316367 0.318031 0.030769 0.041209
5 0.251168 0.327575 0.038339 0.024460
0 0.363464 0.116902 0.024783 0.040252
0 0.314580 0.315135 0.023299 0.035354
0 0.250438 0.328282 0.038001 0.024886
5 0.456263 0.036541 0.063360 0.072863
