8 0.700558 0.704209 0.537102 0.589429
7 0.181021 0.246176 0.081914 0.140652
7 0.042629 0.214421 0.079653 0.129936
7 0.235405 0.216819 0.063221 0.110246
4 0.376292 0.673016 0.106241 0.342651
5 0.277283 0.705407 0.303437 0.589148
7 0.130133 0.211616 0.054254 0.123580
4 0.059608 0.646348 0.118647 0.280351
5 0.045794 0.251678 0.091390 0.324624
5 0.133203 0.225946 0.080661 0.267294
4 0.313784 0.599204 0.199731 0.320397
5 0.233372 0.259722 0.089922 0.285727
5 0.094068 0.706584 0.187959 0.582275
2 0.946210 0.291481 0.107581 0.138791
0 0.253051 0.138076 0.033208 0.033979
5 0.196305 0.260252 0.166410 0.302341
0 0.149187 0.112991 0.035000 0.037909
0 0.177307 0.130238 0.043017 0.042117
7 0.504661 0.902708 0.069610 0.097910
5 0.517504 0.926120 0.105718 0.147265
5 0.357459 0.707304 0.145329 0.584047
5 0.936349 0.307502 0.126584 0.202275
0 0.532931 0.901794 0.033313 0.048478
9 0.969254 0.481445 0.034440 0.040858
7 0.015019 0.186116 0.030039 0.107325
0 0.046794 0.110402 0.023107 0.029681
3 0.044380 0.145153 0.022198 0.019091
5 0.020258 0.225403 0.040516 0.281558
0 0.028267 0.101669 0.029402 0.031475
3 0.177664 0.172693 0.024772 0.021732
5 0.195315 0.646104 0.170055 0.473640
5 0.848073 0.433173 0.057279 0.048124
5 0.009862 0.240751 0.019724 0.298575
3 0.249312 0.166835 0.015349 0.016837
3 0.147826 0.150471 0.017395 0.017837
4 0.197023 0.469012 0.110956 0.065462
9 0.991488 0.467496 0.016117 0.022946
3 0.043834 0.149738 0.020852 0.018514
2 0.093281 0.430681 0.118585 0.039143
3 0.144223 0.146655 0.017507 0.019203
