5 0.144074 0.214593 0.287145 0.429186
8 0.143927 0.714874 0.287853 0.555309
4 0.584557 0.090660 0.215555 0.180658
5 0.572577 0.867283 0.357581 0.264771
1 0.144682 0.286130 0.289021 0.282102
5 0.674431 0.270260 0.351086 0.321098
4 0.631002 0.320442 0.248232 0.217385
5 0.608462 0.141936 0.259003 0.282310
6 0.528647 0.890470 0.266888 0.218894
2 0.610741 0.781177 0.098456 0.089158
5 0.433808 0.051540 0.084884 0.093556
4 0.428215 0.050799 0.069576 0.072932
0 0.679650 0.155817 0.157585 0.084590
3 0.604553 0.958451 0.055460 0.064187
2 0.143631 0.042028 0.287259 0.083924
3 0.708749 0.219256 0.033356 0.034685
5 0.676011 0.016248 0.150158 0.032482
