8 0.374840 0.789736 0.653512 0.419124
7 0.959243 0.317069 0.081515 0.168872
5 0.274282 0.149949 0.174403 0.296943
7 0.890357 0.329017 0.089556 0.151141
7 0.741131 0.353880 0.083354 0.159460
7 0.822889 0.338219 0.087293 0.153447
4 0.291072 0.087746 0.078387 0.105711
0 0.725475 0.231093 0.039657 0.040311
0 0.956767 0.190697 0.040360 0.041745
0 0.737106 0.191616 0.036009 0.035977
0 0.777001 0.207245 0.035675 0.037288
0 0.884061 0.209046 0.039130 0.040739
0 0.889860 0.155458 0.034643 0.034991
0 0.818842 0.153279 0.036365 0.035328
3 0.777895 0.243600 0.024805 0.021077
0 0.984944 0.135142 0.029039 0.036933
5 0.944259 0.364047 0.088567 0.394360
5 0.755529 0.391987 0.108953 0.373900
5 0.833825 0.367617 0.118631 0.397681
5 0.906511 0.373939 0.117402 0.393895
2 0.285358 0.023487 0.039633 0.021850
3 0.731061 0.271988 0.026314 0.025531
0 0.922407 0.178609 0.033297 0.035327
5 0.794717 0.378273 0.105825 0.384653
7 0.920610 0.246598 0.052019 0.060420
3 0.886631 0.248654 0.023408 0.022451
0 0.816719 0.212853 0.039396 0.036300
3 0.960804 0.236989 0.026793 0.024687
7 0.779262 0.330084 0.063289 0.145038
5 0.722328 0.397120 0.045226 0.368996
3 0.926129 0.214696 0.025503 0.018345
7 0.834005 0.234538 0.074169 0.072785
3 0.821385 0.187665 0.022503 0.020718
3 0.892365 0.185009 0.021270 0.015630
5 0.983154 0.339261 0.031679 0.458190
3 0.822162 0.250225 0.024585 0.022005
5 0.967687 0.341197 0.062408 0.416793
7 0.759794 0.263217 0.052079 0.047168
7 0.749375 0.263585 0.033758 0.042257
0 0.708713 0.259986 0.015461 0.028140
7 0.850036 0.256120 0.050361 0.062788
7 0.987163 0.212460 0.025675 0.066421
7 0.714283 0.350285 0.028229 0.153501
0 0.913070 0.191500 0.025162 0.026333
7 0.818585 0.220872 0.048675 0.052964
