5 0.617504 0.749077 0.255723 0.500582
8 0.163198 0.751809 0.295302 0.341500
0 0.553412 0.583774 0.130080 0.168050
8 0.285989 0.742695 0.404230 0.513151
4 0.041391 0.135630 0.071508 0.100636
5 0.591896 0.279368 0.208826 0.436190
7 0.581202 0.835717 0.183584 0.326519
7 0.562133 0.194143 0.148616 0.167892
8 0.054405 0.786796 0.054331 0.053847
0 0.672543 0.128686 0.059717 0.096993
5 0.043927 0.186145 0.087086 0.332149
9 0.964458 0.454645 0.070999 0.085650
8 0.109258 0.769059 0.037168 0.042378
9 0.151922 0.798054 0.048591 0.048903
3 0.513472 0.730208 0.046167 0.060538
2 0.049177 0.066720 0.043229 0.027655
3 0.643030 0.167384 0.030799 0.050962
8 0.009664 0.778905 0.018577 0.054998
3 0.052931 0.078167 0.033593 0.021461
