8 0.226706 0.567919 0.453413 0.477304
8 0.368610 0.683351 0.223395 0.260394
0 0.912789 0.396388 0.074855 0.086048
7 0.689497 0.638170 0.165241 0.339492
5 0.693003 0.665931 0.199526 0.665022
0 0.610655 0.370359 0.044201 0.080446
4 0.909370 0.840363 0.160306 0.310584
0 0.722241 0.365270 0.066080 0.067895
7 0.871801 0.669078 0.145873 0.338114
5 0.853178 0.668203 0.274904 0.661749
2 0.951104 0.584736 0.051124 0.056759
3 0.903278 0.490726 0.045824 0.053017
5 0.250339 0.584768 0.038767 0.070249
3 0.716478 0.454827 0.040595 0.044291
5 0.911851 0.770819 0.173102 0.457594
5 0.631326 0.664693 0.082985 0.668857
3 0.601397 0.466446 0.024913 0.046282
7 0.613900 0.629543 0.050780 0.297724
3 0.935966 0.679980 0.046068 0.054426
5 0.969746 0.748101 0.060508 0.418357
5 0.616439 0.691240 0.054832 0.515716
5 0.945757 0.707467 0.107723 0.585065
3 0.940245 0.663839 0.046866 0.039764
