5 0.291858 0.784845 0.581095 0.428924
7 0.720316 0.288046 0.087932 0.180298
5 0.822517 0.284908 0.354967 0.567031
5 0.737117 0.339356 0.207685 0.462761
7 0.854005 0.292027 0.154900 0.303657
1 0.245753 0.838877 0.486603 0.320811
9 0.976370 0.277292 0.047259 0.094016
0 0.802684 0.077600 0.064853 0.085814
9 0.934030 0.304047 0.111424 0.165115
7 0.970890 0.752524 0.034242 0.046766
2 0.181261 0.651822 0.361898 0.165747
7 0.823657 0.731045 0.031456 0.051916
0 0.703256 0.143887 0.032397 0.045516
5 0.826355 0.737425 0.045255 0.112324
5 0.973810 0.750415 0.050683 0.096271
8 0.716004 0.784838 0.275523 0.429946
0 0.831237 0.693783 0.016098 0.016900
5 0.965787 0.755918 0.039487 0.077471
7 0.990312 0.725477 0.018368 0.040045
9 0.885385 0.312912 0.216998 0.214752
8 0.789728 0.688327 0.418326 0.240979
4 0.289139 0.951205 0.578278 0.096802
