4 0.792178 0.852768 0.117921 0.128818
1 0.300190 0.775297 0.073635 0.111673
1 0.114775 0.729782 0.057482 0.080004
5 0.500404 0.701117 0.158364 0.597767
5 0.781530 0.875723 0.179569 0.248371
5 0.758865 0.377737 0.121905 0.151457
4 0.382800 0.856597 0.112233 0.286717
8 0.867546 0.150209 0.264493 0.299818
2 0.276121 0.657516 0.102094 0.092901
2 0.122426 0.642123 0.092240 0.081168
4 0.132903 0.877336 0.146465 0.245023
4 0.299687 0.917888 0.212369 0.163517
1 0.353247 0.677454 0.054011 0.085220
2 0.341291 0.586767 0.083870 0.074876
5 0.377745 0.769962 0.152993 0.459759
1 0.052517 0.559696 0.028507 0.046328
2 0.292902 0.534441 0.021445 0.027281
2 0.132662 0.538401 0.027580 0.027755
4 0.510092 0.832515 0.134812 0.334494
1 0.021271 0.592134 0.042542 0.154375
4 0.047562 0.819678 0.095125 0.360644
2 0.778472 0.767394 0.043764 0.026109
5 0.289509 0.565076 0.035557 0.093247
2 0.052342 0.515141 0.027362 0.023128
4 0.065392 0.631769 0.038141 0.079755
2 0.014908 0.408806 0.029732 0.110342
4 0.293652 0.567827 0.031027 0.084681
5 0.380569 0.576362 0.017447 0.050739
1 0.137109 0.568117 0.020413 0.016390
5 0.138555 0.577546 0.056170 0.105251
5 0.373746 0.574300 0.020152 0.061852
1 0.136591 0.578203 0.024007 0.026834
8 0.964324 0.161856 0.071353 0.272962
