8 0.701042 0.788699 0.597050 0.420586
5 0.129534 0.290901 0.258955 0.577503
5 0.233901 0.789607 0.332405 0.420603
5 0.290801 0.290104 0.217664 0.579733
1 0.130873 0.139594 0.149557 0.239579
4 0.122676 0.408416 0.245303 0.343075
1 0.327398 0.715510 0.146351 0.230217
5 0.826879 0.246439 0.093143 0.215437
4 0.326701 0.376002 0.149103 0.416619
5 0.962675 0.221107 0.074497 0.225960
1 0.361473 0.081118 0.078690 0.159837
4 0.806365 0.199983 0.029199 0.048712
0 0.803885 0.155660 0.020846 0.026886
0 0.971674 0.123772 0.023334 0.024142
4 0.981253 0.176586 0.034451 0.062362
5 0.619573 0.676615 0.037618 0.080090
2 0.322177 0.611016 0.160366 0.063813
4 0.616679 0.685837 0.023140 0.044429
2 0.610395 0.645648 0.013997 0.017125
5 0.036442 0.285709 0.072883 0.571417
