5 0.754330 0.209863 0.491339 0.418611
1 0.384796 0.305773 0.063568 0.068568
8 0.310299 0.710976 0.398786 0.577875
1 0.667671 0.312315 0.196089 0.214102
8 0.454154 0.722060 0.105523 0.248984
5 0.128054 0.209262 0.252927 0.417616
8 0.643112 0.749858 0.268143 0.469551
5 0.356569 0.210894 0.293759 0.415540
2 0.154628 0.253331 0.096471 0.078771
2 0.386970 0.215256 0.077528 0.064958
5 0.348327 0.293103 0.273426 0.251028
2 0.664240 0.047156 0.202473 0.093435
5 0.145497 0.308535 0.239972 0.223105
2 0.403379 0.055002 0.090084 0.076823
1 0.136453 0.107770 0.063747 0.056139
1 0.116667 0.347324 0.059281 0.067722
1 0.381544 0.138391 0.069255 0.059022
5 0.185326 0.118193 0.240218 0.236249
2 0.150531 0.033867 0.072259 0.067277
5 0.395848 0.107711 0.217756 0.211254
5 0.647797 0.873196 0.027489 0.047641
5 0.399592 0.030697 0.204193 0.061395
4 0.203238 0.106267 0.161178 0.212534
5 0.076687 0.088314 0.151764 0.176054
8 0.856418 0.969495 0.217874 0.060478
4 0.112164 0.260744 0.160773 0.293468
5 0.467115 0.130745 0.085972 0.258747
5 0.378919 0.738067 0.020720 0.047108
5 0.044979 0.272092 0.089606 0.292341
8 0.755251 0.765110 0.487092 0.463748
4 0.486501 0.215353 0.045756 0.157209
5 0.449402 0.268106 0.122177 0.296240
4 0.162806 0.394258 0.154903 0.049836
4 0.467039 0.088660 0.081804 0.168947
5 0.044744 0.105895 0.089488 0.211791
1 0.410878 0.021574 0.097556 0.043147
8 0.787473 0.969552 0.412556 0.060895
5 0.481529 0.225962 0.057642 0.372336
4 0.483034 0.171059 0.052662 0.156195
