5 0.274558 0.759670 0.549116 0.480167
1 0.175347 0.666492 0.238462 0.273203
4 0.246235 0.882000 0.462278 0.235429
1 0.456918 0.029926 0.058522 0.059852
2 0.909011 0.270681 0.120730 0.114267
5 0.133643 0.397309 0.265513 0.246255
5 0.883839 0.347830 0.231192 0.340253
5 0.225164 0.349321 0.223456 0.340734
1 0.143361 0.440296 0.091183 0.088864
2 0.175395 0.240092 0.098830 0.093544
2 0.121781 0.333536 0.114412 0.094996
5 0.384016 0.441417 0.225913 0.153817
1 0.200187 0.344129 0.066411 0.067655
3 0.935503 0.450162 0.083102 0.082313
5 0.081459 0.243572 0.162810 0.487143
5 0.204256 0.167396 0.269229 0.334748
2 0.376307 0.414923 0.093284 0.079197
1 0.014830 0.085967 0.029659 0.066611
5 0.428775 0.265512 0.252866 0.474429
1 0.393594 0.500490 0.099294 0.033324
5 0.427055 0.132326 0.242384 0.264015
8 0.780623 0.771189 0.437716 0.457511
4 0.237696 0.439739 0.114331 0.158837
5 0.208350 0.101470 0.271716 0.202763
5 0.515761 0.161342 0.087658 0.320680
2 0.330932 0.032259 0.048388 0.039774
5 0.075561 0.151545 0.150772 0.302649
2 0.027053 0.021067 0.054064 0.042035
1 0.162808 0.012316 0.052837 0.024473
5 0.510051 0.318062 0.096819 0.359062
4 0.128565 0.486315 0.198831 0.063815
4 0.065849 0.302058 0.131471 0.356048
4 0.440875 0.227051 0.191885 0.352440
5 0.051524 0.288750 0.102970 0.456373
4 0.429932 0.316389 0.164126 0.269264
5 0.036580 0.375226 0.073160 0.282675
5 0.328591 0.224306 0.144872 0.313391
