8 0.717447 0.279406 0.565106 0.556327
8 0.786072 0.722214 0.426214 0.324921
9 0.280669 0.780298 0.257568 0.439404
7 0.106118 0.845882 0.211823 0.304230
5 0.123486 0.779487 0.246789 0.439886
6 0.193099 0.267153 0.107271 0.172128
6 0.154549 0.479376 0.051883 0.097999
6 0.020445 0.416409 0.040891 0.127831
6 0.156442 0.402642 0.074591 0.127551
3 0.022521 0.681471 0.045042 0.079773
6 0.132618 0.519697 0.046922 0.080690
6 0.014335 0.522776 0.028669 0.074895
6 0.254895 0.024985 0.102958 0.049277
6 0.008560 0.216825 0.016976 0.085358
6 0.012257 0.259534 0.024514 0.152866
6 0.122930 0.542224 0.036001 0.036650
0 0.021277 0.575529 0.042100 0.030799
6 0.260770 0.577255 0.037815 0.031908
6 0.233557 0.026902 0.177828 0.053340
6 0.137864 0.528553 0.034228 0.062442
6 0.027626 0.548653 0.025552 0.023177
