5 0.234826 0.339240 0.468878 0.678481
5 0.785249 0.339137 0.429088 0.675508
5 0.872620 0.839415 0.254171 0.320319
7 0.850913 0.111655 0.295439 0.222166
2 0.178625 0.848469 0.153450 0.132270
4 0.291215 0.526596 0.355446 0.306346
3 0.278688 0.375095 0.142798 0.124969
5 0.083628 0.236995 0.166803 0.293393
2 0.231020 0.069943 0.192554 0.139567
5 0.355183 0.086557 0.074909 0.109501
3 0.972077 0.833894 0.055847 0.116655
5 0.183353 0.886159 0.360561 0.227424
2 0.068387 0.109862 0.039979 0.033290
4 0.082046 0.169243 0.068713 0.057435
3 0.204277 0.949400 0.067076 0.063639
3 0.072325 0.145391 0.022410 0.020614
4 0.921756 0.911879 0.156289 0.176222
4 0.252626 0.975787 0.269784 0.047806
4 0.084464 0.174322 0.052426 0.045808
4 0.152066 0.964522 0.137505 0.070955
