5 0.301034 0.200709 0.601038 0.401037
5 0.298704 0.700105 0.596588 0.597283
1 0.691578 0.875227 0.182093 0.249546
1 0.804513 0.249509 0.073785 0.090578
1 0.871816 0.885668 0.254185 0.228664
1 0.185127 0.265992 0.369974 0.268315
2 0.827127 0.160653 0.109875 0.096114
1 0.772325 0.060969 0.030317 0.046343
1 0.968732 0.328777 0.061747 0.125531
1 0.226276 0.691284 0.452551 0.302293
1 0.708710 0.095625 0.117871 0.175415
4 0.693736 0.250260 0.186832 0.305750
4 0.285044 0.853932 0.570088 0.292023
2 0.960442 0.198766 0.079071 0.106659
2 0.217262 0.489378 0.433913 0.176926
2 0.197183 0.070530 0.393716 0.140972
4 0.797429 0.337594 0.204631 0.126017
2 0.859023 0.054499 0.035945 0.037347
1 0.855528 0.092674 0.024064 0.025079
2 0.779013 0.013324 0.029744 0.025344
4 0.772201 0.135356 0.040014 0.077731
