9 0.889550 0.183817 0.220852 0.367300
5 0.188914 0.176966 0.074630 0.121382
5 0.360564 0.189256 0.716325 0.360077
5 0.488390 0.222562 0.171820 0.275826
2 0.299550 0.116307 0.202746 0.165843
5 0.630411 0.162488 0.126739 0.287864
4 0.631586 0.181354 0.091651 0.179150
2 0.469695 0.108017 0.040159 0.033639
2 0.618981 0.035274 0.036774 0.030047
4 0.468175 0.166894 0.072072 0.060238
3 0.473429 0.140979 0.022644 0.020048
4 0.482691 0.170933 0.061478 0.049528
1 0.625666 0.069107 0.026023 0.029372
5 0.761783 0.251551 0.036374 0.209802
5 0.757496 0.157457 0.044810 0.301662
