8 0.677692 0.779892 0.635463 0.439588
0 0.654265 0.134640 0.071985 0.099241
7 0.586128 0.301945 0.146549 0.274893
7 0.793933 0.329353 0.139852 0.304181
5 0.561603 0.302388 0.257664 0.453578
5 0.754964 0.287734 0.262313 0.480654
0 0.806013 0.106232 0.077766 0.099372
6 0.085760 0.143648 0.035498 0.049601
5 0.481689 0.743542 0.061069 0.082618
3 0.636034 0.204258 0.028205 0.037967
3 0.784482 0.181103 0.026026 0.043014
5 0.904206 0.754237 0.050990 0.106906
8 0.074064 0.086437 0.147700 0.172673
4 0.907971 0.740656 0.025732 0.036940
