5 0.720274 0.763146 0.556310 0.471254
5 0.224418 0.333982 0.429552 0.390163
8 0.815310 0.263379 0.368486 0.526114
5 0.220662 0.121958 0.441277 0.243871
5 0.357168 0.764422 0.161179 0.469673
4 0.250536 0.104515 0.385004 0.208912
2 0.592950 0.711699 0.310982 0.367354
7 0.382676 0.764398 0.114744 0.335226
3 0.340296 0.444169 0.196936 0.173188
8 0.651679 0.096903 0.424201 0.193807
2 0.336359 0.231393 0.206012 0.142956
7 0.337118 0.705938 0.086055 0.190023
3 0.366598 0.034165 0.147154 0.068093
0 0.311984 0.570591 0.035303 0.063101
0 0.398511 0.558857 0.067225 0.059638
0 0.335407 0.559567 0.060171 0.062420
3 0.367837 0.564091 0.028540 0.061234
0 0.321378 0.561446 0.042635 0.063194
