5 0.670931 0.276160 0.654652 0.551967
5 0.169951 0.149540 0.338863 0.298645
8 0.699049 0.743627 0.227191 0.194845
8 0.168393 0.780051 0.335099 0.439069
8 0.472146 0.732291 0.165101 0.239445
1 0.649057 0.470184 0.355503 0.161271
5 0.193693 0.402834 0.293380 0.296312
4 0.215501 0.171091 0.247061 0.226623
2 0.643843 0.145068 0.394723 0.288711
8 0.702773 0.647586 0.107147 0.090889
3 0.287438 0.497564 0.106173 0.104469
2 0.291022 0.326785 0.098312 0.115788
7 0.281023 0.979930 0.024457 0.039053
5 0.211630 0.969673 0.062370 0.060208
3 0.301157 0.045105 0.076323 0.089896
8 0.256517 0.736958 0.161718 0.351762
0 0.225479 0.943237 0.020297 0.022357
5 0.246456 0.970812 0.080234 0.058186
