5 0.573137 0.193767 0.528304 0.386682
5 0.807763 0.196954 0.383175 0.392979
1 0.847029 0.167382 0.164266 0.099776
8 0.165938 0.755702 0.286393 0.383879
5 0.559216 0.700875 0.185663 0.584448
7 0.767704 0.513528 0.120824 0.208546
7 0.562350 0.514034 0.118569 0.207917
5 0.755810 0.699845 0.191645 0.583089
2 0.893352 0.057394 0.210374 0.106847
1 0.382856 0.065221 0.146170 0.093458
1 0.525833 0.095010 0.146063 0.063868
5 0.557103 0.053753 0.256856 0.105777
2 0.538773 0.207652 0.123986 0.044048
1 0.983246 0.059963 0.033208 0.067060
2 0.554569 0.022363 0.230788 0.044657
5 0.966402 0.057469 0.067078 0.114589
1 0.976227 0.101657 0.046251 0.055277
5 0.281525 0.678648 0.034221 0.052400
