8 0.362233 0.843638 0.352578 0.307012
1 0.096141 0.567812 0.182311 0.151308
8 0.736971 0.462761 0.395152 0.385567
5 0.182768 0.396956 0.364602 0.585921
2 0.121402 0.290738 0.241014 0.362724
8 0.888487 0.549297 0.222892 0.277917
4 0.146528 0.587626 0.287517 0.202978
7 0.194768 0.946384 0.064550 0.107012
5 0.191199 0.913968 0.084257 0.170940
7 0.075996 0.940570 0.063234 0.112075
5 0.077178 0.915037 0.079095 0.168673
8 0.808026 0.930319 0.382000 0.138971
5 0.304488 0.931920 0.092985 0.136067
0 0.197007 0.850776 0.038326 0.040349
0 0.274713 0.888737 0.040539 0.041166
5 0.733943 0.489379 0.050760 0.167221
0 0.094880 0.877163 0.024697 0.029923
0 0.235087 0.879901 0.028929 0.031630
5 0.024549 0.950495 0.048513 0.098878
0 0.075313 0.843904 0.031194 0.034342
0 0.030056 0.912625 0.026945 0.023299
7 0.300643 0.957644 0.048751 0.084229
7 0.241805 0.954159 0.043197 0.091683
5 0.241226 0.931491 0.055859 0.135770
7 0.020623 0.965448 0.041162 0.068096
4 0.735538 0.447856 0.029665 0.037877
2 0.742216 0.415962 0.014393 0.017016
3 0.272540 0.929565 0.017118 0.017673
0 0.021141 0.914506 0.016794 0.020942
3 0.191417 0.884185 0.016961 0.018559
5 0.465774 0.972589 0.150895 0.054370
5 0.555638 0.594119 0.034469 0.118394
5 0.121613 0.944848 0.051411 0.109060
0 0.742964 0.416474 0.013169 0.016663
5 0.265492 0.932159 0.051501 0.134287
9 0.971857 0.403239 0.054786 0.033354
