8 0.834795 0.243897 0.329811 0.486129
8 0.336757 0.744156 0.668060 0.510044
5 0.332683 0.246119 0.647930 0.491409
4 0.372937 0.289322 0.451734 0.404255
1 0.311541 0.070700 0.240974 0.140571
5 0.404642 0.863116 0.099103 0.211699
0 0.698228 0.868481 0.058874 0.097466
4 0.400553 0.829675 0.056962 0.071941
5 0.762176 0.903836 0.187029 0.192086
4 0.720750 0.967292 0.096300 0.065162
3 0.702749 0.935200 0.035590 0.035330
5 0.986322 0.380554 0.024138 0.037053
2 0.386909 0.757605 0.031776 0.020216
3 0.381437 0.794244 0.013877 0.013837
