5 0.119413 0.279107 0.238737 0.556405
8 0.618452 0.779639 0.753371 0.440218
8 0.121000 0.779104 0.241849 0.441491
5 0.433502 0.158492 0.089973 0.208382
4 0.418199 0.114181 0.030977 0.049347
4 0.113556 0.344174 0.226731 0.428664
5 0.580806 0.144396 0.092075 0.225673
5 0.556416 0.866316 0.354124 0.266331
7 0.509682 0.916975 0.175554 0.166050
5 0.831889 0.716051 0.166839 0.313986
4 0.590444 0.099474 0.035701 0.058744
0 0.503792 0.785407 0.076488 0.083492
0 0.931343 0.318189 0.029367 0.040222
0 0.417303 0.068858 0.022388 0.025859
0 0.583542 0.045989 0.022834 0.023689
1 0.026780 0.117120 0.053476 0.229096
7 0.830776 0.655622 0.120457 0.148132
5 0.927802 0.340997 0.046721 0.086832
9 0.936474 0.231203 0.126245 0.456276
8 0.930701 0.227766 0.138426 0.454134
5 0.914890 0.364009 0.082548 0.140909
