5 0.813892 0.209566 0.369534 0.418783
7 0.430164 0.520800 0.162047 0.194687
5 0.285476 0.209812 0.543881 0.419086
5 0.442260 0.650369 0.258693 0.460010
1 0.803358 0.249208 0.361687 0.329843
7 0.833766 0.628064 0.059788 0.107239
4 0.267121 0.208038 0.366869 0.416076
5 0.835490 0.672604 0.064584 0.290219
7 0.735493 0.645148 0.059423 0.090486
0 0.545323 0.468424 0.065962 0.101076
7 0.874073 0.625545 0.049592 0.090295
7 0.907874 0.628124 0.035114 0.078962
0 0.833764 0.538312 0.027374 0.026637
7 0.970846 0.728174 0.058143 0.249606
0 0.970709 0.540975 0.057465 0.066489
7 0.659244 0.691930 0.054722 0.152926
7 0.942148 0.595829 0.044950 0.127366
0 0.732476 0.564034 0.021516 0.023594
5 0.672878 0.695263 0.066591 0.298398
0 0.963100 0.486674 0.039143 0.042525
0 0.875737 0.556233 0.026259 0.025065
5 0.875381 0.663948 0.052517 0.245121
7 0.777121 0.641061 0.032486 0.091794
7 0.683636 0.644085 0.053358 0.108760
5 0.739971 0.681429 0.068664 0.262692
0 0.642469 0.569987 0.030407 0.036151
0 0.679359 0.560769 0.033562 0.029903
0 0.776118 0.555739 0.023219 0.025402
0 0.914115 0.564633 0.018726 0.021855
5 0.776517 0.676390 0.050134 0.263170
5 0.964585 0.746505 0.069916 0.481352
3 0.733790 0.591067 0.015542 0.015783
2 0.802260 0.032170 0.350024 0.063993
3 0.521238 0.510340 0.022446 0.044337
5 0.912060 0.653204 0.037803 0.214598
3 0.645902 0.610325 0.019901 0.022400
3 0.643213 0.614144 0.019421 0.021847
3 0.915256 0.590431 0.010074 0.012411
5 0.951784 0.685560 0.068731 0.366842
3 0.835906 0.565512 0.016501 0.015873
3 0.879108 0.580587 0.012525 0.012917
5 0.899198 0.648848 0.040267 0.236966
5 0.980270 0.771227 0.039460 0.457546
