5 0.199678 0.300568 0.399232 0.598993
5 0.118968 0.722080 0.120397 0.225928
9 0.623047 0.246043 0.058416 0.054733
8 0.758484 0.481462 0.345959 0.237490
9 0.504281 0.290892 0.060729 0.054998
9 0.764346 0.192364 0.056956 0.049898
0 0.114905 0.625017 0.024626 0.029832
9 0.964912 0.098330 0.046451 0.043237
9 0.848184 0.152002 0.066653 0.061112
4 0.125178 0.671406 0.036479 0.053979
9 0.871915 0.150735 0.051241 0.048662
5 0.765715 0.769431 0.028811 0.036596
0 0.762653 0.766110 0.023524 0.029367
9 0.842408 0.138738 0.042702 0.042853
4 0.347877 0.366880 0.106070 0.425856
9 0.420432 0.319081 0.041021 0.041431
4 0.333644 0.296173 0.134427 0.563871
5 0.027105 0.739488 0.054209 0.240433
5 0.922467 0.738981 0.029422 0.039097
