8 0.733258 0.312954 0.507743 0.625358
5 0.739440 0.822720 0.520816 0.354444
5 0.241147 0.316961 0.477659 0.621531
5 0.808989 0.315373 0.374528 0.627089
1 0.276597 0.470207 0.183577 0.161259
2 0.284765 0.193200 0.263105 0.368252
4 0.277522 0.501019 0.406561 0.257257
7 0.884979 0.266044 0.171743 0.353480
2 0.840538 0.760934 0.318230 0.169630
5 0.535343 0.088330 0.113621 0.174904
0 0.853488 0.044247 0.080757 0.084120
1 0.844724 0.934590 0.309340 0.130546
5 0.362887 0.814382 0.230952 0.370600
4 0.512496 0.097610 0.061173 0.100049
