5 0.606624 0.278914 0.266339 0.399656
5 0.431604 0.280871 0.161468 0.394464
4 0.412258 0.291666 0.121342 0.158089
0 0.602891 0.122723 0.098227 0.070504
5 0.764261 0.303410 0.237968 0.349004
4 0.775372 0.347364 0.160007 0.179960
0 0.409878 0.131805 0.111724 0.085241
0 0.762846 0.172357 0.119554 0.080974
5 0.117057 0.239499 0.233626 0.476330
4 0.576167 0.277802 0.146114 0.161505
3 0.606690 0.186353 0.048071 0.039253
3 0.418573 0.199939 0.057649 0.044869
3 0.739328 0.228823 0.044841 0.031160
4 0.071809 0.400608 0.143618 0.156626
3 0.751252 0.238766 0.044859 0.033869
5 0.064641 0.238380 0.128620 0.475639
3 0.756448 0.246745 0.037223 0.036781
