1 0.813073 0.082173 0.071276 0.070798
8 0.659216 0.813916 0.478971 0.371382
5 0.148276 0.804413 0.295894 0.349310
5 0.565483 0.361382 0.286549 0.512341
1 0.057984 0.073938 0.115968 0.147876
5 0.701205 0.496698 0.295511 0.263079
4 0.096138 0.701156 0.192171 0.143321
5 0.851551 0.506502 0.296897 0.242829
1 0.818932 0.283924 0.068208 0.062279
5 0.808981 0.360870 0.258807 0.416580
5 0.773606 0.197680 0.260228 0.385887
1 0.765742 0.523593 0.066051 0.074115
5 0.553440 0.156070 0.250003 0.312141
1 0.527213 0.408392 0.062123 0.065474
2 0.575313 0.158252 0.097837 0.083182
2 0.951275 0.446442 0.092781 0.085086
2 0.754959 0.419886 0.088713 0.073188
2 0.542888 0.322194 0.076914 0.065795
2 0.466834 0.606137 0.085780 0.047326
4 0.903915 0.579461 0.186199 0.100670
5 0.115075 0.314926 0.229694 0.628740
5 0.522237 0.450172 0.204587 0.357289
2 0.820742 0.200058 0.074352 0.070209
2 0.582485 0.042102 0.090309 0.063779
1 0.573651 0.250720 0.081204 0.069123
1 0.983584 0.408900 0.032586 0.071000
4 0.518370 0.183652 0.065608 0.122137
4 0.041971 0.352616 0.083941 0.448754
4 0.713173 0.589412 0.161472 0.080985
4 0.763260 0.214462 0.149730 0.225393
5 0.573205 0.101090 0.214754 0.200392
2 0.820357 0.028084 0.070052 0.039032
3 0.951832 0.530254 0.060134 0.053439
1 0.583621 0.123670 0.075103 0.042553
5 0.936511 0.190395 0.126236 0.313755
5 0.455104 0.111903 0.071834 0.219952
5 0.729564 0.081596 0.140143 0.160714
1 0.435051 0.461090 0.032587 0.092351
5 0.458799 0.237085 0.080239 0.370805
5 0.445012 0.318762 0.052902 0.366897
5 0.972955 0.450165 0.054044 0.318351
2 0.984363 0.336501 0.029861 0.056045
4 0.435493 0.338794 0.032504 0.151959
5 0.449792 0.199331 0.062147 0.267791
5 0.449926 0.434272 0.061966 0.349369
2 0.439504 0.210431 0.040286 0.064966
1 0.951432 0.528913 0.062385 0.054981
2 0.945159 0.057811 0.057363 0.044843
4 0.865453 0.110145 0.063549 0.098093
1 0.565736 0.124881 0.049004 0.039421
4 0.940667 0.585140 0.118666 0.089683
2 0.626126 0.605825 0.057470 0.046209
4 0.743529 0.057061 0.082782 0.109249
5 0.701935 0.031641 0.077118 0.062351
5 0.777323 0.101051 0.261269 0.200475
