5 0.269949 0.219143 0.538972 0.437545
4 0.215646 0.338670 0.426029 0.200360
0 0.028504 0.926066 0.056922 0.089416
1 0.227206 0.211330 0.211657 0.252339
8 0.768097 0.683441 0.463807 0.489966
7 0.871668 0.735703 0.063333 0.118298
5 0.220707 0.915577 0.126033 0.168194
0 0.372399 0.846767 0.078544 0.071450
7 0.610166 0.763210 0.076021 0.150031
0 0.092346 0.927079 0.054811 0.076219
0 0.325761 0.929366 0.093026 0.098877
0 0.197149 0.859774 0.043634 0.047052
5 0.409053 0.901309 0.171838 0.194571
7 0.407718 0.952272 0.102372 0.095378
5 0.870504 0.780280 0.102137 0.303351
5 0.606764 0.816966 0.105023 0.363483
7 0.222728 0.949960 0.082717 0.095890
0 0.859758 0.637498 0.032379 0.031462
5 0.130285 0.942549 0.181132 0.114024
0 0.573097 0.661956 0.043895 0.045146
7 0.557849 0.750253 0.037114 0.116356
5 0.567759 0.819893 0.059236 0.356537
5 0.327234 0.936346 0.202721 0.127277
5 0.055873 0.938961 0.111614 0.122003
3 0.202530 0.902981 0.026225 0.028221
3 0.369758 0.901317 0.026404 0.028552
3 0.572464 0.705774 0.020478 0.022132
7 0.102523 0.986266 0.104515 0.027053
3 0.375237 0.898678 0.032271 0.027930
3 0.042306 0.979496 0.028801 0.029755
