0 0.384829 0.282613 0.141508 0.175233
8 0.585391 0.227372 0.248624 0.447147
5 0.851960 0.854283 0.250493 0.290873
5 0.348162 0.449684 0.222926 0.518576
5 0.169657 0.355169 0.334524 0.708002
3 0.390150 0.480042 0.076552 0.080853
7 0.815650 0.820916 0.137008 0.222983
7 0.354008 0.621612 0.209235 0.177117
3 0.158651 0.076746 0.075687 0.076196
5 0.059141 0.854620 0.117935 0.290757
0 0.976897 0.048671 0.046094 0.097342
7 0.160709 0.389703 0.249392 0.583776
5 0.147917 0.795980 0.096972 0.171985
3 0.989242 0.130500 0.020791 0.063827
5 0.079543 0.381560 0.159086 0.651783
5 0.969405 0.228087 0.061063 0.455773
7 0.023219 0.594104 0.046438 0.227278
