8 0.194250 0.799718 0.388224 0.398586
9 0.573021 0.799482 0.364172 0.399430
7 0.860748 0.765719 0.200490 0.327872
5 0.860919 0.800347 0.233013 0.398164
5 0.153034 0.306035 0.302229 0.591629
0 0.536442 0.161228 0.062079 0.104061
7 0.146153 0.389581 0.210739 0.422727
0 0.412521 0.082732 0.048820 0.095687
7 0.569920 0.339520 0.113544 0.289898
5 0.566057 0.354557 0.174488 0.492070
0 0.160633 0.063632 0.086394 0.103435
3 0.153540 0.184707 0.058846 0.052542
6 0.753031 0.722802 0.027745 0.039612
5 0.325277 0.335007 0.125007 0.531039
5 0.419752 0.306378 0.059029 0.554670
5 0.036098 0.320900 0.072195 0.559218
4 0.361630 0.438309 0.053507 0.257642
7 0.411709 0.311996 0.044780 0.293582
3 0.402442 0.168038 0.022197 0.037654
