7 0.109866 0.610283 0.141701 0.265511
5 0.174069 0.218393 0.347420 0.436769
9 0.200273 0.628174 0.108049 0.100183
5 0.123334 0.718956 0.246669 0.557572
9 0.043871 0.681262 0.087370 0.162220
2 0.514153 0.370516 0.072631 0.075143
3 0.083834 0.459212 0.036787 0.039391
4 0.079783 0.320914 0.159449 0.238153
6 0.973788 0.961432 0.049829 0.076202
5 0.551121 0.383621 0.221025 0.109223
5 0.881225 0.625809 0.016376 0.035397
5 0.929449 0.603609 0.013528 0.036099
5 0.974772 0.594841 0.016795 0.032983
5 0.980686 0.605784 0.022689 0.052950
4 0.148102 0.223295 0.277958 0.436641
7 0.976892 0.594096 0.013994 0.027656
6 0.873632 0.677977 0.014694 0.027200
