4 0.796248 0.711987 0.407504 0.208525
0 0.465385 0.356106 0.166212 0.201289
5 0.778209 0.715234 0.441233 0.213143
5 0.238889 0.306940 0.473859 0.610774
8 0.676403 0.304171 0.249759 0.608342
3 0.276550 0.114095 0.087899 0.093946
5 0.403586 0.427589 0.294657 0.364091
3 0.442998 0.559143 0.092226 0.091767
8 0.752089 0.102628 0.344067 0.205256
0 0.052560 0.160676 0.104718 0.191086
7 0.497013 0.896851 0.106040 0.204842
7 0.228521 0.360910 0.369665 0.509794
5 0.465419 0.813451 0.168072 0.371990
3 0.020353 0.367763 0.040061 0.102019
0 0.296142 0.016100 0.168687 0.032200
5 0.113155 0.327979 0.226089 0.560400
1 0.786075 0.627433 0.215441 0.034300
7 0.043333 0.488822 0.086667 0.242380
