8 0.564173 0.744735 0.370316 0.387532
0 0.297190 0.067642 0.158711 0.134557
7 0.295730 0.409773 0.166676 0.282151
8 0.709950 0.647291 0.262634 0.194134
5 0.215847 0.275061 0.326856 0.549958
9 0.038218 0.746426 0.075901 0.087106
5 0.134501 0.275226 0.268608 0.549473
7 0.105114 0.273855 0.210228 0.541386
3 0.297840 0.243102 0.082998 0.094166
8 0.810095 0.632564 0.053291 0.054143
9 0.716960 0.637081 0.040680 0.048948
8 0.885830 0.622653 0.037663 0.061455
8 0.756676 0.610344 0.035539 0.040833
8 0.913069 0.622167 0.036722 0.068037
8 0.818482 0.041832 0.361115 0.083468
3 0.059667 0.010487 0.076259 0.020505
8 0.940848 0.623077 0.039815 0.065737
8 0.872421 0.623584 0.031338 0.057463
8 0.957733 0.621608 0.036323 0.064038
8 0.989072 0.613968 0.021857 0.077489
8 0.864300 0.624217 0.027374 0.053391
