5 0.759486 0.274580 0.480605 0.549161
8 0.714092 0.799693 0.393423 0.400614
5 0.330057 0.273972 0.376414 0.546009
5 0.115365 0.274831 0.230477 0.549239
8 0.823855 0.943630 0.173680 0.112531
7 0.091268 0.135363 0.181220 0.269220
7 0.341477 0.101444 0.312365 0.200902
4 0.739033 0.200620 0.074392 0.092892
5 0.327090 0.910172 0.385610 0.178940
5 0.734344 0.153759 0.110388 0.193184
2 0.086083 0.953261 0.171989 0.092983
1 0.757167 0.141995 0.028824 0.048838
2 0.733850 0.081242 0.059621 0.044979
2 0.393587 0.884010 0.226123 0.097848
5 0.165341 0.938826 0.328882 0.121655
3 0.802868 0.033777 0.062186 0.067509
4 0.882386 0.250588 0.234754 0.495860
1 0.425683 0.974707 0.126009 0.050477
5 0.376355 0.914390 0.261859 0.162859
2 0.894183 0.188917 0.210877 0.377834
5 0.467270 0.270456 0.097126 0.537275
6 0.073336 0.401474 0.026683 0.030980
