5 0.625885 0.209142 0.748150 0.418284
5 0.617857 0.709667 0.745126 0.580666
5 0.140931 0.820945 0.201339 0.358093
5 0.115299 0.211015 0.222038 0.420505
7 0.142105 0.830623 0.151237 0.209003
0 0.063007 0.684369 0.045350 0.046586
7 0.682985 0.736817 0.491194 0.523432
1 0.816641 0.080762 0.364677 0.160992
0 0.020371 0.716880 0.040742 0.054668
4 0.651684 0.243727 0.694987 0.353247
0 0.118484 0.679504 0.062820 0.060174
4 0.152330 0.270364 0.176440 0.299963
3 0.564175 0.463676 0.139048 0.083661
3 0.126306 0.733600 0.033343 0.029404
5 0.080103 0.833629 0.145614 0.332464
7 0.048731 0.859393 0.097461 0.208232
3 0.064025 0.728974 0.027277 0.024756
3 0.016218 0.766789 0.029216 0.028067
7 0.072354 0.781824 0.075924 0.093028
5 0.072185 0.228500 0.144078 0.380846
4 0.039908 0.330550 0.079010 0.174276
5 0.026854 0.816724 0.053709 0.361685
1 0.218251 0.094920 0.043041 0.137463
2 0.073248 0.193265 0.059276 0.060303
6 0.100865 0.504647 0.013854 0.023155
1 0.201371 0.037241 0.076089 0.074481
5 0.191906 0.803929 0.100263 0.388395
0 0.192542 0.033817 0.095616 0.067635
