5 0.203349 0.698986 0.170856 0.598404
5 0.581026 0.699108 0.573146 0.597832
7 0.093419 0.579941 0.184791 0.342895
7 0.218360 0.560390 0.140839 0.316429
8 0.618988 0.132191 0.658367 0.263476
5 0.101285 0.698424 0.201657 0.598083
7 0.416218 0.697134 0.253449 0.594892
3 0.501576 0.441845 0.133742 0.084392
5 0.148489 0.200486 0.282383 0.398630
7 0.046082 0.450612 0.057024 0.074732
3 0.110613 0.415655 0.052858 0.031275
0 0.156180 0.417875 0.028683 0.033422
0 0.015652 0.404952 0.023316 0.012312
7 0.010422 0.488416 0.020845 0.131480
5 0.038135 0.568791 0.076270 0.334324
5 0.017864 0.563531 0.035728 0.331909
3 0.230873 0.409960 0.047680 0.022133
0 0.011086 0.406388 0.020090 0.013554
7 0.013536 0.516371 0.027071 0.203495
3 0.015341 0.421934 0.016875 0.013087
5 0.031875 0.699114 0.063368 0.599158
7 0.009267 0.463499 0.018534 0.076897
