5 0.270773 0.764177 0.541385 0.471148
5 0.270525 0.264846 0.541050 0.528875
5 0.885448 0.264701 0.226103 0.529036
2 0.273736 0.624400 0.533690 0.190830
1 0.256025 0.293593 0.484757 0.478870
5 0.630038 0.289657 0.179409 0.477657
7 0.912101 0.180579 0.142056 0.351658
0 0.677954 0.150721 0.092290 0.151394
7 0.588294 0.206219 0.098198 0.237302
1 0.267092 0.850238 0.532514 0.299418
4 0.270000 0.401065 0.539399 0.256800
3 0.639754 0.199933 0.030149 0.060014
3 0.900167 0.017003 0.029405 0.034006
5 0.731507 0.643851 0.025255 0.041590
0 0.731144 0.632596 0.020195 0.021094
4 0.267365 0.954045 0.534228 0.091225
