9 0.764434 0.284697 0.471131 0.568870
5 0.280653 0.286692 0.500298 0.569180
5 0.359503 0.783938 0.321209 0.430773
0 0.334100 0.636869 0.140968 0.133792
3 0.343924 0.813638 0.075724 0.080274
5 0.142353 0.784381 0.284519 0.429264
1 0.447302 0.099843 0.165763 0.199008
4 0.378206 0.371734 0.302872 0.400520
7 0.125198 0.785821 0.248271 0.423675
7 0.344303 0.930803 0.304503 0.138378
8 0.839020 0.851033 0.321193 0.297480
5 0.878820 0.929717 0.041654 0.046276
5 0.072383 0.784181 0.144765 0.431487
7 0.493625 0.763516 0.070855 0.391126
5 0.478546 0.783543 0.102017 0.432380
5 0.954970 0.272293 0.089770 0.539952
7 0.877100 0.935710 0.037452 0.033358
