5 0.251075 0.789151 0.501581 0.420322
5 0.250974 0.289280 0.501949 0.577866
8 0.714806 0.214107 0.121628 0.134963
1 0.158710 0.414417 0.316987 0.332776
2 0.278759 0.652077 0.441288 0.146009
2 0.066280 0.136052 0.132362 0.271197
1 0.305935 0.825079 0.391745 0.349214
9 0.822859 0.028672 0.045876 0.045236
4 0.251460 0.492824 0.499911 0.172141
9 0.956294 0.044212 0.061590 0.044511
9 0.947747 0.016960 0.040571 0.033460
9 0.935729 0.045488 0.056375 0.049386
9 0.552948 0.020980 0.050302 0.041781
9 0.606354 0.012700 0.051137 0.025195
4 0.251501 0.943470 0.499362 0.112806
9 0.586365 0.012293 0.048737 0.024585
9 0.944672 0.034587 0.041138 0.030558
9 0.953817 0.036871 0.047407 0.032647
9 0.636963 0.007188 0.035942 0.014149
9 0.566208 0.017814 0.058556 0.035273
9 0.531042 0.023982 0.047992 0.043927
9 0.590298 0.015887 0.068199 0.031773
