9 0.704023 0.802914 0.587478 0.392962
5 0.151730 0.853091 0.303286 0.293699
2 0.159803 0.782948 0.108369 0.104994
6 0.546549 0.648554 0.052269 0.104544
3 0.135493 0.953410 0.073224 0.075188
6 0.762510 0.570530 0.027240 0.056421
5 0.139455 0.113159 0.222546 0.226218
6 0.883870 0.552595 0.019849 0.042542
6 0.933786 0.540403 0.014000 0.034096
6 0.454818 0.504534 0.009480 0.023144
6 0.645931 0.510689 0.009987 0.025418
6 0.966452 0.537814 0.013162 0.026352
6 0.734258 0.506719 0.011932 0.029966
5 0.337212 0.131464 0.138445 0.262854
6 0.516070 0.506930 0.010827 0.021887
6 0.589700 0.495726 0.010711 0.022081
6 0.632288 0.497575 0.008458 0.020969
6 0.689293 0.500312 0.012032 0.023595
6 0.991687 0.529457 0.012158 0.026896
6 0.571867 0.511317 0.010844 0.024409
