8 0.688071 0.643753 0.278036 0.388707
4 0.263427 0.946513 0.147403 0.106975
4 0.324106 0.275449 0.455350 0.356550
5 0.322190 0.268102 0.449250 0.367227
8 0.755872 0.218589 0.411670 0.420768
0 0.068264 0.769964 0.076204 0.083838
4 0.370819 0.950226 0.155363 0.099334
5 0.460535 0.876896 0.177606 0.245835
5 0.168376 0.297650 0.334736 0.307578
2 0.075212 0.234187 0.150424 0.123188
5 0.379687 0.864473 0.256266 0.270667
2 0.314701 0.775826 0.058860 0.055503
2 0.218733 0.764245 0.057385 0.058019
2 0.156117 0.939106 0.051618 0.053968
7 0.102529 0.935354 0.169725 0.129027
2 0.450226 0.804191 0.064733 0.058809
3 0.082390 0.865624 0.044694 0.048346
5 0.114052 0.860594 0.226198 0.278315
3 0.236810 0.864712 0.040983 0.047336
3 0.468480 0.910522 0.046827 0.052156
1 0.037262 0.399176 0.074505 0.106652
3 0.332957 0.884785 0.042658 0.054888
5 0.268137 0.862782 0.294356 0.274334
4 0.482161 0.967727 0.125744 0.064546
5 0.168457 0.949317 0.257047 0.101354
5 0.743271 0.364381 0.020977 0.031401
7 0.744178 0.360936 0.019398 0.027253
1 0.248459 0.128508 0.065588 0.031939
5 0.744659 0.346381 0.019698 0.032542
