8 0.760396 0.700168 0.477768 0.596322
9 0.735778 0.200478 0.431214 0.400237
5 0.370333 0.279440 0.298926 0.244552
5 0.211105 0.267358 0.421367 0.267656
4 0.375062 0.284423 0.289867 0.234498
2 0.138593 0.222901 0.276910 0.127938
1 0.084530 0.354115 0.168410 0.093289
3 0.398937 0.468411 0.077799 0.069810
5 0.718882 0.555383 0.048061 0.128929
5 0.345200 0.706927 0.340611 0.584399
7 0.965426 0.256966 0.068845 0.285841
6 0.931615 0.369736 0.028221 0.047975
5 0.953967 0.199503 0.092067 0.398306
7 0.719616 0.553974 0.033130 0.057074
8 0.908107 0.793086 0.183107 0.412339
4 0.391111 0.706883 0.244226 0.450136
5 0.425780 0.721423 0.187930 0.556248
5 0.033272 0.700654 0.066202 0.598691
0 0.717904 0.502943 0.023184 0.023385
4 0.469909 0.721514 0.097376 0.483378
1 0.434309 0.190554 0.105910 0.038758
