8 0.764058 0.817854 0.471085 0.362538
8 0.265286 0.819201 0.530408 0.359610
5 0.762805 0.254706 0.469984 0.504833
5 0.281496 0.438459 0.477858 0.398021
1 0.271336 0.460084 0.169919 0.114524
2 0.310436 0.336322 0.267730 0.131364
5 0.134903 0.430629 0.268276 0.416015
5 0.415824 0.273223 0.177570 0.173235
2 0.041712 0.336040 0.083423 0.123054
2 0.385450 0.236520 0.137223 0.084301
1 0.432684 0.326025 0.088599 0.058103
2 0.489362 0.222633 0.080410 0.088662
4 0.708603 0.064365 0.361684 0.128349
5 0.490059 0.334711 0.080750 0.314111
5 0.044125 0.365484 0.088050 0.214265
5 0.494299 0.259020 0.072335 0.167117
1 0.502601 0.381172 0.053028 0.077078
5 0.423138 0.309100 0.144430 0.096056
1 0.490034 0.309124 0.063972 0.063464
2 0.260254 0.251756 0.143802 0.075491
1 0.514886 0.374334 0.029239 0.058407
2 0.043380 0.287108 0.084117 0.078912
5 0.502122 0.389864 0.053800 0.388252
