8 0.199995 0.778951 0.399572 0.438216
4 0.113499 0.339424 0.225980 0.438200
5 0.129375 0.337153 0.258311 0.446149
5 0.915385 0.693708 0.153965 0.268669
5 0.221981 0.326426 0.354619 0.445528
2 0.303049 0.183125 0.196106 0.125570
6 0.785808 0.307755 0.064986 0.176382
4 0.278918 0.454185 0.243960 0.176861
4 0.889408 0.615376 0.069722 0.100111
6 0.927223 0.072948 0.029031 0.082159
9 0.859551 0.452363 0.279875 0.218210
6 0.971918 0.013702 0.016274 0.027404
1 0.354591 0.344762 0.090825 0.118959
1 0.061755 0.142513 0.081492 0.038930
8 0.338722 0.679701 0.122732 0.239516
1 0.078964 0.147137 0.057184 0.041509
