5 0.193834 0.829033 0.387669 0.340668
4 0.193984 0.829259 0.387582 0.339209
5 0.193968 0.328812 0.387123 0.656925
9 0.617106 0.829017 0.453040 0.341447
8 0.666288 0.341949 0.139450 0.114392
8 0.585275 0.382356 0.392189 0.525148
1 0.206549 0.479149 0.355943 0.362664
2 0.187174 0.097743 0.371970 0.194026
8 0.868485 0.320830 0.262726 0.337050
8 0.752160 0.576096 0.372831 0.164457
8 0.980421 0.465446 0.039048 0.133376
5 0.855412 0.355352 0.020684 0.043114
9 0.531651 0.284511 0.030512 0.026166
9 0.522004 0.288138 0.027982 0.021340
5 0.894786 0.563577 0.019695 0.029008
5 0.889703 0.565227 0.025712 0.034384
9 0.504718 0.291214 0.026652 0.018317
5 0.848766 0.354591 0.018196 0.040500
9 0.507071 0.286090 0.024143 0.019304
9 0.535516 0.279020 0.027234 0.028183
9 0.535098 0.289244 0.025698 0.023432
9 0.497585 0.291272 0.026365 0.016708
9 0.485930 0.294069 0.017162 0.014433
