5 0.769831 0.784340 0.457701 0.429950
8 0.769707 0.284767 0.457731 0.569117
8 0.112167 0.286499 0.223130 0.572282
5 0.099651 0.785189 0.199303 0.429615
1 0.248311 0.888958 0.143620 0.221169
4 0.769557 0.902594 0.456292 0.193847
1 0.869396 0.711931 0.260025 0.283403
8 0.059163 0.365726 0.117819 0.322110
2 0.264632 0.636881 0.154779 0.134170
5 0.310103 0.784803 0.326999 0.429959
4 0.477816 0.864353 0.123308 0.270985
5 0.467208 0.784830 0.143597 0.429607
1 0.027508 0.836370 0.055016 0.203515
2 0.051919 0.623024 0.103668 0.106780
5 0.516771 0.370581 0.039139 0.130141
7 0.513646 0.347034 0.025548 0.044887
9 0.166987 0.173821 0.053215 0.068306
3 0.482588 0.672445 0.072256 0.091434
8 0.233317 0.134358 0.057009 0.090154
4 0.070484 0.966216 0.140969 0.067493
8 0.350240 0.076868 0.021597 0.038855
9 0.294061 0.081170 0.017321 0.017926
9 0.272360 0.085802 0.016480 0.019260
9 0.285916 0.093168 0.018327 0.022705
9 0.308166 0.072477 0.016697 0.018260
9 0.284889 0.085950 0.021032 0.022741
9 0.302926 0.077584 0.015959 0.017824
9 0.201084 0.145056 0.026982 0.032313
