5 0.667188 0.689023 0.654410 0.621243
8 0.168711 0.686184 0.337193 0.608864
5 0.265806 0.638075 0.112071 0.227294
5 0.371929 0.278527 0.078510 0.124915
5 0.381360 0.177543 0.066925 0.154076
5 0.190153 0.155247 0.244291 0.309462
7 0.286039 0.603053 0.059883 0.082641
5 0.433959 0.305280 0.052809 0.097609
7 0.430999 0.288408 0.036539 0.055273
0 0.355749 0.239053 0.023867 0.041951
7 0.358539 0.253419 0.047993 0.077655
7 0.379582 0.142195 0.044855 0.071841
0 0.276689 0.548162 0.032057 0.030143
0 0.434402 0.277617 0.021747 0.038450
0 0.380856 0.121938 0.026998 0.038111
3 0.269176 0.578882 0.016211 0.017872
