8 0.317299 0.164514 0.632851 0.329028
8 0.167857 0.717495 0.333041 0.561036
4 0.358941 0.668093 0.073443 0.157708
5 0.137982 0.798041 0.119885 0.298981
5 0.364971 0.756083 0.131555 0.378018
2 0.059671 0.908958 0.049087 0.031309
4 0.306984 0.509382 0.047220 0.102812
5 0.063692 0.945994 0.127357 0.107934
2 0.347464 0.594168 0.040259 0.057250
2 0.169694 0.103952 0.051346 0.116768
5 0.940232 0.928982 0.040082 0.140896
3 0.177694 0.202618 0.032879 0.042105
5 0.226420 0.190254 0.178069 0.274998
4 0.124774 0.743950 0.036950 0.090974
4 0.027911 0.973433 0.053956 0.052665
5 0.794377 0.807833 0.037054 0.179786
5 0.305840 0.566889 0.066993 0.286743
2 0.303665 0.437165 0.028279 0.022578
7 0.896012 0.897618 0.022141 0.039118
7 0.795266 0.781416 0.025564 0.063806
5 0.896552 0.923744 0.041707 0.147261
2 0.133329 0.658928 0.026061 0.023874
0 0.894597 0.860756 0.016497 0.020494
7 0.907729 0.962390 0.031495 0.062476
0 0.793672 0.733544 0.014218 0.019693
7 0.937966 0.914180 0.026047 0.058270
5 0.902725 0.956352 0.040578 0.086552
3 0.134315 0.686455 0.020371 0.018154
0 0.938706 0.868479 0.013560 0.016801
3 0.065405 0.952496 0.019367 0.021055
5 0.589340 0.168164 0.078665 0.322079
0 0.555179 0.033898 0.024135 0.032405
0 0.908551 0.927538 0.013694 0.024850
5 0.397795 0.470192 0.022045 0.032927
3 0.349960 0.606839 0.026074 0.041468
