8 0.749595 0.754184 0.500081 0.490624
8 0.750126 0.315878 0.498594 0.384120
7 0.135376 0.636259 0.173917 0.230995
5 0.147393 0.743140 0.243773 0.466751
5 0.220895 0.348139 0.240927 0.321960
5 0.086226 0.328784 0.172251 0.362229
7 0.059556 0.312823 0.114271 0.184234
7 0.199828 0.359273 0.136001 0.204753
7 0.311928 0.576285 0.114290 0.137787
7 0.139098 0.310278 0.111291 0.200394
7 0.400473 0.584167 0.121886 0.153622
0 0.121886 0.165363 0.047620 0.060085
7 0.468899 0.571191 0.061772 0.119915
5 0.338719 0.181803 0.141197 0.194199
5 0.272075 0.715252 0.208001 0.409237
0 0.241643 0.236455 0.062698 0.080316
0 0.412642 0.186696 0.052137 0.085997
5 0.449715 0.660045 0.100964 0.303365
7 0.465299 0.302841 0.070124 0.225845
0 0.306390 0.146104 0.030237 0.044609
0 0.325852 0.113839 0.046753 0.057073
7 0.344574 0.213522 0.104428 0.103101
5 0.411200 0.687218 0.169838 0.358553
7 0.251818 0.612381 0.139227 0.191169
5 0.444046 0.319849 0.111310 0.366674
5 0.330515 0.685926 0.170805 0.353972
5 0.144691 0.317058 0.166256 0.373200
5 0.201140 0.694500 0.158860 0.370715
7 0.188734 0.553800 0.073684 0.081195
0 0.039776 0.186244 0.046655 0.056289
3 0.118351 0.528616 0.040035 0.033617
3 0.233723 0.523562 0.030684 0.024992
1 0.244188 0.288247 0.033586 0.048094
5 0.776815 0.325588 0.019062 0.039491
7 0.022315 0.274624 0.044630 0.116266
1 0.131639 0.212572 0.031214 0.035091
7 0.044636 0.283942 0.088529 0.123293
1 0.334960 0.164578 0.030421 0.034991
5 0.361466 0.632195 0.134510 0.250500
7 0.211280 0.542096 0.053875 0.058714
7 0.014288 0.276562 0.028576 0.127982
7 0.355584 0.528035 0.054473 0.037630
5 0.202274 0.621310 0.133888 0.226692
7 0.351424 0.534283 0.069881 0.051245
7 0.180671 0.537825 0.075502 0.055495
