5 0.780296 0.285536 0.438515 0.569434
5 0.779301 0.785053 0.440934 0.429401
5 0.277765 0.783866 0.554630 0.431676
4 0.323574 0.829949 0.395103 0.340102
8 0.280559 0.243501 0.559067 0.478195
2 0.894024 0.704065 0.211952 0.202485
3 0.895982 0.466772 0.175437 0.206966
1 0.859739 0.886130 0.279996 0.227186
7 0.759511 0.393144 0.395953 0.357257
0 0.392666 0.602571 0.218961 0.066790
5 0.155260 0.223323 0.303204 0.445494
5 0.064655 0.784291 0.129257 0.431179
3 0.344730 0.641158 0.114299 0.057886
4 0.784064 0.953870 0.431872 0.092167
3 0.014879 0.593122 0.029700 0.048376
5 0.446103 0.178321 0.224063 0.356643
0 0.947787 0.346699 0.104271 0.483501
4 0.020902 0.754927 0.041450 0.322357
3 0.219458 0.036404 0.072159 0.069311
