5 0.742742 0.764351 0.514516 0.470000
9 0.216391 0.873532 0.432270 0.252413
9 0.686989 0.308003 0.496992 0.443545
0 0.104106 0.414981 0.052245 0.064667
4 0.156608 0.418537 0.062242 0.107651
4 0.807515 0.616835 0.383286 0.174661
5 0.650857 0.722794 0.370391 0.385146
4 0.072328 0.489658 0.064644 0.076910
5 0.154352 0.417244 0.129957 0.226113
5 0.096768 0.450821 0.185404 0.154882
6 0.523831 0.101978 0.049846 0.087557
0 0.019865 0.290226 0.039582 0.075678
6 0.515157 0.796891 0.147338 0.403920
6 0.717598 0.079453 0.033106 0.059052
0 0.184563 0.331810 0.037866 0.041536
9 0.963892 0.039978 0.029418 0.039200
6 0.267947 0.731858 0.028116 0.052797
6 0.862735 0.102613 0.022355 0.044061
6 0.008345 0.713809 0.016690 0.068888
6 0.397908 0.753746 0.023548 0.039307
5 0.878313 0.762520 0.243303 0.465773
6 0.931553 0.065696 0.010797 0.023611
6 0.992070 0.157578 0.015417 0.036987
4 0.116938 0.573988 0.019171 0.057547
4 0.017705 0.442144 0.035410 0.177530
5 0.030653 0.386986 0.061306 0.287095
5 0.117640 0.571648 0.029790 0.076788
6 0.963749 0.092937 0.012510 0.028246
3 0.174721 0.367754 0.020907 0.021863
4 0.640487 0.584919 0.176241 0.110558
