8 0.789247 0.800323 0.420868 0.398832
5 0.762216 0.300965 0.365174 0.599477
8 0.334687 0.800131 0.487971 0.398174
4 0.703045 0.428837 0.244680 0.354674
1 0.659568 0.196211 0.162694 0.263194
4 0.924389 0.803966 0.053571 0.066769
5 0.923811 0.839793 0.077578 0.210627
5 0.407917 0.336746 0.050695 0.081155
2 0.913822 0.745088 0.026809 0.019282
0 0.409216 0.325003 0.019233 0.032077
5 0.409436 0.327585 0.034303 0.058321
3 0.914458 0.766281 0.016512 0.014886
2 0.914721 0.738889 0.032186 0.024906
3 0.909764 0.769300 0.016099 0.013733
