5 0.825420 0.789441 0.348614 0.420461
5 0.824379 0.291021 0.349970 0.581752
3 0.834824 0.393438 0.330353 0.350182
5 0.355172 0.762751 0.184627 0.204346
5 0.391647 0.291239 0.340758 0.575024
2 0.826524 0.082820 0.346206 0.163596
8 0.340511 0.290576 0.631101 0.577839
7 0.385583 0.777851 0.113598 0.157061
7 0.327376 0.386868 0.139280 0.313806
1 0.848284 0.800638 0.301487 0.250082
2 0.263015 0.062835 0.070776 0.110195
0 0.294959 0.728207 0.073595 0.106332
4 0.826107 0.910922 0.347607 0.177887
3 0.282898 0.164327 0.039426 0.047409
2 0.829907 0.624366 0.339594 0.091171
4 0.825137 0.500032 0.349726 0.159439
3 0.306306 0.780257 0.024007 0.050574
