8 0.753333 0.742518 0.492336 0.513647
8 0.276413 0.663345 0.466543 0.389545
8 0.368395 0.885752 0.211610 0.228156
5 0.102839 0.230976 0.205665 0.461154
8 0.692132 0.559259 0.367644 0.179475
8 0.190171 0.593985 0.072004 0.101230
9 0.459075 0.558662 0.083443 0.070518
5 0.789002 0.234998 0.421403 0.468407
9 0.192985 0.502847 0.069897 0.066329
9 0.229962 0.520275 0.082821 0.076666
7 0.117273 0.030359 0.169008 0.060560
5 0.014095 0.518923 0.028173 0.093348
9 0.493352 0.579407 0.031484 0.069764
7 0.012526 0.514289 0.021521 0.056330
5 0.393432 0.909451 0.018175 0.029103
