4 0.386716 0.966631 0.030215 0.049715
0 0.891181 0.932194 0.078723 0.101136
0 0.766952 0.886475 0.082565 0.053541
4 0.208338 0.942467 0.033143 0.063785
5 0.374104 0.951058 0.090385 0.096721
5 0.706312 0.806660 0.258948 0.386681
5 0.218288 0.934681 0.080385 0.118923
0 0.214214 0.889360 0.021984 0.023659
0 0.386534 0.919122 0.022099 0.027981
2 0.168385 0.480029 0.030345 0.036309
5 0.158841 0.478776 0.105474 0.044866
3 0.893412 0.957290 0.032476 0.040080
5 0.900639 0.938587 0.171943 0.122537
3 0.760643 0.965295 0.047790 0.064308
8 0.903936 0.752503 0.192129 0.491839
3 0.895064 0.952320 0.048381 0.054845
3 0.214072 0.908000 0.015038 0.011082
