2 0.276573 0.908080 0.076411 0.095825
8 0.768698 0.835233 0.460705 0.328383
8 0.280480 0.216412 0.453937 0.431545
8 0.718326 0.382799 0.377674 0.191873
8 0.043988 0.230465 0.086417 0.116063
8 0.321919 0.771636 0.421108 0.456529
2 0.402888 0.800685 0.045636 0.053826
4 0.370355 0.923407 0.094904 0.153187
5 0.279095 0.197683 0.045056 0.090484
5 0.260269 0.926661 0.181186 0.146555
8 0.550392 0.282500 0.041196 0.037187
8 0.938147 0.386318 0.066499 0.096089
5 0.365283 0.884401 0.125487 0.229104
3 0.393631 0.869444 0.025311 0.039177
5 0.824711 0.917770 0.041416 0.067315
0 0.828424 0.897359 0.017045 0.021567
4 0.825093 0.935282 0.026323 0.034125
5 0.313327 0.884801 0.233401 0.229084
5 0.820500 0.397341 0.015333 0.035014
