5 0.710101 0.685369 0.579799 0.628459
5 0.347197 0.196563 0.145729 0.342804
1 0.728646 0.840956 0.425488 0.318089
8 0.317433 0.580949 0.206168 0.430743
2 0.714890 0.510080 0.427328 0.265653
0 0.315132 0.130095 0.073840 0.146254
7 0.030938 0.106701 0.061126 0.212182
7 0.376749 0.126047 0.082293 0.214293
5 0.040671 0.184635 0.081087 0.368985
5 0.480564 0.185239 0.122219 0.367440
5 0.694229 0.182272 0.186994 0.364545
4 0.707282 0.955606 0.583308 0.088223
4 0.445664 0.173568 0.051573 0.278343
5 0.942575 0.181261 0.114849 0.362522
