9 0.755078 0.294769 0.489611 0.587311
8 0.705185 0.794630 0.390926 0.407025
8 0.319321 0.677748 0.285454 0.176402
8 0.278191 0.925634 0.250000 0.148465
8 0.069039 0.740499 0.137344 0.297570
5 0.262745 0.101776 0.055380 0.133141
5 0.337878 0.109954 0.046262 0.120041
6 0.665635 0.033134 0.029477 0.054474
6 0.861374 0.051481 0.022788 0.045965
4 0.259636 0.082512 0.031016 0.040695
0 0.327073 0.063229 0.019623 0.023008
0 0.270321 0.049907 0.020403 0.023975
4 0.334656 0.116174 0.025307 0.065151
5 0.520555 0.794463 0.020193 0.071399
5 0.527837 0.798348 0.032434 0.080310
7 0.519389 0.786078 0.012921 0.032494
