8 0.725711 0.784456 0.548543 0.431088
5 0.586623 0.284933 0.269835 0.566519
8 0.183700 0.781325 0.365868 0.423110
7 0.249173 0.325969 0.173358 0.323224
5 0.236150 0.287395 0.355092 0.563779
5 0.753703 0.282599 0.353335 0.564575
7 0.747845 0.302043 0.246256 0.421971
7 0.571264 0.314976 0.237302 0.484071
5 0.891240 0.284848 0.216845 0.569696
0 0.185723 0.064263 0.085627 0.103892
3 0.685753 0.082881 0.060576 0.061452
7 0.927646 0.245586 0.144674 0.490718
3 0.198471 0.156273 0.045608 0.058971
3 0.948314 0.010556 0.072816 0.021053
0 0.670903 0.013403 0.108626 0.026741
