8 0.177706 0.240789 0.355411 0.477761
5 0.733972 0.739898 0.531518 0.519966
5 0.719739 0.293548 0.553625 0.373522
0 0.716401 0.226289 0.200209 0.211306
8 0.185990 0.429368 0.122854 0.099165
3 0.702113 0.402546 0.117006 0.109710
7 0.636160 0.913877 0.320041 0.171966
0 0.843345 0.600658 0.313290 0.243614
8 0.271344 0.598475 0.335734 0.238533
3 0.874092 0.878931 0.154800 0.207108
8 0.315474 0.442132 0.103931 0.073997
9 0.349731 0.445557 0.027870 0.048518
5 0.458859 0.458376 0.033431 0.041066
5 0.450992 0.463665 0.024037 0.032743
4 0.920834 0.885675 0.158333 0.228651
6 0.851873 0.453577 0.044119 0.052667
