8 0.168757 0.738602 0.336355 0.517992
8 0.788653 0.262827 0.418178 0.433455
8 0.156628 0.239121 0.311817 0.477806
8 0.238827 0.313152 0.199720 0.332493
7 0.902764 0.665737 0.059876 0.126244
8 0.794164 0.089146 0.395557 0.177269
7 0.796317 0.702218 0.068567 0.148040
7 0.534253 0.700375 0.053219 0.116043
5 0.539590 0.744650 0.088826 0.301610
8 0.640452 0.673157 0.566660 0.389529
0 0.905262 0.561750 0.038304 0.040980
5 0.801942 0.759731 0.096512 0.385818
0 0.538582 0.601485 0.028478 0.029943
0 0.825251 0.599403 0.040525 0.044822
7 0.855088 0.678437 0.041945 0.115321
0 0.864056 0.590576 0.029679 0.033171
5 0.907317 0.734345 0.078758 0.384060
5 0.846636 0.758688 0.060143 0.374586
7 0.984674 0.722260 0.029268 0.075772
5 0.983787 0.743458 0.032196 0.371712
1 0.538129 0.632650 0.022333 0.015749
7 0.986814 0.689011 0.025029 0.150674
7 0.991231 0.675855 0.017539 0.183270
3 0.828231 0.639519 0.017679 0.020708
3 0.860736 0.627373 0.017880 0.021345
3 0.859336 0.622853 0.016025 0.016344
7 0.990658 0.718415 0.018685 0.088875
