5 0.809375 0.219225 0.381091 0.438428
5 0.308804 0.717065 0.617158 0.559903
5 0.809203 0.718218 0.378527 0.562395
8 0.518581 0.293034 0.201489 0.290589
8 0.403484 0.122993 0.429259 0.245876
4 0.307526 0.862631 0.614820 0.274254
1 0.762794 0.240681 0.290337 0.400851
1 0.315781 0.660143 0.539767 0.325887
4 0.765581 0.602524 0.209733 0.324723
0 0.689985 0.500500 0.142854 0.124323
4 0.811041 0.385109 0.375277 0.106407
5 0.684965 0.719485 0.128986 0.553570
2 0.327514 0.476419 0.504723 0.076000
4 0.876360 0.491613 0.095837 0.100265
8 0.327398 0.019498 0.060252 0.038659
5 0.541707 0.294828 0.022437 0.039785
2 0.793405 0.026526 0.340272 0.052674
5 0.309521 0.846864 0.616559 0.306263
2 0.956645 0.463172 0.086709 0.049790
