5 0.174424 0.653123 0.348848 0.692471
8 0.901119 0.185797 0.197580 0.248176
0 0.152861 0.403503 0.174325 0.191575
4 0.159868 0.809119 0.305848 0.379295
8 0.791733 0.841697 0.416404 0.315093
0 0.390356 0.459659 0.099931 0.190925
5 0.325775 0.156241 0.082853 0.168876
3 0.161558 0.574789 0.106588 0.136379
5 0.348296 0.676304 0.176235 0.645933
4 0.390078 0.853430 0.096589 0.293038
7 0.328563 0.123121 0.050408 0.070516
5 0.409212 0.208394 0.060664 0.197966
3 0.406906 0.659117 0.063423 0.112183
7 0.419644 0.185834 0.036393 0.075391
5 0.927760 0.159960 0.022004 0.033830
0 0.414602 0.125408 0.024128 0.025801
0 0.302539 0.089024 0.022011 0.026632
5 0.046861 0.650035 0.093722 0.680027
