5 0.806076 0.238908 0.377108 0.477179
4 0.741625 0.251156 0.258531 0.466234
8 0.749181 0.632390 0.257971 0.307841
1 0.697855 0.286229 0.118845 0.177705
0 0.018987 0.356532 0.037892 0.075106
3 0.758882 0.028799 0.074507 0.057598
5 0.431554 0.949025 0.058173 0.101949
8 0.396889 0.540377 0.207800 0.121659
5 0.697795 0.508872 0.041633 0.055947
9 0.039855 0.745063 0.079710 0.508105
8 0.253208 0.957149 0.303022 0.085702
8 0.562157 0.735764 0.116046 0.527072
5 0.030612 0.397073 0.061224 0.168558
5 0.148908 0.964745 0.068540 0.070438
0 0.446938 0.906645 0.015326 0.017865
7 0.456979 0.959793 0.021240 0.060427
