8 0.198895 0.340642 0.396964 0.679232
5 0.263458 0.843795 0.275583 0.309746
9 0.629869 0.431869 0.459891 0.517502
4 0.282166 0.749491 0.236942 0.121884
5 0.063474 0.415068 0.067234 0.188515
6 0.976523 0.351475 0.046434 0.117082
6 0.793151 0.840623 0.016365 0.034053
9 0.743782 0.745751 0.032024 0.039755
6 0.594464 0.119170 0.028091 0.054064
6 0.517580 0.838654 0.023523 0.050300
6 0.859536 0.112277 0.019531 0.043532
6 0.723887 0.092577 0.020608 0.043483
7 0.048284 0.381427 0.023158 0.053486
6 0.655297 0.825684 0.018673 0.039290
6 0.959359 0.147579 0.022740 0.048582
6 0.908175 0.983451 0.031548 0.032774
6 0.958087 0.942308 0.020707 0.046253
6 0.754984 0.792688 0.008215 0.019503
6 0.719177 0.778121 0.008717 0.018712
9 0.571706 0.937644 0.343872 0.124479
6 0.877606 0.849872 0.014974 0.033589
6 0.874732 0.854872 0.016559 0.033235
9 0.970567 0.518447 0.058867 0.338663
6 0.810679 0.812476 0.011238 0.023242
9 0.504361 0.912718 0.209416 0.174564
9 0.593560 0.963133 0.390807 0.073175
6 0.430666 0.837851 0.012794 0.027246
