5 0.160077 0.769088 0.318965 0.461450
5 0.660560 0.270344 0.675869 0.539145
0 0.502639 0.799962 0.112453 0.185302
7 0.121829 0.771519 0.242127 0.456963
5 0.569702 0.846486 0.390336 0.306162
7 0.548078 0.882037 0.255176 0.235158
3 0.289817 0.769601 0.065347 0.107154
0 0.239175 0.598930 0.162826 0.120584
7 0.743425 0.267674 0.502467 0.530366
3 0.033137 0.554974 0.065800 0.032250
7 0.267477 0.891386 0.112520 0.216787
3 0.688032 0.018821 0.175258 0.037339
8 0.160643 0.271339 0.320133 0.542677
4 0.156452 0.380768 0.312904 0.317697
5 0.158604 0.269379 0.317208 0.537505
