5 0.218829 0.701571 0.437569 0.594352
5 0.719486 0.706238 0.559581 0.587523
4 0.220022 0.819649 0.439810 0.359105
4 0.962355 0.316125 0.074613 0.104982
1 0.111046 0.609813 0.221949 0.261737
2 0.537006 0.257977 0.071512 0.059160
5 0.823127 0.204777 0.353419 0.409219
2 0.624775 0.366282 0.124651 0.083991
5 0.948627 0.268854 0.102746 0.212512
2 0.616575 0.649789 0.358048 0.418413
5 0.548012 0.302781 0.105570 0.154502
2 0.957670 0.190912 0.056410 0.049517
1 0.983969 0.253232 0.030513 0.048193
5 0.670058 0.351738 0.428504 0.116143
2 0.212338 0.445539 0.424676 0.078722
3 0.619413 0.973396 0.327179 0.052718
1 0.521575 0.319289 0.027887 0.053657
