5 0.839238 0.254286 0.321524 0.506775
5 0.332601 0.753849 0.665166 0.490624
7 0.425577 0.750524 0.459164 0.498434
9 0.095518 0.470947 0.037372 0.032329
9 0.168501 0.464706 0.027720 0.025852
9 0.136181 0.471308 0.035522 0.025363
5 0.302072 0.482617 0.045108 0.055906
8 0.416081 0.490592 0.026651 0.029582
4 0.302359 0.493775 0.031748 0.033957
0 0.308004 0.464775 0.017698 0.018297
9 0.384998 0.497171 0.038932 0.028834
3 0.954875 0.421306 0.089558 0.176167
9 0.160312 0.467187 0.023254 0.023738
2 0.954833 0.131561 0.090334 0.261335
