9 0.104497 0.233937 0.207639 0.282010
8 0.306092 0.692451 0.301973 0.266396
9 0.291170 0.185181 0.290532 0.273628
9 0.075149 0.379713 0.149713 0.362010
6 0.858645 0.889325 0.069718 0.185197
6 0.510395 0.827661 0.036771 0.105878
6 0.485273 0.684067 0.016372 0.041114
6 0.894133 0.588988 0.011967 0.028569
6 0.633483 0.658709 0.013900 0.036695
6 0.567136 0.654882 0.011560 0.031516
6 0.747604 0.628031 0.014349 0.036765
6 0.582472 0.638484 0.009479 0.021431
6 0.838067 0.601381 0.013761 0.034127
6 0.717013 0.612837 0.009389 0.022856
6 0.693849 0.621778 0.008129 0.023156
6 0.487758 0.675984 0.016356 0.045106
6 0.919401 0.580254 0.008394 0.020748
6 0.506973 0.642776 0.007049 0.017803
6 0.489611 0.662934 0.013811 0.026239
6 0.781855 0.597063 0.009752 0.024481
