8 0.761604 0.355373 0.463977 0.387954
8 0.223807 0.773882 0.447518 0.449507
8 0.707293 0.748300 0.355064 0.396847
8 0.793345 0.825056 0.412732 0.349876
5 0.170712 0.361097 0.105966 0.217783
5 0.324049 0.378022 0.094634 0.224583
8 0.397216 0.720361 0.261873 0.340271
4 0.164272 0.316680 0.033331 0.047633
5 0.357411 0.709505 0.031718 0.048475
8 0.608122 0.217769 0.158556 0.435153
4 0.337216 0.334723 0.039622 0.060577
0 0.341077 0.282131 0.022377 0.026227
0 0.171372 0.270142 0.023720 0.027241
8 0.971175 0.428488 0.057650 0.244377
