9 0.304594 0.439258 0.120961 0.077426
0 0.306888 0.847762 0.090017 0.091860
0 0.201733 0.911105 0.038723 0.041525
5 0.269264 0.893562 0.259165 0.212508
0 0.065854 0.894930 0.038520 0.039455
0 0.255613 0.911931 0.037108 0.039085
7 0.230567 0.964012 0.065147 0.070357
5 0.177238 0.943006 0.089821 0.113777
3 0.299971 0.928570 0.043446 0.044913
7 0.180126 0.969570 0.059633 0.060812
5 0.357740 0.891292 0.119509 0.215748
7 0.050935 0.959214 0.059008 0.081465
5 0.047284 0.936077 0.094335 0.127363
5 0.023186 0.940866 0.046366 0.117604
5 0.217295 0.944211 0.122988 0.110970
5 0.458043 0.652422 0.014976 0.033225
0 0.020094 0.903659 0.034725 0.039624
0 0.400393 0.836648 0.036485 0.100929
6 0.470556 0.701125 0.012164 0.026670
0 0.040519 0.906625 0.021046 0.035327
7 0.275639 0.960820 0.181873 0.077822
7 0.010729 0.960808 0.021393 0.077092
3 0.408019 0.920088 0.020703 0.042368
3 0.196352 0.940998 0.016499 0.015442
7 0.379111 0.965306 0.081957 0.069293
3 0.201255 0.942103 0.017995 0.016853
0 0.009002 0.097522 0.018004 0.088437
5 0.989568 0.703337 0.020470 0.049648
