5 0.770094 0.753781 0.459377 0.467577
5 0.245189 0.759351 0.490378 0.479831
8 0.771901 0.113082 0.455639 0.226164
5 0.211293 0.259409 0.421959 0.517607
8 0.617903 0.149536 0.159495 0.178164
3 0.275084 0.760130 0.195351 0.165420
5 0.455461 0.759645 0.168100 0.480711
4 0.480358 0.861268 0.119099 0.277463
7 0.161953 0.354545 0.323276 0.328526
0 0.176630 0.114274 0.322746 0.226642
3 0.504761 0.649357 0.071228 0.092258
3 0.210040 0.305814 0.109111 0.166656
4 0.198269 0.918096 0.395941 0.163177
0 0.467854 0.553186 0.140732 0.069136
