5 0.733329 0.784556 0.532426 0.430028
1 0.625444 0.200186 0.061133 0.083249
1 0.873008 0.154071 0.064739 0.090521
1 0.817619 0.252916 0.081649 0.112463
4 0.639854 0.397258 0.165780 0.340132
2 0.867192 0.669741 0.265085 0.198245
4 0.806878 0.442516 0.218171 0.252636
1 0.888928 0.913226 0.218600 0.173549
1 0.516337 0.069990 0.087729 0.136439
2 0.635543 0.109472 0.096307 0.085559
4 0.905949 0.370515 0.124071 0.379858
2 0.790604 0.126855 0.105183 0.096968
1 0.562503 0.019956 0.027577 0.037222
5 0.891200 0.288760 0.173599 0.560965
2 0.861358 0.056549 0.086806 0.083090
4 0.538426 0.328128 0.135472 0.467645
4 0.575994 0.091637 0.039380 0.079428
1 0.650290 0.041195 0.025025 0.024170
5 0.817948 0.046033 0.042814 0.087144
2 0.651222 0.009380 0.036256 0.018206
5 0.902096 0.049006 0.019618 0.054755
2 0.830015 0.021266 0.020275 0.021684
1 0.480312 0.103850 0.022722 0.064032
2 0.650464 0.013931 0.030770 0.021117
4 0.968331 0.422152 0.061989 0.291739
1 0.652952 0.051054 0.031616 0.033001
1 0.561137 0.029480 0.021602 0.042716
5 0.969599 0.282295 0.060579 0.561054
