5 0.158910 0.210042 0.312376 0.420085
7 0.155808 0.100221 0.175708 0.200373
7 0.601460 0.776937 0.156550 0.199227
5 0.581921 0.803382 0.193862 0.392748
7 0.495538 0.120370 0.127812 0.240741
7 0.329902 0.729279 0.144538 0.179295
5 0.479588 0.209643 0.207486 0.418955
0 0.365231 0.609591 0.091783 0.063847
5 0.320241 0.782582 0.209530 0.424545
0 0.281065 0.061482 0.080291 0.122963
0 0.611296 0.643120 0.082386 0.053556
8 0.763481 0.257536 0.167842 0.322440
8 0.790528 0.785672 0.223408 0.427379
3 0.248042 0.100383 0.028634 0.050560
3 0.594297 0.680512 0.038478 0.024801
8 0.909375 0.942914 0.181250 0.113969
3 0.363812 0.650060 0.031256 0.025645
0 0.663252 0.643216 0.031102 0.033906
5 0.654155 0.667180 0.050110 0.094111
5 0.649746 0.730623 0.061842 0.228932
4 0.653876 0.690510 0.047148 0.051347
3 0.011748 0.027590 0.022349 0.051190
8 0.910144 0.849201 0.179712 0.301599
