8 0.781762 0.265983 0.436476 0.346644
8 0.846305 0.820432 0.306535 0.357707
0 0.973533 0.524106 0.052338 0.029062
0 0.924876 0.509478 0.051970 0.030615
7 0.600329 0.978546 0.026268 0.042872
5 0.893844 0.539232 0.155932 0.098252
5 0.957937 0.547219 0.083743 0.080915
7 0.909591 0.565688 0.078971 0.046078
5 0.600055 0.966807 0.041042 0.066140
5 0.976148 0.416392 0.028396 0.038316
7 0.979364 0.565802 0.040741 0.041204
3 0.919013 0.537976 0.026738 0.019978
5 0.981015 0.407724 0.035293 0.050859
5 0.549279 0.679822 0.021493 0.121001
7 0.939125 0.570186 0.066355 0.035947
7 0.545961 0.659281 0.013819 0.044797
7 0.976880 0.412249 0.024656 0.030028
7 0.968263 0.571187 0.061425 0.034365
7 0.980281 0.392909 0.017793 0.018280
2 0.589632 0.944654 0.013065 0.012713
5 0.215219 0.748462 0.025119 0.077788
