5 0.695920 0.794762 0.311850 0.409957
8 0.170737 0.741335 0.340443 0.302130
7 0.667017 0.689718 0.210095 0.203358
9 0.130102 0.212609 0.102111 0.085428
8 0.259059 0.764416 0.286943 0.302560
7 0.402708 0.197741 0.075874 0.154907
7 0.226144 0.213755 0.117711 0.275781
5 0.224463 0.293771 0.220162 0.586870
0 0.402815 0.061334 0.035760 0.048997
5 0.393315 0.286177 0.152133 0.563352
0 0.249516 0.018385 0.061923 0.036464
9 0.269201 0.244003 0.199137 0.143014
5 0.744185 0.082409 0.061707 0.161950
3 0.403804 0.104447 0.023495 0.030549
0 0.228395 0.019626 0.081719 0.039252
