5 0.669113 0.239891 0.478460 0.478575
8 0.231084 0.239658 0.390050 0.479313
8 0.740750 0.761673 0.329630 0.353770
7 0.138215 0.687073 0.093636 0.171333
7 0.572486 0.330208 0.277208 0.299721
7 0.220653 0.653115 0.073273 0.117893
7 0.354248 0.664628 0.079155 0.137730
0 0.559153 0.052935 0.180721 0.105365
9 0.680663 0.809185 0.053198 0.055857
3 0.569653 0.179971 0.092598 0.088921
5 0.308933 0.651382 0.064336 0.250492
7 0.400720 0.634194 0.055079 0.102016
5 0.221341 0.700850 0.089262 0.329564
7 0.302574 0.639664 0.046953 0.114111
7 0.058980 0.678779 0.059840 0.117836
5 0.063264 0.695540 0.079466 0.287187
5 0.367831 0.735118 0.111592 0.392954
9 0.599843 0.800811 0.031375 0.040145
6 0.499222 0.919121 0.038034 0.086608
6 0.956380 0.849358 0.027762 0.059545
5 0.142266 0.738428 0.111324 0.416329
5 0.399520 0.680631 0.059439 0.285012
0 0.142914 0.557053 0.043022 0.046742
0 0.409879 0.555886 0.028156 0.029760
0 0.339770 0.558516 0.038455 0.041322
7 0.026188 0.610617 0.047508 0.090161
9 0.554067 0.794028 0.033168 0.036816
8 0.902127 0.174935 0.195450 0.349867
0 0.310586 0.543794 0.033804 0.035196
0 0.054697 0.563972 0.033708 0.041271
6 0.591264 0.948269 0.048921 0.098852
6 0.527487 0.935163 0.033638 0.103370
6 0.599618 0.868631 0.026121 0.058060
5 0.029159 0.675260 0.055283 0.316116
5 0.189300 0.657545 0.057536 0.252371
7 0.083992 0.635002 0.027423 0.072233
7 0.183374 0.626682 0.035039 0.097890
0 0.192546 0.545978 0.025331 0.029078
6 0.639612 0.975161 0.043118 0.048973
0 0.022394 0.532676 0.028384 0.026940
5 0.083964 0.662902 0.036553 0.207037
5 0.021891 0.743928 0.042658 0.405728
6 0.571283 0.878018 0.024007 0.063235
7 0.010943 0.687521 0.021833 0.154819
0 0.213149 0.553470 0.024765 0.031513
0 0.077735 0.572681 0.016416 0.022825
6 0.687849 0.976637 0.048604 0.043155
7 0.172350 0.631382 0.029190 0.087439
3 0.344306 0.597917 0.020980 0.019100
5 0.417063 0.646156 0.025731 0.219420
0 0.012237 0.544888 0.021853 0.039297
0 0.062854 0.568855 0.029409 0.031363
3 0.313981 0.577770 0.016351 0.016188
3 0.213841 0.591019 0.016757 0.017305
3 0.065207 0.602806 0.016283 0.015356
5 0.018008 0.684195 0.036017 0.329361
6 0.548035 0.942350 0.035494 0.114621
0 0.015417 0.534388 0.024830 0.024450
0 0.204341 0.549082 0.023934 0.029291
0 0.007886 0.552113 0.014563 0.035546
6 0.531015 0.888067 0.018713 0.050328
5 0.083882 0.695454 0.050587 0.283487
