4 0.700110 0.179990 0.598745 0.357277
5 0.697250 0.178989 0.595197 0.357718
8 0.200431 0.681883 0.400547 0.633749
9 0.050582 0.791543 0.100923 0.101057
8 0.321836 0.847475 0.156400 0.300619
5 0.514806 0.645838 0.106409 0.208225
8 0.698679 0.694698 0.592964 0.478519
2 0.502595 0.556954 0.033118 0.026488
5 0.172319 0.758130 0.025816 0.084834
5 0.377814 0.319010 0.042448 0.080863
8 0.268269 0.298819 0.029084 0.026699
9 0.297807 0.311757 0.032466 0.029498
7 0.172858 0.748954 0.015162 0.029640
4 0.485329 0.618119 0.034897 0.078127
3 0.502005 0.582144 0.019939 0.016369
4 0.375703 0.330844 0.028160 0.050663
5 0.182195 0.976325 0.039940 0.047349
0 0.377114 0.290622 0.017844 0.018666
0 0.177268 0.730054 0.013336 0.019487
4 0.179373 0.985633 0.027049 0.028193
