9 0.759725 0.219262 0.480248 0.437996
8 0.260937 0.717739 0.518122 0.563682
9 0.779782 0.717711 0.440436 0.559780
0 0.926384 0.516197 0.146934 0.155007
4 0.867915 0.859608 0.260134 0.280044
0 0.582442 0.482728 0.127763 0.088906
4 0.578761 0.733069 0.117608 0.325090
4 0.681705 0.779239 0.165387 0.425477
3 0.543048 0.618674 0.049879 0.112846
7 0.027848 0.597520 0.033948 0.065239
5 0.596410 0.720322 0.153249 0.557870
5 0.696618 0.719566 0.247801 0.559776
0 0.670146 0.468249 0.052038 0.057599
0 0.834776 0.734624 0.330448 0.527467
3 0.663483 0.541369 0.040996 0.039791
0 0.036361 0.534484 0.023764 0.037250
2 0.788773 0.469416 0.091777 0.060640
4 0.785577 0.711017 0.033381 0.109861
5 0.023656 0.643598 0.047023 0.260134
5 0.666085 0.534653 0.086042 0.191942
4 0.646313 0.687442 0.055477 0.194409
3 0.786494 0.588625 0.039743 0.057460
5 0.774761 0.650272 0.078876 0.251966
4 0.633594 0.736541 0.045068 0.246211
4 0.656056 0.661970 0.061908 0.161070
0 0.911248 0.717198 0.177505 0.560502
0 0.638453 0.461701 0.044796 0.041792
4 0.541706 0.803749 0.044260 0.265481
0 0.699257 0.717901 0.280826 0.564198
4 0.663863 0.625886 0.056890 0.103415
5 0.777793 0.688688 0.059843 0.164757
4 0.534739 0.898230 0.037722 0.203540
3 0.796024 0.576028 0.031334 0.055180
