5 0.806178 0.734750 0.387645 0.528862
9 0.445261 0.218895 0.248094 0.437791
5 0.785288 0.293973 0.428344 0.287914
5 0.249396 0.219196 0.332041 0.437553
0 0.695549 0.600455 0.194843 0.209680
8 0.244893 0.657381 0.489786 0.435675
9 0.071740 0.146516 0.143180 0.292973
8 0.284090 0.884456 0.567419 0.229791
4 0.847205 0.861089 0.302525 0.276118
7 0.240817 0.194437 0.267703 0.388875
3 0.721669 0.756730 0.065358 0.063733
5 0.646623 0.839075 0.154410 0.321746
6 0.369515 0.118230 0.031174 0.043921
2 0.913965 0.273557 0.172034 0.198378
4 0.614998 0.950928 0.088734 0.098145
3 0.689452 0.718194 0.042723 0.050232
