7 0.405072 0.605196 0.151237 0.185900
5 0.181185 0.200009 0.307535 0.398177
4 0.939516 0.181139 0.084498 0.131140
9 0.381702 0.199233 0.191284 0.395697
5 0.932397 0.159592 0.134604 0.303410
8 0.750292 0.671300 0.386005 0.401477
5 0.375341 0.693027 0.208757 0.466896
7 0.172040 0.201672 0.288038 0.401685
4 0.651190 0.301795 0.099937 0.187394
5 0.632441 0.060618 0.114462 0.121236
4 0.758623 0.118757 0.076194 0.109990
5 0.766208 0.116647 0.142486 0.233295
5 0.554684 0.220147 0.134664 0.355876
2 0.939903 0.040894 0.079851 0.058030
2 0.703728 0.132502 0.087394 0.068828
5 0.678331 0.247392 0.205811 0.307549
5 0.870080 0.578927 0.070091 0.132007
0 0.319183 0.519362 0.063134 0.112638
4 0.563256 0.184962 0.065145 0.138504
1 0.933236 0.102398 0.040658 0.033336
4 0.627976 0.075519 0.057420 0.085753
5 0.506653 0.203986 0.054541 0.406215
2 0.581227 0.070644 0.064428 0.051731
5 0.808016 0.030837 0.042888 0.060653
7 0.879957 0.570040 0.041783 0.060650
1 0.735409 0.053602 0.025349 0.025677
2 0.497101 0.012849 0.035818 0.025680
4 0.500631 0.101495 0.040498 0.080457
9 0.039649 0.181055 0.079250 0.361291
1 0.712482 0.201660 0.031612 0.034334
3 0.168167 0.014263 0.056982 0.028472
2 0.732023 0.007739 0.048280 0.015464
1 0.588736 0.114237 0.028932 0.024566
2 0.613601 0.007673 0.035403 0.015347
4 0.498370 0.128709 0.038709 0.160623
3 0.342678 0.553911 0.029478 0.055676
1 0.613721 0.023813 0.033103 0.023071
2 0.574800 0.008246 0.033149 0.016149
1 0.581223 0.114978 0.029153 0.024010
2 0.589186 0.008436 0.046132 0.016872
5 0.505019 0.061381 0.049975 0.122534
2 0.731227 0.016028 0.045482 0.029697
1 0.725464 0.198284 0.037129 0.040326
3 0.338072 0.566623 0.030176 0.054483
9 0.022278 0.195978 0.044557 0.391955
