5 0.244455 0.724692 0.488679 0.550264
5 0.681217 0.219647 0.385168 0.438418
3 0.568797 0.116797 0.160647 0.230879
1 0.273397 0.861213 0.227051 0.266478
8 0.784256 0.699071 0.431285 0.521923
6 0.584623 0.888192 0.127395 0.223556
7 0.673317 0.244205 0.365190 0.393434
5 0.088439 0.219427 0.176626 0.438461
0 0.236270 0.221863 0.471517 0.441514
2 0.301919 0.533429 0.215801 0.155735
5 0.884737 0.514403 0.100212 0.124379
6 0.877194 0.902005 0.096176 0.192572
7 0.515549 0.639672 0.054072 0.141428
7 0.883413 0.534207 0.071171 0.088451
0 0.503070 0.531637 0.029375 0.042466
5 0.518928 0.697484 0.061594 0.389777
2 0.884472 0.468671 0.031752 0.024557
3 0.882459 0.498150 0.021731 0.020403
6 0.983581 0.890430 0.032839 0.139699
2 0.886186 0.459757 0.036038 0.035666
3 0.498034 0.571048 0.015390 0.022011
4 0.265603 0.963752 0.369294 0.072496
