5 0.819821 0.264369 0.360070 0.527722
8 0.319295 0.763968 0.636802 0.470094
7 0.159907 0.154310 0.148929 0.271901
9 0.227828 0.222358 0.100353 0.160834
1 0.829292 0.289054 0.341283 0.343392
5 0.154845 0.264476 0.281511 0.528802
4 0.819094 0.391622 0.360649 0.274784
7 0.373511 0.164557 0.093026 0.180986
5 0.354865 0.264606 0.215519 0.527813
9 0.068862 0.177865 0.105084 0.097135
0 0.396913 0.028423 0.058614 0.056669
5 0.925228 0.670467 0.149544 0.278891
2 0.822702 0.057697 0.347731 0.115255
3 0.189421 0.015666 0.039128 0.031332
