8 0.755430 0.245364 0.488128 0.488643
5 0.157556 0.244215 0.314670 0.488146
5 0.333417 0.724675 0.076267 0.118878
5 0.316386 0.767431 0.386932 0.464567
5 0.678393 0.755934 0.337657 0.487766
5 0.837851 0.798239 0.323479 0.403374
0 0.903393 0.694006 0.165088 0.173169
0 0.564721 0.615207 0.110386 0.152797
4 0.894694 0.900451 0.210612 0.198852
2 0.425252 0.663749 0.167218 0.190726
4 0.643822 0.887007 0.268339 0.225370
7 0.125466 0.269897 0.250633 0.428711
3 0.468028 0.959075 0.082733 0.081851
3 0.022691 0.131575 0.045382 0.068156
3 0.906215 0.813873 0.057811 0.047615
3 0.533986 0.766410 0.052929 0.068164
0 0.046851 0.032075 0.093702 0.064149
