5 0.235785 0.266396 0.469821 0.531739
5 0.236027 0.764433 0.469736 0.470392
5 0.734226 0.303071 0.531548 0.451925
4 0.233263 0.358367 0.465075 0.340857
5 0.830521 0.817487 0.338358 0.362749
4 0.900484 0.828442 0.197819 0.216628
5 0.673786 0.633148 0.305213 0.207710
2 0.215168 0.660357 0.396727 0.262189
1 0.212337 0.944849 0.350066 0.110302
1 0.107323 0.208253 0.213299 0.415343
1 0.609527 0.436200 0.283787 0.186125
0 0.860143 0.669560 0.142157 0.062531
2 0.629968 0.187019 0.326751 0.189176
3 0.817671 0.712147 0.024207 0.021267
