9 0.863147 0.653602 0.272321 0.688759
5 0.302354 0.154026 0.558807 0.307670
7 0.094271 0.177728 0.188543 0.264925
6 0.793104 0.618803 0.039215 0.052926
7 0.358633 0.155166 0.442026 0.307785
6 0.463576 0.509217 0.036235 0.088103
6 0.235467 0.462357 0.025124 0.066853
5 0.098559 0.153955 0.196995 0.307873
1 0.209871 0.031388 0.112015 0.062774
6 0.271737 0.940434 0.064192 0.119093
6 0.392765 0.440351 0.017911 0.053387
6 0.530373 0.460054 0.021821 0.060673
0 0.029624 0.131582 0.058909 0.262899
5 0.630962 0.155156 0.101872 0.310312
6 0.270237 0.388688 0.012042 0.033306
6 0.466631 0.385443 0.009538 0.027291
6 0.175551 0.425087 0.017437 0.049385
7 0.513747 0.150490 0.133167 0.300437
6 0.205629 0.399243 0.013781 0.042136
6 0.429545 0.376768 0.009014 0.024995
6 0.409883 0.388752 0.009630 0.028799
6 0.326510 0.416887 0.016081 0.049363
6 0.355364 0.389076 0.012501 0.035744
6 0.531061 0.376652 0.007190 0.025222
5 0.488421 0.153564 0.181647 0.306811
6 0.327957 0.402472 0.013640 0.033471
6 0.545502 0.387189 0.006923 0.022665
6 0.353373 0.380591 0.011974 0.030032
