8 0.835089 0.300425 0.329661 0.597404
9 0.336766 0.834213 0.672757 0.331097
8 0.858845 0.856255 0.197719 0.269894
5 0.331133 0.217914 0.655807 0.435828
6 0.575715 0.773395 0.057425 0.110512
6 0.061891 0.735058 0.054879 0.121063
6 0.376959 0.650206 0.030772 0.058540
6 0.090838 0.643865 0.029782 0.063119
6 0.259806 0.611669 0.017653 0.024148
6 0.580506 0.628041 0.009837 0.022962
6 0.507297 0.614664 0.009778 0.023305
6 0.641158 0.639016 0.010912 0.024696
6 0.519047 0.609554 0.008493 0.019348
6 0.567683 0.612515 0.008777 0.019746
6 0.512633 0.613614 0.011724 0.026110
6 0.066713 0.611590 0.020666 0.020877
