8 0.585629 0.728459 0.171569 0.243320
8 0.175538 0.209903 0.350559 0.418280
8 0.582090 0.921647 0.118454 0.156284
5 0.544944 0.334791 0.310705 0.466784
2 0.606667 0.202311 0.184780 0.179301
6 0.747042 0.287474 0.432242 0.565741
3 0.602777 0.513661 0.094582 0.107437
5 0.300848 0.658670 0.045472 0.184754
5 0.175735 0.217835 0.041501 0.080914
9 0.135583 0.605269 0.031555 0.023383
4 0.303783 0.615395 0.024246 0.047380
8 0.943198 0.880203 0.113604 0.239594
9 0.375967 0.604935 0.025269 0.030669
9 0.098801 0.609555 0.031324 0.029576
0 0.304765 0.577334 0.014460 0.016369
9 0.168130 0.596463 0.027539 0.019845
