9 0.171109 0.295024 0.260394 0.587024
6 0.063043 0.399052 0.032052 0.048338
6 0.232107 0.700504 0.026825 0.079361
6 0.769293 0.257632 0.041965 0.062028
6 0.018337 0.614909 0.013241 0.033134
6 0.147217 0.643933 0.018227 0.051282
6 0.533458 0.272822 0.019474 0.040004
6 0.648352 0.260774 0.021130 0.043042
6 0.284896 0.637411 0.016437 0.059035
6 0.076551 0.632752 0.018995 0.047575
6 0.102023 0.605238 0.013024 0.033393
6 0.005959 0.686271 0.011917 0.077022
6 0.155403 0.596011 0.008880 0.014479
9 0.045966 0.296798 0.091931 0.587849
6 0.146097 0.635891 0.012121 0.048495
