8 0.744446 0.265579 0.510495 0.530908
5 0.231620 0.265112 0.463115 0.529559
9 0.285868 0.792461 0.407059 0.414513
7 0.196215 0.271645 0.391264 0.540669
9 0.681410 0.767857 0.031106 0.041682
3 0.173448 0.047340 0.199466 0.094522
6 0.076015 0.810178 0.067072 0.145510
6 0.914563 0.775687 0.028440 0.049690
6 0.670705 0.869919 0.017217 0.032596
6 0.789338 0.811653 0.019765 0.037978
9 0.859620 0.893266 0.280628 0.213301
6 0.206917 0.550233 0.028640 0.037563
6 0.548205 0.991382 0.020738 0.016530
6 0.601123 0.908226 0.018065 0.028122
6 0.515803 0.935002 0.013081 0.024902
6 0.645742 0.849840 0.011421 0.023345
6 0.596242 0.904762 0.014477 0.028528
6 0.690545 0.813191 0.010736 0.023196
6 0.688144 0.811242 0.009582 0.023437
6 0.617060 0.844799 0.011022 0.023245
