8 0.774233 0.284626 0.449040 0.567471
8 0.155774 0.220380 0.274263 0.438201
5 0.758562 0.851506 0.122635 0.233109
5 0.172151 0.813520 0.056914 0.139331
4 0.769744 0.798614 0.056858 0.047887
5 0.095234 0.820575 0.053511 0.127383
2 0.774323 0.749342 0.031741 0.021433
4 0.175201 0.794093 0.033519 0.045341
4 0.101615 0.820212 0.025233 0.056623
0 0.106528 0.769759 0.019812 0.023690
5 0.100072 0.189596 0.019258 0.032587
0 0.165475 0.758123 0.019140 0.024678
5 0.643056 0.183868 0.032448 0.133642
3 0.772129 0.768981 0.018986 0.015073
0 0.106321 0.775586 0.016550 0.019414
5 0.570414 0.614819 0.040619 0.094655
5 0.630435 0.184914 0.047235 0.136359
