5 0.739529 0.767393 0.518885 0.464551
6 0.538909 0.224159 0.121523 0.209849
8 0.317873 0.564737 0.324431 0.229433
5 0.338340 0.225872 0.279148 0.449177
6 0.641683 0.137925 0.134143 0.139621
3 0.834413 0.849001 0.331175 0.189308
7 0.386521 0.303777 0.185699 0.289838
2 0.829493 0.612333 0.338499 0.127405
6 0.700326 0.093393 0.092826 0.095482
3 0.454690 0.122443 0.046695 0.122379
6 0.739586 0.063837 0.067553 0.085362
6 0.839877 0.040659 0.045212 0.057240
6 0.891108 0.025572 0.037475 0.049413
6 0.772685 0.060538 0.060697 0.078858
6 0.970090 0.014547 0.040746 0.028703
6 0.932029 0.016678 0.041036 0.032191
4 0.761792 0.957135 0.475742 0.085424
6 0.979505 0.012650 0.037355 0.025116
0 0.424466 0.020809 0.109951 0.041618
5 0.467121 0.583430 0.024927 0.145297
6 0.988077 0.011427 0.023116 0.022488
