9 0.265196 0.774079 0.530393 0.449691
5 0.406606 0.312475 0.243101 0.475055
7 0.414821 0.421601 0.229383 0.258049
9 0.157546 0.372035 0.315054 0.357632
5 0.631114 0.290801 0.194987 0.517429
7 0.624842 0.335118 0.184086 0.353776
0 0.446487 0.143249 0.108941 0.123560
5 0.787653 0.276414 0.235802 0.545567
0 0.612750 0.082380 0.086092 0.087136
7 0.908715 0.210958 0.061448 0.124958
0 0.729227 0.053663 0.090334 0.096611
7 0.779095 0.281003 0.195723 0.326005
3 0.437200 0.282775 0.058765 0.063173
3 0.619303 0.164853 0.043587 0.042281
3 0.732280 0.133621 0.046486 0.041735
0 0.662056 0.162220 0.027013 0.032386
5 0.914087 0.279284 0.088252 0.359078
6 0.704572 0.575118 0.036961 0.048045
7 0.861728 0.235964 0.079330 0.173502
7 0.558775 0.215702 0.053445 0.085348
0 0.876091 0.121676 0.051210 0.050588
5 0.856510 0.317845 0.105269 0.440054
5 0.564014 0.287280 0.066124 0.327718
0 0.895881 0.131124 0.034291 0.044720
0 0.575816 0.149294 0.033243 0.031298
3 0.869607 0.158652 0.024021 0.023824
5 0.685161 0.274162 0.080639 0.262411
5 0.582324 0.300289 0.102623 0.499990
6 0.223391 0.539418 0.026608 0.017873
