5 0.788755 0.278392 0.421212 0.556506
5 0.290206 0.779761 0.573097 0.439975
9 0.291263 0.418202 0.099264 0.091869
8 0.916348 0.832198 0.166880 0.335507
8 0.669651 0.820439 0.179417 0.356263
9 0.374333 0.427325 0.078992 0.150557
0 0.402898 0.709808 0.354689 0.299541
7 0.447861 0.397181 0.112692 0.286595
5 0.464172 0.286816 0.216749 0.544641
3 0.666002 0.348232 0.174438 0.253832
4 0.787311 0.470146 0.417323 0.176128
0 0.447547 0.172945 0.055198 0.083088
3 0.439002 0.969416 0.219606 0.060863
5 0.560279 0.377931 0.040396 0.362337
7 0.564901 0.363786 0.027027 0.204442
0 0.560607 0.215099 0.028700 0.050343
2 0.666869 0.045088 0.256319 0.090177
5 0.553014 0.325374 0.059534 0.466637
