5 0.813737 0.194206 0.370265 0.387938
5 0.816215 0.694042 0.366826 0.611256
5 0.421279 0.194821 0.414096 0.387823
5 0.319247 0.694208 0.638097 0.611584
7 0.818279 0.193737 0.363443 0.387475
1 0.395369 0.567118 0.144471 0.104045
2 0.391904 0.438493 0.208709 0.099912
4 0.384620 0.769450 0.329266 0.400874
0 0.941813 0.522216 0.116374 0.265916
7 0.799483 0.740441 0.328273 0.518850
0 0.334193 0.168050 0.241005 0.335454
3 0.349489 0.341324 0.066853 0.094701
3 0.936696 0.667099 0.047823 0.085973
7 0.506250 0.348009 0.223440 0.081495
