8 0.270074 0.754862 0.540045 0.489919
9 0.747312 0.701726 0.158976 0.112882
8 0.855959 0.205450 0.287375 0.410410
9 0.769348 0.921191 0.461253 0.157500
6 0.855119 0.849712 0.048684 0.083823
6 0.766719 0.764251 0.015241 0.028548
6 0.606423 0.791375 0.024682 0.045312
8 0.458673 0.891168 0.157562 0.216829
6 0.688080 0.772806 0.018446 0.036892
9 0.874526 0.677614 0.090065 0.085359
6 0.841952 0.767032 0.020120 0.038766
6 0.548938 0.814001 0.018748 0.042265
6 0.795805 0.776770 0.017816 0.032486
6 0.802603 0.807126 0.024269 0.049298
6 0.945055 0.756356 0.016487 0.030021
6 0.797459 0.787055 0.021630 0.046172
