8 0.200511 0.750068 0.400881 0.499285
8 0.692169 0.255422 0.580113 0.487059
5 0.874384 0.751312 0.241434 0.497377
5 0.561890 0.768691 0.314214 0.461850
0 0.666634 0.552257 0.088202 0.103179
0 0.811002 0.554635 0.087575 0.100217
5 0.708381 0.751664 0.275479 0.496672
4 0.521603 0.847708 0.153619 0.301397
4 0.692216 0.777548 0.152059 0.267666
4 0.863697 0.788389 0.134216 0.275660
3 0.831078 0.644040 0.048961 0.052124
2 0.544165 0.585048 0.087637 0.066468
5 0.073944 0.941232 0.074061 0.116485
9 0.963226 0.419787 0.073479 0.160644
3 0.680235 0.631090 0.046732 0.040506
4 0.073774 0.947263 0.045263 0.059977
3 0.960147 0.637327 0.048484 0.057777
2 0.929315 0.534027 0.071348 0.067140
3 0.546063 0.685283 0.045436 0.060491
5 0.948139 0.754581 0.103594 0.488435
0 0.970722 0.538087 0.058347 0.075479
4 0.435565 0.839193 0.071779 0.320991
5 0.461486 0.767797 0.122734 0.463830
4 0.974882 0.787318 0.049584 0.301734
3 0.082356 0.916521 0.016194 0.014549
2 0.080855 0.894998 0.024208 0.018496
4 0.983814 0.874110 0.032372 0.251780
3 0.479167 0.723141 0.050598 0.055497
