8 0.739510 0.743166 0.520818 0.509998
5 0.740248 0.244914 0.519379 0.488643
5 0.234214 0.243233 0.468428 0.486323
4 0.151201 0.350086 0.302049 0.278320
8 0.423059 0.892495 0.114567 0.214412
2 0.690968 0.163248 0.411489 0.321347
9 0.320187 0.826697 0.117773 0.081014
7 0.834514 0.719396 0.035260 0.065548
5 0.856942 0.738020 0.090046 0.178608
9 0.039252 0.553764 0.077326 0.038265
1 0.763960 0.437637 0.388458 0.101351
9 0.366398 0.925219 0.071959 0.071684
0 0.823016 0.666613 0.024388 0.028511
9 0.191233 0.804855 0.043291 0.054436
9 0.353903 0.848558 0.044992 0.049919
8 0.053601 0.852701 0.106889 0.293986
9 0.340874 0.500456 0.062622 0.021391
5 0.266199 0.984706 0.020673 0.028934
5 0.307046 0.983202 0.022482 0.033165
6 0.344693 0.989477 0.014511 0.020132
6 0.234050 0.857120 0.013719 0.022948
