8 0.885630 0.753012 0.228656 0.493712
8 0.891228 0.145204 0.216849 0.290246
8 0.526062 0.769740 0.487381 0.458038
7 0.438595 0.424407 0.163445 0.128121
0 0.052235 0.137322 0.078729 0.107139
5 0.058894 0.711280 0.089847 0.227434
5 0.420320 0.423055 0.237702 0.131854
7 0.041541 0.349555 0.082811 0.277641
0 0.337517 0.440975 0.068130 0.099176
5 0.050084 0.283332 0.100057 0.409338
5 0.847393 0.824415 0.035967 0.085984
4 0.844463 0.833449 0.022021 0.049451
7 0.054568 0.672583 0.041876 0.077879
3 0.051572 0.216591 0.027171 0.037858
5 0.240300 0.018032 0.153948 0.036064
0 0.045964 0.610391 0.021249 0.022099
8 0.982333 0.797007 0.035335 0.113398
2 0.045526 0.610867 0.022437 0.022237
5 0.748693 0.771259 0.043692 0.102408
4 0.053321 0.673356 0.041979 0.079557
5 0.174533 0.022480 0.056747 0.044729
