8 0.848001 0.209840 0.303796 0.419001
5 0.168163 0.707384 0.335884 0.582531
5 0.925690 0.831374 0.148009 0.336943
0 0.703073 0.678677 0.090172 0.058398
7 0.945718 0.828515 0.108564 0.179625
7 0.680415 0.803135 0.138324 0.169671
4 0.108930 0.772666 0.217604 0.453116
5 0.675366 0.822410 0.184109 0.355180
0 0.956379 0.694981 0.083308 0.052816
3 0.938769 0.733134 0.043748 0.027916
1 0.051769 0.480339 0.103464 0.121819
3 0.704275 0.720126 0.032802 0.025813
8 0.896999 0.022493 0.205309 0.044920
3 0.923934 0.735497 0.033720 0.032770
