5 0.804585 0.774428 0.390830 0.450769
9 0.694960 0.204997 0.173347 0.233307
8 0.302341 0.277500 0.604484 0.545021
1 0.249278 0.720030 0.070222 0.071423
4 0.804921 0.830320 0.389842 0.338655
1 0.094482 0.821337 0.059260 0.063876
2 0.490426 0.642027 0.109760 0.079533
5 0.144752 0.834748 0.289505 0.329966
8 0.128106 0.082590 0.255692 0.164706
4 0.117517 0.925632 0.231012 0.147810
5 0.287828 0.773433 0.291684 0.410702
2 0.237166 0.628751 0.080587 0.072703
1 0.919943 0.727209 0.160079 0.355762
5 0.491304 0.788595 0.237345 0.401707
4 0.524916 0.890728 0.158844 0.218033
1 0.031186 0.586111 0.062287 0.071795
5 0.973088 0.132891 0.053585 0.163355
4 0.977094 0.109346 0.038123 0.061896
1 0.539411 0.743563 0.066873 0.081388
5 0.486738 0.683710 0.243710 0.253989
2 0.086393 0.725934 0.099330 0.101859
5 0.218017 0.594953 0.258669 0.089210
2 0.275246 0.958348 0.103567 0.083303
5 0.259556 0.687579 0.301043 0.263245
5 0.077187 0.704965 0.153832 0.305796
4 0.066270 0.679911 0.124195 0.169984
5 0.314593 0.954877 0.220201 0.090186
5 0.438638 0.597200 0.265488 0.094438
1 0.235975 0.564560 0.076287 0.029280
5 0.567469 0.779589 0.084325 0.440822
0 0.970030 0.075039 0.025211 0.032230
1 0.219985 0.563043 0.067478 0.024961
4 0.525819 0.604495 0.139031 0.108893
1 0.182878 0.720679 0.047334 0.051821
2 0.038197 0.895603 0.076393 0.090609
0 0.968185 0.060748 0.022705 0.019270
5 0.339273 0.596996 0.238300 0.091727
1 0.582928 0.757322 0.051663 0.093520
1 0.395640 0.917081 0.039390 0.048768
4 0.477033 0.579730 0.128219 0.061326
5 0.062262 0.793708 0.124523 0.407395
4 0.389672 0.597668 0.107491 0.095951
