8 0.528346 0.339498 0.516708 0.676719
8 0.629274 0.839431 0.715427 0.321075
7 0.620060 0.878358 0.087148 0.243284
5 0.690500 0.838673 0.239396 0.320202
8 0.717277 0.444038 0.545950 0.469816
0 0.107318 0.988806 0.034342 0.022357
5 0.295000 0.249854 0.043079 0.129721
0 0.157313 0.943340 0.034649 0.034614
0 0.229425 0.955590 0.031380 0.034256
0 0.067497 0.971366 0.031306 0.032950
7 0.292948 0.251239 0.032400 0.059473
5 0.050743 0.195649 0.091113 0.390049
0 0.008408 0.981936 0.016803 0.034334
5 0.166618 0.962219 0.085631 0.075505
3 0.157915 0.979971 0.021372 0.012803
5 0.220952 0.966489 0.071074 0.066179
5 0.059363 0.975816 0.105422 0.048066
5 0.251452 0.976231 0.036287 0.047349
2 0.284370 0.195284 0.021890 0.022190
5 0.025939 0.978738 0.050626 0.042508
2 0.616274 0.695781 0.038351 0.032305
3 0.224328 0.990248 0.026810 0.016432
3 0.616841 0.692030 0.035947 0.024553
2 0.288772 0.201014 0.019094 0.020759
