9 0.297384 0.828440 0.594768 0.339531
0 0.326634 0.829529 0.416251 0.339996
0 0.102344 0.830457 0.204625 0.338883
7 0.288951 0.450189 0.138389 0.311886
8 0.751085 0.441410 0.300384 0.437845
0 0.345576 0.218834 0.070808 0.106456
9 0.473609 0.481430 0.237813 0.189699
4 0.054592 0.829445 0.109074 0.341111
0 0.251015 0.246564 0.029768 0.051358
5 0.285081 0.343987 0.215962 0.620905
4 0.334673 0.828391 0.269451 0.343218
7 0.242717 0.381361 0.070440 0.185048
5 0.236419 0.383630 0.140156 0.544138
9 0.588360 0.493963 0.024038 0.105013
3 0.302164 0.251991 0.033470 0.071210
0 0.200736 0.829964 0.401472 0.340073
3 0.287162 0.248144 0.040106 0.077935
