8 0.226990 0.843576 0.453552 0.311032
8 0.342770 0.391325 0.200495 0.326717
5 0.820931 0.795351 0.358137 0.215057
8 0.245315 0.347328 0.421496 0.686385
8 0.629269 0.331751 0.029518 0.032918
8 0.381814 0.948035 0.153641 0.103709
5 0.628119 0.473438 0.062416 0.222471
5 0.514362 0.386228 0.062583 0.189191
9 0.252024 0.176878 0.051790 0.074634
4 0.521532 0.345017 0.030089 0.058975
8 0.092736 0.062359 0.030481 0.045871
9 0.600142 0.339154 0.030523 0.030073
0 0.653223 0.379320 0.017941 0.031271
0 0.527559 0.304249 0.017032 0.018834
8 0.012895 0.033763 0.024745 0.051862
9 0.650638 0.345891 0.026327 0.029679
5 0.085907 0.745579 0.037616 0.061045
9 0.223927 0.169610 0.027340 0.068272
9 0.148261 0.061901 0.020761 0.028413
0 0.647726 0.379927 0.018563 0.033407
9 0.985942 0.364915 0.027435 0.034752
5 0.441758 0.542377 0.033716 0.084363
8 0.416177 0.621280 0.086815 0.124544
