5 0.753916 0.249864 0.491160 0.499247
8 0.671342 0.749324 0.320810 0.498010
2 0.695081 0.767918 0.070264 0.096240
6 0.153317 0.847693 0.289993 0.302271
4 0.401022 0.596757 0.215990 0.188836
7 0.789008 0.319056 0.417168 0.364639
5 0.351171 0.743940 0.245701 0.482988
4 0.591909 0.771142 0.087601 0.168113
5 0.592458 0.804180 0.108327 0.386743
5 0.697664 0.859764 0.156642 0.280070
4 0.716214 0.938768 0.099281 0.121917
2 0.569799 0.639849 0.043020 0.047957
3 0.801469 0.033707 0.284337 0.067306
3 0.576630 0.709854 0.031670 0.048039
3 0.676223 0.850077 0.022431 0.044337
4 0.666085 0.931155 0.047513 0.120551
