8 0.219224 0.804352 0.438449 0.391230
8 0.562994 0.458273 0.250178 0.302558
8 0.627286 0.804739 0.377968 0.388103
8 0.615278 0.882152 0.174922 0.234969
8 0.673960 0.367092 0.427544 0.403512
7 0.383467 0.170895 0.113306 0.192669
5 0.383863 0.306900 0.109148 0.606789
0 0.385856 0.021459 0.056361 0.042658
5 0.456318 0.812424 0.028119 0.080493
8 0.817180 0.673929 0.064533 0.096627
7 0.456085 0.796177 0.016173 0.023676
9 0.748389 0.717679 0.046505 0.067825
3 0.387654 0.084073 0.028950 0.042348
8 0.816800 0.685384 0.053519 0.070987
9 0.739225 0.713208 0.030842 0.056741
9 0.873454 0.618646 0.021131 0.019065
8 0.937183 0.621040 0.025767 0.023091
9 0.784783 0.688972 0.019602 0.024893
7 0.454799 0.787407 0.014485 0.025177
8 0.813798 0.696387 0.042626 0.048774
9 0.879607 0.616046 0.018205 0.015231
