5 0.734398 0.322810 0.530476 0.591488
5 0.134834 0.808432 0.269348 0.381352
5 0.281652 0.311303 0.374928 0.622076
4 0.100190 0.874241 0.200378 0.249753
1 0.766830 0.403678 0.457153 0.254179
4 0.734242 0.520557 0.528255 0.195050
5 0.918039 0.908611 0.163784 0.182676
7 0.280755 0.311439 0.372644 0.613051
3 0.069755 0.684948 0.111271 0.095656
2 0.730694 0.171587 0.525079 0.241046
0 0.901553 0.881567 0.071404 0.106402
7 0.958029 0.939740 0.083563 0.117825
3 0.430082 0.030190 0.073139 0.060312
3 0.898516 0.923520 0.026231 0.042804
