8 0.703254 0.235225 0.589979 0.470241
9 0.169174 0.911739 0.338202 0.176061
8 0.533090 0.253502 0.390198 0.428890
9 0.313180 0.223083 0.027540 0.037038
9 0.010131 0.236516 0.019711 0.046702
6 0.031300 0.630674 0.015407 0.035714
6 0.145863 0.598287 0.008391 0.024122
6 0.278942 0.678073 0.019528 0.050621
6 0.081605 0.607455 0.010825 0.026581
9 0.183286 0.228102 0.040028 0.038248
6 0.264412 0.638729 0.013037 0.028790
5 0.919719 0.196517 0.031032 0.130100
6 0.308756 0.609100 0.007463 0.021387
6 0.231535 0.601827 0.006425 0.019337
9 0.176571 0.232735 0.030617 0.028433
6 0.312310 0.608024 0.009939 0.022381
6 0.107572 0.578089 0.006033 0.018365
6 0.034897 0.629375 0.013306 0.029936
6 0.068766 0.587128 0.009044 0.024703
