5 0.276137 0.472740 0.286686 0.692218
1 0.804015 0.322615 0.256953 0.188913
4 0.783312 0.643238 0.409930 0.356197
5 0.745651 0.418055 0.506030 0.807150
2 0.796681 0.111248 0.264802 0.148572
5 0.503000 0.412738 0.166700 0.820761
6 0.347205 0.896906 0.084928 0.158314
0 0.236204 0.339997 0.222912 0.419876
7 0.365954 0.659588 0.106907 0.312019
3 0.267710 0.574292 0.064968 0.152237
6 0.829562 0.981156 0.024546 0.036847
6 0.941865 0.972713 0.038000 0.054574
6 0.714823 0.985299 0.020010 0.028739
6 0.363164 0.978493 0.068976 0.041566
6 0.584294 0.990028 0.016948 0.019399
