5 0.636637 0.783903 0.273636 0.431801
5 0.174331 0.741675 0.220222 0.342452
7 0.359967 0.683758 0.076163 0.146185
7 0.166864 0.739703 0.144035 0.272010
0 0.627602 0.773858 0.252243 0.414638
5 0.357583 0.729614 0.115971 0.326366
1 0.115114 0.602689 0.034880 0.052659
5 0.441975 0.624833 0.116296 0.109760
4 0.461743 0.597073 0.073981 0.056458
5 0.052030 0.261567 0.103773 0.521143
1 0.378972 0.601833 0.022045 0.044623
1 0.366668 0.600152 0.027367 0.039877
3 0.144886 0.606871 0.032443 0.044770
4 0.421891 0.610416 0.065832 0.083420
0 0.350761 0.578951 0.031286 0.023018
5 0.045470 0.141081 0.090940 0.282000
