8 0.239994 0.089585 0.477237 0.179169
8 0.699159 0.695473 0.225674 0.248142
6 0.057090 0.371725 0.114180 0.256805
8 0.821495 0.510768 0.356806 0.621732
6 0.369823 0.308632 0.169492 0.259149
6 0.317396 0.635358 0.092665 0.161587
6 0.108224 0.648869 0.092716 0.160475
6 0.129337 0.772980 0.060980 0.121479
5 0.826124 0.603307 0.034106 0.062726
6 0.277302 0.763989 0.069846 0.124113
6 0.129908 0.882524 0.039603 0.075075
6 0.251985 0.880936 0.041048 0.080899
6 0.271546 0.837080 0.046820 0.088578
6 0.146972 0.924513 0.032346 0.062917
5 0.118121 0.089886 0.235848 0.179309
6 0.168688 0.959481 0.032643 0.068686
6 0.237569 0.926535 0.038819 0.076971
6 0.170835 0.977209 0.030893 0.045319
6 0.603933 0.133947 0.251711 0.091347
6 0.252665 0.965781 0.029316 0.067752
6 0.166048 0.949676 0.025712 0.054639
6 0.259166 0.886589 0.029338 0.066766
6 0.275479 0.846329 0.032558 0.067445
8 0.041249 0.953511 0.081175 0.092979
6 0.253005 0.946371 0.035461 0.105646
