5 0.282027 0.698682 0.563135 0.597117
9 0.258800 0.201517 0.517565 0.399115
4 0.773116 0.571015 0.170251 0.243965
5 0.823885 0.699714 0.330540 0.600493
7 0.371345 0.684619 0.372649 0.555735
7 0.524790 0.250101 0.069255 0.305213
6 0.684871 0.285395 0.029794 0.084029
3 0.534956 0.094514 0.041548 0.058209
3 0.755632 0.426421 0.068178 0.051501
6 0.627932 0.220311 0.018697 0.048170
6 0.486722 0.355482 0.028175 0.040805
0 0.525229 0.017776 0.069808 0.035394
5 0.507291 0.199730 0.103345 0.399445
6 0.601903 0.188795 0.013833 0.036390
5 0.815696 0.102068 0.014351 0.035087
5 0.767466 0.113864 0.014738 0.050815
5 0.865286 0.106897 0.013273 0.034065
6 0.885346 0.152570 0.011834 0.027441
6 0.583656 0.164161 0.011217 0.024559
5 0.769456 0.101091 0.013673 0.034251
6 0.570668 0.154503 0.011205 0.026465
5 0.766188 0.107757 0.014708 0.036435
6 0.601343 0.176719 0.013703 0.030226
