9 0.245472 0.215110 0.489004 0.429591
5 0.116040 0.714905 0.231433 0.569561
9 0.794006 0.496741 0.112102 0.105056
5 0.761840 0.252010 0.476187 0.353049
5 0.633866 0.246572 0.289400 0.364666
1 0.565823 0.313529 0.154136 0.120312
5 0.867582 0.234858 0.261477 0.209976
7 0.694134 0.521825 0.159896 0.184190
2 0.566595 0.184404 0.155236 0.145884
7 0.087821 0.643584 0.175405 0.348593
5 0.662290 0.703276 0.276026 0.551926
0 0.110202 0.469019 0.120421 0.079768
2 0.869073 0.211795 0.259453 0.149349
6 0.045147 0.138117 0.036591 0.051604
5 0.538913 0.605982 0.101154 0.353136
3 0.073426 0.508465 0.046300 0.058343
5 0.053372 0.215706 0.106553 0.426818
9 0.641732 0.495135 0.179696 0.131562
1 0.883434 0.313121 0.142396 0.070132
2 0.757705 0.364133 0.142953 0.076263
5 0.455699 0.224014 0.067813 0.421754
