5 0.165377 0.194188 0.329735 0.388061
5 0.585240 0.264943 0.332835 0.529027
4 0.283646 0.860931 0.110040 0.209651
5 0.786183 0.263349 0.420587 0.526080
4 0.361523 0.867360 0.115609 0.249599
5 0.064209 0.789558 0.128418 0.420799
0 0.384044 0.641111 0.071288 0.102418
7 0.135887 0.186831 0.269889 0.372801
4 0.053442 0.824484 0.106884 0.249376
0 0.068280 0.622222 0.061920 0.067128
0 0.147595 0.617706 0.088862 0.083288
0 0.308033 0.679500 0.058316 0.063228
7 0.807660 0.250649 0.273636 0.487405
4 0.140767 0.850970 0.137099 0.292096
5 0.340157 0.792365 0.160334 0.414452
4 0.524937 0.249072 0.207287 0.480804
5 0.128433 0.785646 0.218254 0.428014
5 0.264856 0.821351 0.204173 0.357266
3 0.837593 0.024131 0.073134 0.046423
3 0.064555 0.680261 0.035106 0.033056
3 0.376126 0.721596 0.048402 0.043381
3 0.545090 0.015206 0.055443 0.030170
3 0.294409 0.734680 0.033647 0.030737
5 0.925700 0.265846 0.148194 0.529541
4 0.022283 0.845520 0.044302 0.270362
5 0.019886 0.825653 0.039772 0.347655
5 0.487822 0.264255 0.134017 0.527118
3 0.129103 0.686494 0.035782 0.040812
