8 0.731560 0.819719 0.347299 0.359308
5 0.205347 0.820147 0.408828 0.358302
7 0.116838 0.324001 0.151912 0.210659
9 0.611874 0.444471 0.123815 0.192949
5 0.146161 0.421141 0.247654 0.437208
4 0.248972 0.819552 0.261086 0.360881
7 0.499135 0.239602 0.098171 0.317412
0 0.234198 0.266267 0.068726 0.128890
5 0.877371 0.437010 0.054233 0.151187
0 0.125132 0.700382 0.085992 0.122876
5 0.487493 0.320100 0.121643 0.638385
0 0.467086 0.032595 0.078570 0.064741
4 0.877335 0.412092 0.033067 0.052151
3 0.467327 0.091028 0.022343 0.036376
3 0.206167 0.315649 0.019413 0.035207
8 0.953649 0.819944 0.092701 0.359083
2 0.877741 0.368298 0.019621 0.013968
