8 0.355015 0.720913 0.448990 0.550316
5 0.712363 0.223882 0.266465 0.444502
5 0.917773 0.675538 0.162756 0.450008
4 0.680740 0.066936 0.142128 0.129583
7 0.044767 0.938617 0.068073 0.119123
7 0.162245 0.947319 0.071079 0.105362
0 0.173837 0.859148 0.042996 0.045064
7 0.262050 0.966930 0.072490 0.066059
5 0.044855 0.907918 0.089469 0.184164
7 0.206020 0.960475 0.051702 0.079050
0 0.245985 0.904206 0.045612 0.046838
0 0.068116 0.871933 0.031610 0.033183
0 0.522785 0.938593 0.031541 0.028473
5 0.248040 0.939107 0.144555 0.121776
5 0.195341 0.936815 0.084000 0.125796
0 0.207975 0.891155 0.031159 0.035069
0 0.053305 0.836695 0.032993 0.035866
7 0.942420 0.543555 0.115161 0.187298
5 0.508495 0.959124 0.101185 0.080995
5 0.159917 0.917774 0.101535 0.163870
7 0.522513 0.986881 0.060082 0.026186
3 0.206823 0.924477 0.016456 0.016617
3 0.239411 0.945761 0.017651 0.018381
5 0.071955 0.927747 0.060220 0.142827
5 0.015072 0.925802 0.030144 0.147433
0 0.008202 0.900420 0.015933 0.025939
4 0.942214 0.547200 0.115571 0.190062
3 0.043180 0.869600 0.014086 0.019306
5 0.083375 0.964173 0.069851 0.071158
5 0.095456 0.923476 0.099940 0.151420
