8 0.363161 0.804969 0.703817 0.389913
9 0.868938 0.427880 0.261069 0.360015
7 0.496001 0.126040 0.240794 0.252080
5 0.477808 0.303415 0.338293 0.606248
6 0.890743 0.236043 0.034165 0.064486
5 0.510468 0.731334 0.047472 0.136426
5 0.475459 0.939461 0.055499 0.121046
8 0.044894 0.681403 0.088909 0.142263
6 0.768347 0.155636 0.014605 0.025910
4 0.478443 0.932083 0.027810 0.046613
6 0.841352 0.159022 0.014826 0.030995
7 0.512093 0.711507 0.023489 0.043396
6 0.938882 0.144637 0.012042 0.027242
0 0.517516 0.671172 0.013640 0.015967
0 0.484681 0.892897 0.015752 0.018600
6 0.916464 0.125426 0.008668 0.019550
0 0.518346 0.679702 0.015027 0.017676
6 0.977266 0.124471 0.011119 0.024245
