5 0.328455 0.768531 0.656418 0.462229
5 0.554206 0.268451 0.211469 0.535768
1 0.409346 0.876979 0.495069 0.245842
9 0.859617 0.742328 0.032566 0.031647
2 0.368838 0.663446 0.556837 0.251186
4 0.557174 0.038484 0.154573 0.076645
8 0.907356 0.738160 0.029950 0.046407
8 0.835594 0.731523 0.034452 0.064401
9 0.878181 0.716575 0.025442 0.020981
5 0.867159 0.820471 0.017823 0.030244
5 0.965707 0.852503 0.018898 0.044383
7 0.856768 0.239957 0.018792 0.035617
5 0.855881 0.240651 0.023504 0.047632
5 0.796288 0.806377 0.015189 0.030167
5 0.857602 0.244366 0.031504 0.071177
6 0.895408 0.797430 0.009041 0.019482
5 0.966178 0.844729 0.015156 0.024140
4 0.328554 0.964483 0.649923 0.071034
5 0.757720 0.781451 0.012577 0.018273
