8 0.764369 0.249965 0.470271 0.498892
5 0.146944 0.750838 0.293315 0.497895
8 0.811708 0.749731 0.375586 0.500059
0 0.191941 0.092635 0.076778 0.105948
0 0.417782 0.591834 0.103199 0.112365
5 0.330590 0.757304 0.347290 0.484382
7 0.345678 0.851420 0.230524 0.283039
5 0.191749 0.268803 0.247262 0.465689
7 0.208524 0.274575 0.141422 0.288703
7 0.043582 0.224586 0.087102 0.319640
3 0.146665 0.598818 0.073671 0.064641
7 0.120370 0.799147 0.240423 0.392773
0 0.090580 0.028732 0.075986 0.056965
5 0.068653 0.250218 0.135814 0.498522
3 0.405574 0.698925 0.054538 0.057584
5 0.450701 0.756632 0.155794 0.486674
3 0.195665 0.163454 0.030331 0.036015
7 0.465203 0.840455 0.130785 0.316733
0 0.166036 0.513876 0.108428 0.027920
3 0.080854 0.086632 0.024965 0.046410
5 0.046920 0.753743 0.093840 0.492192
5 0.588925 0.168927 0.047771 0.072377
