8 0.286715 0.266068 0.573429 0.527474
5 0.784708 0.806753 0.429971 0.385655
5 0.696951 0.264280 0.258781 0.527109
5 0.447325 0.763656 0.241440 0.471141
5 0.862991 0.264770 0.272254 0.529270
4 0.927646 0.329055 0.144708 0.396007
4 0.488650 0.798626 0.160225 0.400977
2 0.722168 0.738070 0.310353 0.240904
7 0.678314 0.306363 0.207231 0.440824
5 0.425625 0.215305 0.240268 0.429243
3 0.953380 0.116751 0.057049 0.057463
3 0.687828 0.084204 0.057325 0.054964
3 0.546676 0.572036 0.044854 0.086001
0 0.959001 0.025615 0.080794 0.051231
8 0.265002 0.140800 0.524038 0.281235
1 0.707703 0.957781 0.265367 0.084149
