8 0.778548 0.294812 0.438841 0.589189
8 0.779666 0.793742 0.440439 0.409927
5 0.414111 0.339224 0.286825 0.463831
5 0.336570 0.778552 0.439888 0.374171
7 0.438395 0.234347 0.165539 0.216725
5 0.071286 0.294259 0.142299 0.588258
7 0.056142 0.188757 0.110396 0.315039
4 0.295456 0.646187 0.332299 0.114011
0 0.318172 0.188488 0.072812 0.132476
5 0.789902 0.263624 0.073244 0.106033
3 0.350681 0.236554 0.025218 0.044454
3 0.066638 0.034339 0.023019 0.039808
5 0.603315 0.783463 0.088428 0.385236
4 0.787323 0.269085 0.046376 0.069368
