5 0.820081 0.732862 0.359694 0.532250
8 0.071452 0.891276 0.142721 0.217435
1 0.820715 0.834954 0.358570 0.287006
8 0.322600 0.793968 0.642806 0.411980
2 0.821843 0.564723 0.354579 0.191532
5 0.268400 0.187800 0.228452 0.354392
8 0.386861 0.823078 0.180873 0.190370
9 0.947509 0.041915 0.050543 0.070444
5 0.327257 0.819698 0.031079 0.080175
4 0.329739 0.824453 0.015135 0.036066
4 0.818615 0.939459 0.362769 0.120574
2 0.330463 0.786167 0.014937 0.016517
2 0.331397 0.789342 0.011494 0.016034
8 0.973390 0.119680 0.053140 0.239360
