5 0.779611 0.758361 0.439303 0.483003
5 0.723433 0.261005 0.326634 0.519633
8 0.210518 0.168907 0.420954 0.337813
0 0.366805 0.573930 0.141505 0.108386
5 0.855612 0.260105 0.287882 0.519924
9 0.124570 0.760077 0.248403 0.478489
8 0.318488 0.213843 0.241052 0.263120
4 0.659656 0.338625 0.201003 0.365331
5 0.319012 0.759307 0.353191 0.477243
9 0.483988 0.837826 0.153177 0.323843
7 0.320320 0.834826 0.270725 0.329410
1 0.638728 0.063818 0.159629 0.127028
3 0.327103 0.678941 0.059286 0.103654
2 0.867574 0.672279 0.263838 0.311437
6 0.186041 0.912050 0.034213 0.051916
5 0.199083 0.106379 0.039118 0.075565
3 0.880262 0.968936 0.235975 0.061927
4 0.963094 0.354508 0.073523 0.333108
