5 0.746927 0.334582 0.505946 0.595177
8 0.250445 0.314979 0.481098 0.629958
5 0.838357 0.813831 0.315633 0.370236
5 0.697356 0.813471 0.345345 0.368609
4 0.870382 0.865607 0.147237 0.264500
4 0.678750 0.863353 0.157390 0.266094
0 0.913473 0.664403 0.082729 0.069144
1 0.853393 0.465223 0.291852 0.326969
5 0.592232 0.815219 0.205877 0.369018
2 0.877037 0.219664 0.245898 0.225379
4 0.557041 0.816756 0.135046 0.364542
3 0.899633 0.731572 0.044099 0.041948
2 0.786551 0.651324 0.089011 0.042946
3 0.764982 0.731439 0.042306 0.058706
5 0.932464 0.819058 0.134925 0.359444
5 0.360681 0.494042 0.033286 0.082355
4 0.969407 0.892732 0.060752 0.213888
8 0.434689 0.430830 0.110874 0.395580
