5 0.184628 0.801409 0.368898 0.396668
9 0.521070 0.287979 0.100945 0.090686
6 0.732117 0.477813 0.199346 0.133779
1 0.184731 0.890976 0.369357 0.218048
0 0.625380 0.058977 0.061112 0.076428
6 0.917765 0.705011 0.163675 0.478281
7 0.620065 0.269971 0.106030 0.273344
7 0.805419 0.244353 0.066533 0.157297
5 0.636483 0.205517 0.149785 0.410591
5 0.815711 0.207482 0.116735 0.407931
9 0.669317 0.302919 0.212307 0.141016
2 0.184950 0.670172 0.369901 0.118756
0 0.795627 0.101798 0.030024 0.046643
3 0.801103 0.145085 0.023548 0.027778
