5 0.814282 0.200287 0.369603 0.400407
5 0.315340 0.792951 0.629556 0.413164
1 0.813629 0.160339 0.372741 0.295213
5 0.558799 0.200232 0.140320 0.400005
1 0.432277 0.856991 0.398006 0.280541
7 0.570559 0.249306 0.118440 0.299761
2 0.418811 0.659776 0.421447 0.140187
8 0.828678 0.690480 0.333604 0.576684
4 0.810960 0.353950 0.371334 0.092485
5 0.850450 0.664663 0.226517 0.508852
3 0.614479 0.093679 0.027973 0.062433
0 0.608332 0.024860 0.042451 0.049701
8 0.863067 0.605581 0.271294 0.410822
4 0.316898 0.967380 0.625757 0.065239
