5 0.195258 0.266299 0.390183 0.525537
4 0.202786 0.952813 0.161870 0.094374
5 0.600654 0.265641 0.200002 0.529960
7 0.603374 0.077815 0.196332 0.154813
4 0.130628 0.422692 0.261256 0.212481
5 0.198417 0.927421 0.208579 0.145074
0 0.207055 0.882552 0.075829 0.041856
0 0.483136 0.635840 0.037046 0.059688
7 0.526380 0.722386 0.025276 0.051367
9 0.566042 0.771466 0.126135 0.456577
5 0.527185 0.741181 0.031954 0.149574
8 0.844102 0.954074 0.304022 0.091127
5 0.467065 0.803115 0.067415 0.382088
3 0.488284 0.681475 0.021561 0.025658
5 0.989258 0.927438 0.021408 0.135157
