5 0.507562 0.779381 0.559820 0.421693
5 0.893615 0.779280 0.210655 0.421023
7 0.638744 0.829374 0.299930 0.340748
8 0.894314 0.187793 0.210987 0.375306
0 0.332621 0.703355 0.216792 0.272942
0 0.833055 0.643190 0.089667 0.147853
3 0.431905 0.757016 0.114933 0.165385
5 0.487959 0.142117 0.054444 0.143215
5 0.564988 0.154360 0.048572 0.129296
4 0.484976 0.122764 0.031697 0.043992
0 0.494262 0.084217 0.023159 0.024544
0 0.552581 0.100902 0.020247 0.024286
4 0.561426 0.153870 0.025016 0.063828
8 0.895692 0.350287 0.208617 0.068517
