9 0.209740 0.743410 0.419322 0.511752
8 0.709112 0.744672 0.580793 0.508220
7 0.299385 0.379292 0.199698 0.218037
0 0.275853 0.200782 0.081511 0.115631
5 0.284485 0.252458 0.266499 0.469349
5 0.714198 0.774021 0.078188 0.206273
7 0.233041 0.380969 0.099779 0.195266
6 0.145128 0.629092 0.032387 0.057409
5 0.248153 0.322957 0.204962 0.331215
7 0.717114 0.740882 0.035112 0.063409
6 0.401717 0.615057 0.030022 0.069414
0 0.202355 0.246202 0.036240 0.066053
3 0.250936 0.245948 0.034016 0.069557
9 0.382852 0.417256 0.073111 0.141371
