5 0.735491 0.310979 0.528658 0.595521
5 0.873834 0.804231 0.225299 0.390209
1 0.886333 0.178974 0.226980 0.231482
5 0.540888 0.804182 0.143409 0.390379
4 0.873754 0.865216 0.161026 0.269202
4 0.734569 0.479327 0.527315 0.259503
4 0.662878 0.847958 0.124606 0.304085
5 0.675373 0.804242 0.178549 0.389641
4 0.546408 0.866620 0.122224 0.264290
2 0.860820 0.626447 0.073861 0.034151
3 0.866887 0.709516 0.049909 0.046026
2 0.549988 0.626959 0.077079 0.037954
2 0.810380 0.051426 0.378910 0.102473
3 0.558975 0.704672 0.048389 0.043446
3 0.711522 0.668431 0.026771 0.066837
5 0.971086 0.805965 0.056633 0.387116
2 0.684335 0.621710 0.087648 0.024838
