5 0.179454 0.758671 0.358774 0.442060
1 0.759994 0.588824 0.254492 0.101822
1 0.286367 0.733601 0.147486 0.162350
5 0.683273 0.677666 0.626294 0.277928
5 0.542293 0.268736 0.343308 0.537074
4 0.466754 0.684380 0.214584 0.296472
5 0.737129 0.269913 0.312685 0.538926
5 0.867314 0.269105 0.261195 0.537734
4 0.207792 0.863907 0.305318 0.207270
5 0.087424 0.768678 0.174803 0.458075
2 0.479102 0.036428 0.091498 0.072221
5 0.479208 0.695131 0.241184 0.313054
4 0.533673 0.340607 0.224119 0.389484
2 0.212171 0.595645 0.293246 0.112945
4 0.750021 0.309578 0.208205 0.453078
3 0.495736 0.138994 0.060606 0.058422
4 0.866262 0.285407 0.165885 0.388603
4 0.071195 0.768359 0.142391 0.437447
4 0.734128 0.695565 0.503855 0.220774
5 0.432206 0.281854 0.145755 0.511982
3 0.811810 0.077750 0.052252 0.053382
3 0.654229 0.071691 0.040071 0.060081
4 0.394763 0.340203 0.069688 0.327660
2 0.662179 0.018060 0.099603 0.036119
2 0.806628 0.013233 0.086320 0.026452
0 0.804963 0.014404 0.096007 0.028637
5 0.049268 0.267085 0.098536 0.531252
