9 0.420856 0.157835 0.177211 0.276374
9 0.235813 0.132299 0.271136 0.247101
8 0.128653 0.700175 0.256546 0.590748
8 0.610215 0.674720 0.202832 0.370569
5 0.594436 0.280182 0.167758 0.241679
2 0.563553 0.197457 0.079121 0.068240
3 0.559213 0.294500 0.052974 0.051167
5 0.647318 0.582833 0.064316 0.124975
4 0.581774 0.369603 0.139010 0.060432
7 0.655304 0.575489 0.036554 0.053912
8 0.342109 0.023916 0.267058 0.047832
9 0.457469 0.274244 0.104594 0.254918
5 0.082041 0.516065 0.027042 0.067041
6 0.457285 0.276846 0.105242 0.246800
8 0.386474 0.033574 0.236237 0.067148
