5 0.784220 0.671339 0.431020 0.654173
4 0.783298 0.906051 0.427833 0.187235
9 0.440475 0.554212 0.111845 0.102262
6 0.827084 0.169527 0.343779 0.338665
8 0.284199 0.664880 0.565639 0.655613
8 0.144658 0.586197 0.189532 0.330792
1 0.859284 0.713418 0.280166 0.323388
2 0.864280 0.446104 0.270751 0.198019
6 0.639164 0.142389 0.140295 0.284586
9 0.048136 0.373885 0.051711 0.066180
5 0.322892 0.505820 0.025985 0.078947
5 0.264112 0.741735 0.061977 0.100349
7 0.323387 0.494130 0.015497 0.028071
4 0.277883 0.735359 0.023108 0.038877
0 0.319922 0.471625 0.010522 0.012270
9 0.020869 0.374455 0.032421 0.058664
