9 0.169099 0.110174 0.337966 0.220334
8 0.517731 0.532442 0.357386 0.403877
5 0.619114 0.439047 0.068062 0.136177
6 0.128105 0.262357 0.244920 0.086154
7 0.628332 0.431807 0.041754 0.059197
6 0.404504 0.060459 0.011476 0.031459
6 0.617703 0.101689 0.013989 0.039522
6 0.498097 0.079378 0.013119 0.034022
6 0.770943 0.121136 0.013137 0.040222
6 0.556969 0.071150 0.008987 0.027224
6 0.689300 0.094916 0.011371 0.028498
6 0.768550 0.107614 0.012833 0.033637
6 0.978210 0.119965 0.011427 0.024903
6 0.458293 0.057113 0.009124 0.022966
6 0.667211 0.078769 0.008774 0.019477
6 0.818825 0.103538 0.008997 0.024697
6 0.346942 0.049252 0.008745 0.023735
6 0.908683 0.122424 0.010969 0.031212
6 0.941632 0.119149 0.010648 0.025695
6 0.844428 0.102607 0.009407 0.024830
6 0.502254 0.072325 0.011562 0.029259
6 0.796453 0.106713 0.009036 0.026190
6 0.404111 0.047359 0.008409 0.020966
6 0.861871 0.133581 0.013460 0.033137
6 0.616377 0.084921 0.011062 0.029306
6 0.480254 0.053664 0.008157 0.023338
6 0.882874 0.108530 0.008550 0.022031
6 0.768460 0.102583 0.009197 0.027087
