8 0.814726 0.794785 0.369819 0.408081
7 0.471467 0.146211 0.133802 0.292249
5 0.433099 0.294532 0.222350 0.588799
7 0.258145 0.132413 0.140031 0.263967
5 0.245924 0.292471 0.222825 0.584569
2 0.606293 0.033475 0.063994 0.060370
5 0.695388 0.297358 0.231950 0.583701
4 0.832906 0.230190 0.142151 0.267132
0 0.587606 0.657846 0.072969 0.088411
5 0.611991 0.805067 0.147070 0.389782
5 0.802266 0.295886 0.287334 0.589052
4 0.725290 0.183363 0.120517 0.290613
1 0.887261 0.060527 0.043119 0.070219
4 0.575497 0.170398 0.073848 0.150570
1 0.766603 0.028605 0.047508 0.057210
7 0.577006 0.864393 0.076074 0.261393
3 0.300877 0.016112 0.030756 0.032224
5 0.594957 0.283596 0.109524 0.556576
1 0.597149 0.098737 0.041717 0.041703
2 0.959003 0.094913 0.032872 0.036511
3 0.582376 0.731601 0.031518 0.047405
4 0.936080 0.198641 0.066361 0.138076
8 0.248645 0.630116 0.341398 0.083709
2 0.925203 0.092028 0.031432 0.032036
5 0.943638 0.311961 0.110468 0.554556
5 0.941677 0.183353 0.072737 0.181220
4 0.971926 0.294291 0.055780 0.307623
2 0.866915 0.007762 0.069929 0.015524
8 0.133842 0.629954 0.261318 0.082260
5 0.949500 0.121893 0.061678 0.096338
8 0.329886 0.638582 0.208233 0.096777
4 0.982843 0.192787 0.034314 0.110761
