5 0.176359 0.688641 0.352717 0.619473
7 0.415744 0.658955 0.041254 0.095844
0 0.269384 0.461226 0.160969 0.163304
8 0.781323 0.145527 0.436207 0.290626
0 0.292488 0.159791 0.118907 0.319581
7 0.133562 0.697556 0.266369 0.604888
1 0.242640 0.567294 0.085948 0.219403
7 0.708080 0.628233 0.044561 0.119833
5 0.713037 0.669022 0.065937 0.307522
5 0.292278 0.186256 0.117533 0.371927
7 0.298394 0.835477 0.101887 0.275574
5 0.418278 0.713013 0.056151 0.300833
0 0.404893 0.582323 0.030015 0.038768
0 0.701754 0.537985 0.030150 0.037854
5 0.292603 0.792762 0.113795 0.411229
3 0.704238 0.568463 0.014136 0.016641
3 0.406881 0.614078 0.012284 0.015021
