8 0.262908 0.788217 0.525816 0.420392
5 0.602202 0.109228 0.100728 0.207507
5 0.691719 0.176015 0.073109 0.148518
5 0.808873 0.464857 0.030279 0.073013
5 0.691961 0.271316 0.085671 0.113621
8 0.271540 0.652437 0.171876 0.139875
7 0.683892 0.139940 0.047472 0.065935
7 0.591579 0.074297 0.067187 0.090020
5 0.756995 0.292502 0.055822 0.093423
5 0.336951 0.625130 0.036539 0.078787
0 0.571853 0.027586 0.035329 0.039425
7 0.674752 0.251639 0.046476 0.072039
0 0.671278 0.235642 0.031033 0.038436
7 0.751035 0.275045 0.036134 0.046372
4 0.332939 0.627473 0.015060 0.036811
5 0.863375 0.483417 0.035404 0.089207
0 0.679730 0.117152 0.023369 0.030753
0 0.807959 0.443015 0.018637 0.024439
0 0.874856 0.455662 0.023643 0.036301
8 0.958309 0.688671 0.083110 0.223292
0 0.579228 0.044677 0.024268 0.029347
0 0.671778 0.115605 0.022181 0.031753
7 0.872590 0.458865 0.027843 0.044886
7 0.598045 0.092155 0.061527 0.068970
5 0.497174 0.104121 0.044896 0.197439
0 0.748300 0.267763 0.031827 0.041466
8 0.958066 0.782863 0.083868 0.407530
