8 0.244450 0.684572 0.488762 0.612270
6 0.951463 0.694509 0.096027 0.165713
6 0.754456 0.732157 0.106841 0.161600
6 0.929708 0.463026 0.140584 0.171190
6 0.612169 0.472815 0.194366 0.186367
6 0.823775 0.841018 0.078856 0.119087
6 0.962269 0.816280 0.068549 0.117581
6 0.854239 0.908455 0.047010 0.092688
6 0.896689 0.973450 0.049033 0.052931
6 0.981740 0.916282 0.036174 0.090232
6 0.877132 0.942920 0.044813 0.081873
6 0.975173 0.975794 0.041057 0.047608
6 0.980918 0.967294 0.037350 0.064271
6 0.873468 0.928404 0.033641 0.053479
