5 0.284070 0.150279 0.566218 0.299848
8 0.784306 0.628911 0.431248 0.657540
8 0.308956 0.778161 0.225774 0.340804
8 0.106960 0.754316 0.213921 0.282392
7 0.838198 0.152600 0.073724 0.107181
7 0.930370 0.201078 0.093406 0.171798
5 0.612796 0.159411 0.084270 0.284196
7 0.762849 0.214961 0.113332 0.169936
7 0.613012 0.130053 0.064658 0.117491
7 0.656545 0.133949 0.053522 0.102478
5 0.930996 0.175399 0.124784 0.255931
0 0.945255 0.072474 0.045663 0.046182
7 0.240702 0.123546 0.479022 0.246329
5 0.654768 0.169290 0.072278 0.262100
7 0.807511 0.113761 0.043361 0.094393
0 0.773651 0.057230 0.066911 0.071689
7 0.692819 0.144274 0.038110 0.090329
7 0.733392 0.118738 0.057387 0.145735
7 0.980388 0.152104 0.039071 0.100431
7 0.877340 0.139512 0.044622 0.075409
0 0.850627 0.063859 0.032540 0.031094
0 0.625635 0.034739 0.030467 0.029475
5 0.834230 0.172507 0.107078 0.259008
0 0.810512 0.031596 0.025272 0.027013
5 0.702812 0.337582 0.041392 0.068103
5 0.753835 0.153149 0.130267 0.292400
0 0.667333 0.059541 0.028179 0.026687
5 0.976217 0.175956 0.047152 0.256428
5 0.807214 0.104370 0.057363 0.179397
0 0.994133 0.071153 0.011655 0.027121
9 0.523778 0.964319 0.089170 0.071184
3 0.848334 0.095350 0.021443 0.020308
0 0.707034 0.075605 0.018253 0.022277
0 0.893305 0.073549 0.021972 0.022164
5 0.879676 0.162153 0.057206 0.199721
4 0.704918 0.334979 0.027323 0.051955
0 0.767942 0.008368 0.033774 0.016737
5 0.688169 0.169483 0.050873 0.238131
0 0.885377 0.073563 0.021724 0.022217
5 0.811202 0.151595 0.076200 0.269016
3 0.626619 0.064464 0.015899 0.015401
3 0.808746 0.058497 0.014035 0.014944
3 0.881692 0.096861 0.011030 0.013361
3 0.957097 0.116082 0.014190 0.018289
8 0.914911 0.332508 0.148820 0.061866
3 0.994160 0.094703 0.010691 0.017371
5 0.581820 0.159613 0.026828 0.271360
5 0.893847 0.168073 0.047070 0.180472
3 0.704113 0.103210 0.011263 0.016302
3 0.667909 0.088887 0.015551 0.013444
