5 0.324620 0.244232 0.645351 0.487304
8 0.822567 0.130730 0.345534 0.261025
5 0.751179 0.742823 0.197080 0.509790
5 0.923117 0.743796 0.152450 0.509824
5 0.225114 0.746199 0.412183 0.506887
7 0.270107 0.848979 0.281794 0.302042
4 0.746874 0.814295 0.156205 0.360792
3 0.265027 0.670184 0.081169 0.131862
2 0.760550 0.517803 0.078407 0.054608
0 0.280836 0.543923 0.166578 0.109702
4 0.944876 0.798025 0.110248 0.403299
7 0.191135 0.198477 0.382271 0.396953
3 0.755299 0.612499 0.052128 0.049320
0 0.664935 0.322944 0.029930 0.029963
7 0.677344 0.396153 0.055097 0.087106
5 0.711105 0.394251 0.122584 0.186349
3 0.907160 0.583064 0.027622 0.056345
2 0.938618 0.508220 0.084292 0.037449
3 0.662250 0.354565 0.019268 0.020135
