9 0.176494 0.800114 0.352912 0.397826
8 0.892727 0.299419 0.214314 0.593413
9 0.118479 0.344277 0.210864 0.166125
7 0.294987 0.325118 0.121688 0.301511
0 0.263554 0.100242 0.058881 0.094182
7 0.342104 0.257983 0.057889 0.178848
5 0.884559 0.089753 0.050382 0.112576
9 0.771254 0.162783 0.035853 0.042117
6 0.514694 0.635099 0.027752 0.064038
5 0.294846 0.299303 0.144262 0.593255
0 0.347079 0.132079 0.025902 0.050866
2 0.879505 0.043931 0.015120 0.013289
5 0.341670 0.285318 0.094275 0.508578
6 0.548403 0.886347 0.042297 0.148087
4 0.880828 0.077793 0.023490 0.035241
3 0.294204 0.135977 0.019726 0.051344
9 0.009143 0.341823 0.018287 0.114421
5 0.344643 0.370634 0.072953 0.441375
3 0.881003 0.053536 0.013036 0.012555
