8 0.214262 0.718789 0.427734 0.561575
8 0.593491 0.799436 0.328274 0.395879
8 0.713396 0.219209 0.566856 0.436458
8 0.835658 0.635641 0.328281 0.391572
8 0.325045 0.283940 0.032111 0.033967
5 0.210118 0.349046 0.050007 0.180809
4 0.213258 0.315107 0.027742 0.058578
9 0.295571 0.295803 0.032901 0.030298
9 0.030506 0.298242 0.033229 0.024149
9 0.063423 0.287098 0.029244 0.023646
5 0.345689 0.381780 0.045722 0.115845
0 0.357888 0.331258 0.017690 0.025837
5 0.462494 0.700023 0.025657 0.057254
0 0.212659 0.270374 0.016982 0.020146
9 0.351527 0.296309 0.028594 0.030818
9 0.007874 0.301558 0.014890 0.027216
5 0.455136 0.700229 0.029787 0.059725
