8 0.217150 0.200387 0.433833 0.399071
7 0.730350 0.852666 0.206517 0.293033
0 0.737819 0.604160 0.123699 0.123958
5 0.735383 0.769788 0.246932 0.457751
9 0.930919 0.851095 0.138042 0.296311
5 0.317577 0.695420 0.159395 0.390277
7 0.311397 0.557456 0.107616 0.114448
9 0.560667 0.783054 0.179701 0.433891
3 0.707394 0.714746 0.046646 0.061048
6 0.625424 0.961685 0.027254 0.041049
5 0.432844 0.247469 0.072979 0.410715
8 0.752953 0.271657 0.075735 0.078313
8 0.958528 0.404880 0.082726 0.191486
8 0.951269 0.324762 0.097101 0.325215
