9 0.698127 0.210673 0.597651 0.420179
8 0.198951 0.741184 0.397901 0.517271
8 0.158079 0.188698 0.315937 0.376531
0 0.749607 0.099782 0.232814 0.199014
5 0.080558 0.141103 0.047590 0.091249
5 0.077699 0.805391 0.076099 0.093237
4 0.767313 0.530177 0.028747 0.041797
8 0.286224 0.769765 0.227950 0.459357
3 0.710319 0.308498 0.095663 0.180924
5 0.715814 0.209595 0.563884 0.418731
5 0.756201 0.517535 0.088413 0.177565
4 0.758436 0.468361 0.051763 0.063375
5 0.766149 0.548867 0.052331 0.122623
7 0.743228 0.338273 0.420116 0.160024
5 0.974175 0.496198 0.025283 0.046287
5 0.977606 0.498359 0.035262 0.056156
8 0.920983 0.914760 0.158033 0.170479
5 0.776783 0.474933 0.054576 0.080651
4 0.078300 0.814295 0.056862 0.072798
