5 0.512549 0.142286 0.133735 0.243496
1 0.244302 0.298850 0.246733 0.262294
5 0.455301 0.318412 0.173908 0.380850
4 0.505333 0.154486 0.066233 0.106881
5 0.680527 0.191188 0.142282 0.266353
2 0.454221 0.166518 0.084984 0.062582
5 0.225998 0.753307 0.253378 0.484389
4 0.677279 0.205056 0.082800 0.127962
5 0.403480 0.090005 0.069072 0.136077
7 0.954168 0.376744 0.091524 0.264638
7 0.782670 0.333401 0.065193 0.145536
5 0.786635 0.345578 0.104849 0.329939
5 0.940009 0.311792 0.119535 0.394103
1 0.670039 0.136523 0.037629 0.031028
0 0.782297 0.204986 0.046475 0.051349
2 0.677041 0.083287 0.066092 0.044695
4 0.412053 0.323648 0.084719 0.185170
5 0.107379 0.671682 0.195712 0.322674
2 0.485781 0.041784 0.050221 0.034550
4 0.391956 0.116185 0.044583 0.083677
5 0.554304 0.049115 0.036562 0.097664
1 0.378036 0.063504 0.019253 0.021001
1 0.487942 0.091018 0.024969 0.025896
1 0.767564 0.251719 0.021140 0.031131
2 0.379902 0.039385 0.024715 0.027275
1 0.039858 0.236187 0.079274 0.451041
0 0.992258 0.152419 0.015485 0.078276
5 0.324083 0.756118 0.089102 0.481144
1 0.456711 0.233432 0.032440 0.028825
4 0.554877 0.017878 0.016799 0.030773
4 0.555019 0.029229 0.015100 0.028427
5 0.659915 0.033654 0.028568 0.064758
1 0.028341 0.349223 0.056682 0.299085
3 0.992604 0.243128 0.014587 0.032717
1 0.481829 0.226910 0.026971 0.035154
1 0.468996 0.229678 0.030247 0.032027
1 0.374380 0.065083 0.014193 0.017273
5 0.342499 0.711720 0.055437 0.411034
2 0.391010 0.038555 0.037421 0.036623
1 0.761866 0.252515 0.018407 0.039488
1 0.375071 0.059418 0.016417 0.027611
1 0.381074 0.077474 0.017919 0.019300
1 0.450278 0.224619 0.035145 0.032221
