9 0.197378 0.228740 0.379865 0.442697
5 0.665558 0.225658 0.338453 0.450310
8 0.698017 0.723768 0.603401 0.549104
8 0.666104 0.794388 0.415639 0.410773
7 0.664011 0.117577 0.165666 0.233597
0 0.354702 0.711573 0.067004 0.169111
5 0.262057 0.807540 0.252443 0.380823
5 0.666698 0.919713 0.039537 0.086554
6 0.037111 0.409487 0.032478 0.048668
9 0.932970 0.074825 0.133952 0.148142
8 0.962068 0.773078 0.072857 0.118182
4 0.660290 0.912242 0.016760 0.029465
4 0.665712 0.912346 0.018802 0.028812
8 0.416831 0.880696 0.051810 0.231923
