5 0.282085 0.709782 0.562761 0.579386
7 0.867493 0.714920 0.081086 0.185543
5 0.751361 0.708988 0.343693 0.578301
9 0.657046 0.742038 0.095154 0.164081
7 0.727556 0.732050 0.140601 0.303766
9 0.590187 0.729527 0.064606 0.102147
8 0.849753 0.207715 0.299778 0.414990
1 0.307805 0.826011 0.499541 0.286037
2 0.270228 0.566386 0.540455 0.295665
0 0.765933 0.510269 0.066494 0.089661
5 0.857071 0.768969 0.160722 0.462062
0 0.872835 0.567526 0.032443 0.043014
4 0.280198 0.919629 0.559844 0.160460
8 0.780231 0.060260 0.439537 0.120521
