5 0.805079 0.681021 0.389498 0.630931
8 0.418721 0.184797 0.382003 0.369130
5 0.721537 0.184881 0.228015 0.367499
8 0.168999 0.603712 0.337701 0.467913
5 0.851161 0.184316 0.296963 0.368632
8 0.275126 0.233061 0.224125 0.242317
8 0.324629 0.761270 0.514527 0.476285
0 0.704851 0.044435 0.156081 0.088851
7 0.881070 0.184778 0.237409 0.369132
7 0.751739 0.499433 0.286198 0.262408
3 0.683390 0.188756 0.078745 0.082342
7 0.713666 0.300201 0.210230 0.137749
5 0.407792 0.172513 0.036584 0.067205
5 0.930150 0.184778 0.139605 0.367198
