8 0.189782 0.694812 0.379562 0.610277
5 0.625331 0.695878 0.488674 0.606879
8 0.109320 0.176937 0.217599 0.353874
1 0.576242 0.457163 0.190712 0.138299
8 0.688721 0.220455 0.617490 0.335703
4 0.589912 0.827905 0.416211 0.342902
8 0.282910 0.843388 0.187496 0.313224
8 0.089570 0.116769 0.065952 0.108452
5 0.109586 0.766611 0.029024 0.088642
9 0.017550 0.796725 0.034310 0.095534
9 0.108096 0.024405 0.076976 0.047732
9 0.064692 0.030151 0.088415 0.060264
5 0.307878 0.064848 0.021434 0.073640
5 0.129102 0.978806 0.060346 0.042387
5 0.336554 0.050965 0.026845 0.067505
7 0.110351 0.753189 0.016028 0.031677
7 0.333839 0.042542 0.016454 0.034071
4 0.307209 0.058844 0.012767 0.025073
7 0.338233 0.043722 0.016580 0.030030
7 0.307206 0.049729 0.012102 0.028189
