8 0.352230 0.266488 0.699950 0.527062
5 0.886330 0.764856 0.227056 0.470089
5 0.541688 0.323460 0.284412 0.410385
5 0.784028 0.794098 0.189878 0.410959
0 0.727364 0.651760 0.071922 0.107604
7 0.740913 0.830340 0.104639 0.281704
7 0.907971 0.768695 0.176409 0.314949
1 0.285793 0.813836 0.275552 0.284207
1 0.532147 0.803503 0.274385 0.305997
0 0.819980 0.567926 0.076583 0.076459
5 0.845180 0.265802 0.309028 0.529071
1 0.075259 0.822721 0.150461 0.353904
3 0.835506 0.636674 0.027539 0.045436
2 0.509231 0.152888 0.071446 0.058092
3 0.726033 0.722573 0.031783 0.031997
