0 0.163416 0.397076 0.093074 0.116681
4 0.345286 0.612219 0.092185 0.178380
4 0.180876 0.601750 0.191624 0.291602
5 0.155831 0.666087 0.266509 0.666568
5 0.469830 0.803703 0.058098 0.260456
0 0.353877 0.464521 0.056834 0.063072
5 0.814467 0.808483 0.064097 0.265265
5 0.737847 0.791669 0.064507 0.334562
5 0.344002 0.711250 0.110156 0.574283
4 0.815462 0.765711 0.041868 0.096508
4 0.470750 0.760479 0.044060 0.090225
7 0.738570 0.743898 0.054235 0.130681
5 0.454594 0.410462 0.024064 0.109026
0 0.733298 0.642530 0.033014 0.035725
0 0.459881 0.692959 0.022613 0.026933
0 0.454083 0.366837 0.012829 0.018215
4 0.454146 0.393200 0.014579 0.031389
2 0.813058 0.688032 0.022976 0.020124
4 0.454866 0.386137 0.013557 0.019826
8 0.650210 0.796855 0.215164 0.369513
