0 0.619371 0.200970 0.147347 0.160482
0 0.193403 0.247761 0.278010 0.335674
0 0.367819 0.292716 0.138041 0.180655
5 0.188258 0.531509 0.339745 0.936981
4 0.210472 0.811205 0.389226 0.377589
5 0.655069 0.559219 0.303124 0.879860
4 0.657665 0.717771 0.231007 0.511769
4 0.389053 0.779223 0.172647 0.430537
5 0.380388 0.593696 0.223631 0.812609
3 0.378950 0.485879 0.088144 0.109584
3 0.626899 0.395429 0.082344 0.114648
3 0.296992 0.489514 0.055667 0.173109
5 0.041037 0.561412 0.081956 0.877027
8 0.181178 0.509540 0.358442 0.980920
8 0.067563 0.511582 0.134141 0.976836
3 0.212186 0.504319 0.093701 0.099600
