0 0.166386 0.398183 0.083476 0.084905
4 0.465838 0.602930 0.086374 0.214596
4 0.609777 0.605135 0.080434 0.196082
4 0.242897 0.607737 0.081419 0.180823
5 0.963300 0.643795 0.073290 0.285414
4 0.371396 0.606949 0.089370 0.247240
4 0.827870 0.614609 0.086018 0.212282
4 0.149268 0.642902 0.118890 0.309915
0 0.391688 0.404252 0.068476 0.065952
0 0.834017 0.440587 0.057947 0.065043
0 0.693006 0.452645 0.042635 0.042520
5 0.146481 0.673519 0.164034 0.648743
0 0.461708 0.418074 0.047261 0.051675
0 0.615053 0.437928 0.052376 0.053283
5 0.702397 0.671238 0.092470 0.483820
4 0.966386 0.605337 0.054691 0.109696
0 0.241916 0.441297 0.044245 0.046348
5 0.250828 0.660956 0.109987 0.497737
5 0.609101 0.694787 0.097007 0.569066
4 0.766314 0.591102 0.040949 0.151653
5 0.470010 0.682711 0.100410 0.600969
3 0.459953 0.471325 0.029531 0.028593
4 0.699242 0.595418 0.064704 0.161813
3 0.692843 0.495194 0.024984 0.022158
0 0.974000 0.520455 0.032433 0.031690
5 0.371851 0.677909 0.126934 0.619395
5 0.833979 0.704732 0.127655 0.580289
0 0.776804 0.459432 0.042838 0.038668
3 0.614922 0.484551 0.027436 0.024554
3 0.176570 0.473152 0.035791 0.035198
3 0.821123 0.483689 0.032539 0.026462
5 0.771757 0.670729 0.059592 0.467878
3 0.248558 0.491334 0.027470 0.025961
3 0.408565 0.468736 0.023398 0.034416
3 0.789316 0.496005 0.023997 0.021546
5 0.992284 0.653579 0.015431 0.322803
5 0.796681 0.708744 0.078308 0.552038
5 0.763194 0.670609 0.031955 0.426832
