8 0.788386 0.675936 0.162865 0.264893
5 0.581567 0.454512 0.035056 0.156057
7 0.159271 0.625671 0.026268 0.063162
5 0.188276 0.703840 0.043863 0.170327
0 0.201638 0.570142 0.015682 0.023737
9 0.736623 0.214531 0.135586 0.266322
5 0.160706 0.656949 0.034077 0.179838
5 0.301469 0.522053 0.032030 0.177446
7 0.300246 0.492560 0.020341 0.058401
5 0.196592 0.655413 0.039364 0.189804
0 0.303199 0.443991 0.013881 0.021049
0 0.578550 0.382027 0.012800 0.021060
5 0.158844 0.664782 0.022820 0.168924
5 0.198881 0.667306 0.029819 0.130709
8 0.735141 0.208654 0.140994 0.283863
