7 0.134590 0.595921 0.056475 0.113227
5 0.149492 0.663427 0.116731 0.338104
4 0.613072 0.648545 0.035444 0.053840
5 0.072363 0.664575 0.119319 0.375745
7 0.075202 0.616373 0.083569 0.139657
4 0.616960 0.659461 0.055254 0.101165
5 0.846345 0.637999 0.017872 0.031298
5 0.818226 0.640291 0.016784 0.021950
5 0.613801 0.658704 0.050362 0.105493
0 0.095054 0.526933 0.033373 0.048405
8 0.688583 0.930768 0.549792 0.137674
5 0.213881 0.501201 0.056989 0.044716
8 0.799555 0.931883 0.317764 0.135490
0 0.125678 0.523461 0.028399 0.045373
0 0.216467 0.495274 0.032871 0.028966
8 0.306058 0.389774 0.245343 0.246616
5 0.631273 0.653753 0.042766 0.107802
