9 0.454580 0.712167 0.754154 0.571617
6 0.762942 0.489244 0.044223 0.106884
6 0.292609 0.482852 0.048115 0.096166
6 0.745842 0.404007 0.025641 0.056896
6 0.485443 0.385593 0.020648 0.051918
6 0.246196 0.356381 0.010840 0.025841
6 0.407273 0.331775 0.009166 0.023378
6 0.918785 0.353693 0.011242 0.025664
6 0.670278 0.333696 0.009031 0.020833
6 0.772604 0.362373 0.016981 0.043792
6 0.594366 0.357266 0.016851 0.037062
6 0.191512 0.359918 0.011604 0.028829
6 0.368882 0.344028 0.009100 0.023273
6 0.641909 0.337723 0.012475 0.028317
6 0.452927 0.332562 0.010703 0.029146
6 0.895251 0.339588 0.009983 0.025148
6 0.303598 0.348824 0.010662 0.022978
6 0.356921 0.332075 0.007652 0.019658
6 0.778371 0.349910 0.015782 0.040990
6 0.305605 0.345980 0.011956 0.023091
4 0.939382 0.905635 0.121010 0.188731
6 0.963576 0.376853 0.015900 0.029714
6 0.143960 0.349355 0.010615 0.020177
8 0.943834 0.269452 0.110085 0.538903
