6 0.127714 0.333258 0.048175 0.108369
6 0.675574 0.238126 0.040558 0.081329
6 0.326508 0.189662 0.022378 0.057281
6 0.091079 0.185090 0.014963 0.031382
6 0.022664 0.247416 0.019004 0.044918
9 0.695013 0.514323 0.573598 0.959788
6 0.147031 0.185134 0.014857 0.038579
6 0.340749 0.127789 0.011644 0.031120
6 0.468389 0.153376 0.016993 0.040575
6 0.867724 0.411379 0.066614 0.114860
6 0.407976 0.117271 0.009917 0.025886
6 0.244669 0.132954 0.008686 0.025262
6 0.871767 0.451787 0.085440 0.207583
6 0.562500 0.140825 0.014560 0.035564
6 0.733707 0.184593 0.017391 0.056164
6 0.177050 0.150597 0.011839 0.027594
6 0.305334 0.119788 0.008329 0.023460
6 0.646002 0.120506 0.011173 0.027180
6 0.257877 0.152242 0.010244 0.033966
6 0.604432 0.137880 0.013498 0.027269
6 0.735304 0.175436 0.017641 0.054198
6 0.783108 0.154446 0.014920 0.033896
6 0.763035 0.163194 0.014358 0.033699
6 0.338788 0.132445 0.009562 0.026943
6 0.341445 0.136565 0.011417 0.037787
6 0.682211 0.117785 0.009191 0.024142
