5 0.208413 0.699368 0.400955 0.600189
0 0.518557 0.080825 0.213739 0.161088
4 0.290235 0.140861 0.233151 0.281457
5 0.229488 0.199912 0.359726 0.398824
0 0.792657 0.578062 0.077512 0.060334
5 0.496040 0.694425 0.173896 0.601989
5 0.586644 0.733916 0.339635 0.529406
0 0.529217 0.431254 0.105837 0.065495
4 0.347218 0.519015 0.126372 0.216624
0 0.686708 0.537387 0.113149 0.103747
0 0.580608 0.513116 0.078203 0.065063
3 0.512055 0.522970 0.064295 0.063358
0 0.881704 0.614686 0.088399 0.075451
0 0.947496 0.475361 0.104978 0.153330
0 0.613459 0.559840 0.041389 0.054602
4 0.479981 0.737138 0.142949 0.384516
3 0.961108 0.617005 0.077784 0.074388
5 0.576853 0.555847 0.083062 0.154608
5 0.785632 0.214884 0.390116 0.365652
0 0.934498 0.120203 0.130766 0.240132
3 0.780764 0.652978 0.041176 0.038553
3 0.980039 0.792966 0.039034 0.052348
3 0.656838 0.653269 0.063908 0.042337
5 0.808517 0.708952 0.337789 0.580671
5 0.750866 0.686421 0.146118 0.291280
5 0.525690 0.199118 0.235534 0.397941
4 0.757215 0.317788 0.167393 0.152594
4 0.589624 0.840023 0.242746 0.318915
5 0.593498 0.601092 0.069487 0.140130
5 0.445961 0.540870 0.035217 0.047276
0 0.419838 0.497929 0.024681 0.080193
5 0.937433 0.820596 0.125134 0.358809
0 0.468635 0.518506 0.029026 0.038997
4 0.593386 0.646485 0.055647 0.062060
4 0.839016 0.831620 0.320603 0.336654
4 0.758261 0.748206 0.089594 0.157402
4 0.465843 0.336791 0.115571 0.125077
0 0.020282 0.071430 0.040534 0.064751
5 0.433081 0.510431 0.048121 0.116482
5 0.116888 0.249017 0.233099 0.300193
5 0.046791 0.210545 0.093583 0.374850
5 0.889728 0.198979 0.219838 0.397801
5 0.717320 0.753777 0.204451 0.484079
5 0.928065 0.699389 0.143871 0.598915
5 0.468043 0.524227 0.027225 0.040192
4 0.014146 0.270711 0.028051 0.259653
5 0.029960 0.204253 0.059920 0.395458
0 0.446056 0.541832 0.033846 0.046103
5 0.495541 0.291861 0.171562 0.213056
3 0.574781 0.585862 0.031568 0.032175
