7 0.145406 0.498721 0.075297 0.151795
7 0.459869 0.477693 0.076620 0.128242
7 0.765768 0.509585 0.069897 0.149530
7 0.706257 0.465027 0.070484 0.137758
7 0.548591 0.482124 0.064129 0.123180
7 0.218404 0.491331 0.064352 0.133685
0 0.537378 0.326841 0.026982 0.029214
7 0.845542 0.500417 0.074883 0.159805
7 0.383878 0.461099 0.067136 0.115345
5 0.547287 0.537330 0.084511 0.362614
5 0.145581 0.546797 0.089772 0.376230
5 0.463028 0.531054 0.083482 0.354497
0 0.705987 0.349029 0.031861 0.034905
0 0.146825 0.380012 0.038110 0.036075
0 0.222857 0.387781 0.031268 0.030097
0 0.789719 0.326681 0.035514 0.034245
0 0.167771 0.339842 0.034070 0.034552
0 0.251929 0.342095 0.030183 0.030506
7 0.592909 0.454502 0.052516 0.124877
7 0.634615 0.486753 0.071589 0.137204
0 0.465173 0.371695 0.032512 0.034444
5 0.844135 0.561034 0.100053 0.428031
5 0.761849 0.558216 0.095230 0.407008
0 0.503158 0.357609 0.029310 0.028826
0 0.767168 0.388686 0.038270 0.041285
0 0.287044 0.374139 0.031099 0.036168
0 0.378331 0.366403 0.031664 0.032617
0 0.331938 0.343842 0.030672 0.031639
0 0.546498 0.377120 0.034631 0.035389
0 0.844955 0.363096 0.038935 0.036705
0 0.415492 0.351375 0.028050 0.029527
7 0.504548 0.452247 0.050132 0.110974
0 0.584422 0.347941 0.029416 0.032484
0 0.632922 0.371736 0.031061 0.032445
0 0.447661 0.334389 0.025852 0.029599
3 0.534904 0.357438 0.015269 0.015938
0 0.670480 0.359165 0.027750 0.030695
5 0.219072 0.540735 0.075029 0.338662
3 0.844533 0.402782 0.023983 0.024990
0 0.615511 0.339758 0.026179 0.027355
5 0.293800 0.530550 0.073952 0.347356
5 0.425322 0.487617 0.062511 0.318465
7 0.294061 0.478200 0.060927 0.142937
5 0.184473 0.502111 0.057569 0.335782
7 0.335199 0.444731 0.063085 0.111794
3 0.333153 0.378706 0.019027 0.016808
3 0.706904 0.388255 0.019932 0.019841
5 0.504906 0.509067 0.054784 0.316615
5 0.338192 0.500358 0.064436 0.335600
3 0.417331 0.381222 0.017797 0.016180
5 0.257141 0.478516 0.054219 0.304925
3 0.585718 0.383333 0.018800 0.017684
5 0.594495 0.500797 0.056752 0.322115
5 0.698473 0.530620 0.077900 0.370737
5 0.803178 0.499019 0.061719 0.354551
5 0.638610 0.527692 0.070908 0.349847
7 0.184080 0.434159 0.041334 0.084938
3 0.170262 0.373493 0.016541 0.018946
3 0.380421 0.403378 0.020167 0.017537
3 0.632431 0.411572 0.019722 0.017852
7 0.256996 0.448235 0.040668 0.098806
7 0.801581 0.440972 0.044134 0.118858
5 0.665812 0.490459 0.057210 0.293527
5 0.392463 0.523136 0.068831 0.349715
5 0.410449 0.516789 0.052211 0.335841
3 0.547764 0.413360 0.020473 0.017926
7 0.541872 0.385862 0.049283 0.049977
7 0.421495 0.430172 0.054965 0.077739
3 0.504094 0.388308 0.018774 0.014492
3 0.151108 0.416079 0.019715 0.019151
5 0.539896 0.367527 0.051982 0.117529
3 0.789963 0.364800 0.020492 0.019824
3 0.224789 0.420024 0.019836 0.018921
3 0.763408 0.427548 0.018064 0.019674
3 0.670449 0.397275 0.018269 0.016929
3 0.253231 0.378502 0.020267 0.016610
7 0.255517 0.416312 0.041201 0.034078
3 0.224456 0.425504 0.018260 0.016860
5 0.613667 0.525722 0.057852 0.353257
3 0.464851 0.410899 0.018925 0.015960
5 0.538709 0.469750 0.056498 0.328653
7 0.661099 0.473679 0.043085 0.121785
3 0.289021 0.411580 0.019112 0.015224
5 0.176697 0.431178 0.065187 0.224991
7 0.624107 0.395431 0.041787 0.051835
3 0.670939 0.402300 0.018508 0.014269
3 0.584852 0.387175 0.019035 0.016111
7 0.668125 0.432224 0.041478 0.065933
8 0.216072 0.953250 0.176194 0.093419
3 0.252371 0.373548 0.018263 0.013845
5 0.462260 0.159342 0.025378 0.085770
3 0.445817 0.360749 0.016120 0.014686
5 0.187612 0.529005 0.032890 0.336600
7 0.441184 0.392241 0.022302 0.019954
7 0.526662 0.387239 0.025375 0.034968
5 0.607066 0.459141 0.047769 0.266621
5 0.465952 0.485119 0.050627 0.306033
7 0.657583 0.421463 0.022521 0.038833
7 0.434460 0.402443 0.033291 0.032792
7 0.462474 0.146709 0.017642 0.039078
7 0.799187 0.418001 0.037440 0.069786
7 0.519807 0.381680 0.026939 0.036853
7 0.457612 0.143512 0.016496 0.035287
7 0.609910 0.398153 0.023285 0.029061
3 0.537662 0.359439 0.015255 0.013431
3 0.787844 0.368895 0.019589 0.018367
