7 0.525266 0.447945 0.053553 0.117653
7 0.708366 0.441314 0.046449 0.095584
7 0.134232 0.430521 0.057937 0.122141
7 0.653477 0.441087 0.054863 0.108850
7 0.431192 0.531677 0.191442 0.345930
0 0.304396 0.266386 0.090347 0.095735
5 0.653948 0.498285 0.078557 0.310412
0 0.420288 0.286735 0.082340 0.083997
0 0.515868 0.358976 0.031570 0.035157
7 0.272298 0.495928 0.193903 0.333282
5 0.703427 0.489484 0.069034 0.262691
5 0.271137 0.602625 0.214348 0.787648
0 0.168949 0.340175 0.045035 0.054326
7 0.480041 0.415480 0.056023 0.085584
5 0.134601 0.494804 0.078543 0.337412
5 0.416739 0.610942 0.190172 0.771796
3 0.421418 0.369186 0.041484 0.041721
3 0.303801 0.345740 0.041578 0.041717
0 0.462400 0.351871 0.033491 0.028658
0 0.692156 0.374834 0.029252 0.035086
5 0.522714 0.502245 0.075559 0.320754
7 0.182729 0.443176 0.062871 0.137074
5 0.184879 0.512041 0.084852 0.395430
0 0.143526 0.351804 0.028140 0.044036
5 0.937249 0.527979 0.041975 0.316017
5 0.484824 0.482992 0.087674 0.299810
5 0.378411 0.370600 0.028098 0.042319
0 0.648095 0.363567 0.032948 0.036057
0 0.377894 0.367282 0.024980 0.035539
0 0.668991 0.376315 0.018877 0.026896
3 0.168053 0.379178 0.015060 0.017487
0 0.149966 0.343081 0.033360 0.048226
7 0.943839 0.462232 0.027545 0.112229
5 0.678696 0.491538 0.049297 0.195368
3 0.515853 0.389892 0.013749 0.015264
