2 0.425158 0.083613 0.062184 0.045185
1 0.712105 0.194833 0.056262 0.070663
2 0.533362 0.097897 0.073105 0.062804
1 0.437150 0.152757 0.045132 0.060245
1 0.956839 0.118273 0.054870 0.083618
1 0.162484 0.191311 0.038181 0.042325
2 0.937432 0.032687 0.088072 0.065250
1 0.068102 0.204335 0.038440 0.043335
4 0.708825 0.376723 0.110217 0.278703
2 0.287795 0.174774 0.056217 0.055065
2 0.694270 0.117206 0.065783 0.054108
4 0.522460 0.346955 0.119079 0.272002
1 0.556605 0.175521 0.036567 0.063603
4 0.156454 0.309590 0.096929 0.175724
4 0.264544 0.307587 0.079692 0.149844
4 0.408527 0.305461 0.096022 0.260131
5 0.056350 0.408550 0.111852 0.546275
5 0.144294 0.437891 0.158639 0.619292
2 0.158064 0.146926 0.042905 0.036100
5 0.511763 0.509720 0.177958 0.886153
4 0.622155 0.304543 0.048161 0.131335
5 0.708554 0.505106 0.153490 0.887246
1 0.286298 0.236276 0.037843 0.039774
5 0.624035 0.277092 0.054760 0.185630
2 0.063959 0.155726 0.042303 0.027190
5 0.258328 0.454282 0.125460 0.638560
4 0.907663 0.304886 0.099323 0.293213
4 0.050164 0.303543 0.060411 0.139522
5 0.943822 0.510566 0.112201 0.962545
5 0.895602 0.488171 0.161004 0.931236
5 0.391246 0.463777 0.146538 0.766806
2 0.628655 0.203940 0.030141 0.035323
4 0.970259 0.398490 0.058991 0.381503
4 0.973278 0.320415 0.053173 0.199544
5 0.865411 0.480582 0.087536 0.929059
5 0.629111 0.243556 0.043411 0.114395
2 0.646318 0.201925 0.017267 0.030383
5 0.050323 0.298366 0.098067 0.310251
5 0.693703 0.675768 0.121340 0.648464
4 0.106368 0.309849 0.068368 0.184684
4 0.342914 0.298439 0.052490 0.179743
