8 0.533729 0.336024 0.129921 0.111424
8 0.138519 0.480643 0.217641 0.153615
8 0.467047 0.621689 0.359608 0.259890
8 0.308824 0.310171 0.297930 0.304162
8 0.709657 0.367550 0.563959 0.462150
5 0.811923 0.399757 0.030289 0.087394
5 0.323828 0.563637 0.020369 0.028821
9 0.899894 0.200833 0.047379 0.022280
5 0.340831 0.359616 0.020940 0.048211
9 0.886824 0.267370 0.025832 0.028340
9 0.857914 0.266463 0.027491 0.030068
5 0.051592 0.468521 0.014951 0.024826
5 0.347644 0.355880 0.023761 0.045538
9 0.684330 0.272124 0.029040 0.018343
9 0.856564 0.204494 0.032060 0.023854
9 0.682980 0.277602 0.026458 0.017449
9 0.653380 0.278965 0.020299 0.021459
9 0.646977 0.280028 0.014246 0.020694
9 0.674573 0.269584 0.023278 0.017750
8 0.013668 0.323605 0.027226 0.091558
9 0.794644 0.269379 0.014053 0.021153
9 0.653436 0.269512 0.022586 0.021897
9 0.673630 0.277403 0.019879 0.018912
5 0.354100 0.353973 0.017828 0.037233
9 0.647852 0.274420 0.018152 0.030502
9 0.706514 0.279412 0.015295 0.014592
9 0.714780 0.280762 0.017659 0.013456
9 0.690782 0.279177 0.022586 0.016618
