5 0.725767 0.771621 0.054867 0.243289
5 0.738227 0.631468 0.043527 0.119949
9 0.229465 0.614614 0.036154 0.027788
9 0.128346 0.738990 0.043169 0.051966
8 0.812536 0.600132 0.027891 0.038392
9 0.660997 0.580829 0.028254 0.024970
0 0.751651 0.581351 0.018208 0.028244
9 0.700268 0.575187 0.025512 0.022326
4 0.730104 0.724616 0.027652 0.076226
4 0.738324 0.615193 0.028868 0.052931
9 0.076169 0.745006 0.026211 0.029216
8 0.981325 0.591371 0.032483 0.036998
0 0.737529 0.662907 0.022612 0.033300
9 0.855886 0.600404 0.036614 0.026642
8 0.271791 0.745047 0.082973 0.103853
8 0.497480 0.181032 0.967367 0.359760
9 0.725856 0.569299 0.025019 0.021195
8 0.031609 0.720802 0.063217 0.347476
