2 0.466356 0.445716 0.060453 0.091798
4 0.555603 0.441670 0.075594 0.144363
4 0.456580 0.654204 0.090125 0.224850
5 0.465458 0.627355 0.117260 0.460874
8 0.679591 0.436827 0.622102 0.805195
2 0.571533 0.323142 0.039232 0.047847
5 0.554779 0.508245 0.093431 0.421825
8 0.482968 0.463298 0.233883 0.752763
3 0.568699 0.383011 0.024217 0.034206
8 0.953485 0.560767 0.092964 0.444408
3 0.483472 0.519873 0.017985 0.037786
5 0.750364 0.801116 0.060944 0.107426
4 0.746637 0.781228 0.031786 0.059741
8 0.812385 0.583604 0.375231 0.555634
